3 0.32708333333333334 0.8333333333333334 0.078125 0.15555555555555556
17 0.058333333333333334 0.29907407407407405 0.08489583333333334 0.1685185185185185
54 0.3958333333333333 0.3490740740740741 0.04010416666666667 0.08055555555555556
44 0.4484375 0.8222222222222222 0.009895833333333333 0.021296296296296296
3 0.9833333333333333 0.7814814814814814 0.016666666666666666 0.06296296296296296
59 0.9635416666666666 0.10185185185185185 0.036458333333333336 0.15185185185185185
48 0.11979166666666667 0.24166666666666667 0.04375 0.08796296296296297
48 0.15104166666666666 0.6407407407407407 0.009375 0.019444444444444445
25 0.2760416666666667 0.6722222222222223 0.0390625 0.07777777777777778
50 0.9572916666666667 0.05462962962962963 0.042708333333333334 0.15185185185185185
35 0.2635416666666667 0.700925925925926 0.03177083333333333 0.06388888888888888
52 0.3411458333333333 0.24814814814814815 0.01875 0.03796296296296296
52 0.9197916666666667 0.25092592592592594 0.08020833333333334 0.17037037037037037
20 0.1640625 0.3453703703703704 0.09114583333333333 0.18055555555555555
38 0.19166666666666668 0.7509259259259259 0.09166666666666666 0.1824074074074074
63 0.4635416666666667 0.6472222222222223 0.0859375 0.1712962962962963
17 0.8583333333333333 0.637962962962963 0.07708333333333334 0.1537037037037037
58 0.40729166666666666 0.31666666666666665 0.028645833333333332 0.05740740740740741
50 0.4921875 0.27314814814814814 0.07604166666666666 0.15185185185185185
42 0.22447916666666667 0.8657407407407407 0.03958333333333333 0.07962962962962963
