6 0.3453125 0.8222222222222222 0.035416666666666666 0.07037037037037037
9 0.5697916666666667 0.5055555555555555 0.028645833333333332 0.05740740740740741
3 0.6723958333333333 0.15648148148148147 0.04375 0.08703703703703704
28 0.3020833333333333 0.0 0.0765625 0.13055555555555556
5 0.44375 0.7101851851851851 0.06302083333333333 0.125
39 0.8885416666666667 0.7268518518518519 0.0390625 0.0787037037037037
14 0.7005208333333334 0.47962962962962963 0.0546875 0.10833333333333334
16 0.3020833333333333 0.19537037037037036 0.008854166666666666 0.018518518518518517
2 0.30625 0.03796296296296296 0.06510416666666667 0.12962962962962962
18 0.4708333333333333 0.4925925925925926 0.04479166666666667 0.08981481481481482
2 0.14270833333333333 0.6 0.0171875 0.03518518518518519
16 0.17864583333333334 0.0 0.025 0.007407407407407408
58 0.3963541666666667 0.5509259259259259 0.03958333333333333 0.0787037037037037
40 0.0328125 0.8481481481481481 0.015104166666666667 0.030555555555555555
14 0.1140625 0.0 0.0828125 0.07314814814814814
7 0.43020833333333336 0.08518518518518518 0.030208333333333334 0.06111111111111111
56 0.15520833333333334 0.8648148148148148 0.04114583333333333 0.0824074074074074
35 0.93125 0.0 0.06822916666666666 0.02962962962962963
54 0.6536458333333334 0.6037037037037037 0.0828125 0.1648148148148148
11 0.5203125 0.07592592592592592 0.08854166666666667 0.17592592592592593
