e 0.00625 0.9472222222222222 0.01875 1.9324074074074074
M 0.00625 0.9472222222222222 0.01875 1.9324074074074074
T 0.00625 0.9472222222222222 0.01875 1.9324074074074074
q 0.00625 0.9472222222222222 0.01875 1.9324074074074074
n 0.00625 0.9472222222222222 0.01875 1.9324074074074074
a 0.00625 0.9472222222222222 0.01875 1.9324074074074074
B 0.00625 0.9472222222222222 0.01875 1.9324074074074074
V 0.00625 0.9472222222222222 0.01875 1.9324074074074074
h 0.00625 0.9472222222222222 0.01875 1.9324074074074074
P 0.00625 0.9472222222222222 0.01875 1.9324074074074074
i 0.00625 0.9472222222222222 0.01875 1.9324074074074074
k 0.00625 0.9472222222222222 0.01875 1.9324074074074074
g 0.00625 0.9472222222222222 0.01875 1.9324074074074074
s 0.00625 0.9472222222222222 0.01875 1.9324074074074074
Q 0.00625 0.9472222222222222 0.01875 1.9324074074074074
V 0.00625 0.9472222222222222 0.01875 1.9324074074074074
J 0.00625 0.9472222222222222 0.01875 1.9324074074074074
v 0.00625 0.9472222222222222 0.01875 1.9324074074074074
G 0.00625 0.9472222222222222 0.01875 1.9324074074074074
N 0.00625 0.9472222222222222 0.01875 1.9324074074074074
