49 0.03333333333333333 0.6157407407407407 0.06614583333333333 0.13240740740740742
22 0.06354166666666666 0.7574074074074074 0.042708333333333334 0.08518518518518518
48 0.5911458333333334 0.04259259259259259 0.071875 0.1425925925925926
30 0.10052083333333334 0.7361111111111112 0.08333333333333333 0.16574074074074074
49 0.6734375 0.6962962962962963 0.042708333333333334 0.08518518518518518
4 0.45625 0.5824074074074074 0.08125 0.16203703703703703
29 0.4354166666666667 0.49722222222222223 0.04895833333333333 0.09722222222222222
28 0.9598958333333333 0.5259259259259259 0.04010416666666667 0.09166666666666666
52 0.06927083333333334 0.762962962962963 0.04895833333333333 0.09722222222222222
61 0.2015625 0.6833333333333333 0.0515625 0.10277777777777777
38 0.0390625 0.712037037037037 0.075 0.14907407407407408
3 0.15833333333333333 0.1648148148148148 0.01875 0.03796296296296296
52 0.7421875 0.7916666666666666 0.06302083333333333 0.1259259259259259
35 0.7276041666666667 0.6935185185185185 0.0265625 0.05277777777777778
13 0.1109375 0.8759259259259259 0.0125 0.025925925925925925
11 0.47604166666666664 0.9009259259259259 0.033854166666666664 0.06759259259259259
19 0.6541666666666667 0.026851851851851852 0.08020833333333334 0.15925925925925927
43 0.30520833333333336 0.3537037037037037 0.020833333333333332 0.04259259259259259
9 0.5796875 0.44166666666666665 0.0140625 0.028703703703703703
39 0.8098958333333334 0.7527777777777778 0.06197916666666667 0.12407407407407407
