2 0.446875 0.8898148148148148 0.05260416666666667 0.10555555555555556
31 0.20572916666666666 0.03518518518518519 0.040625 0.08148148148148149
62 0.13854166666666667 0.04259259259259259 0.08385416666666666 0.16666666666666666
32 0.5161458333333333 0.4101851851851852 0.06197916666666667 0.12314814814814815
15 0.9041666666666667 0.8435185185185186 0.07135416666666666 0.14166666666666666
36 0.38333333333333336 0.0 0.026041666666666668 0.009259259259259259
22 0.5447916666666667 0.0 0.0578125 0.07314814814814814
27 0.8296875 0.03425925925925926 0.03177083333333333 0.06388888888888888
25 0.40572916666666664 0.0 0.034375 0.025925925925925925
39 0.65 0.5935185185185186 0.07395833333333333 0.14722222222222223
31 0.17135416666666667 0.05925925925925926 0.053125 0.10555555555555556
4 0.596875 0.37222222222222223 0.016145833333333335 0.03333333333333333
36 0.7890625 0.6231481481481481 0.058333333333333334 0.11574074074074074
17 0.8604166666666667 0.1425925925925926 0.018229166666666668 0.037037037037037035
20 0.7854166666666667 0.15555555555555556 0.09010416666666667 0.1787037037037037
14 0.6333333333333333 0.13518518518518519 0.0859375 0.17037037037037037
32 0.9901041666666667 0.5601851851851852 0.009895833333333333 0.1824074074074074
29 0.7817708333333333 0.47962962962962963 0.065625 0.13055555555555556
4 0.25 0.7101851851851851 0.03125 0.06296296296296296
27 0.9817708333333334 0.13333333333333333 0.018229166666666668 0.11296296296296296
