2 0.30052083333333335 0.1388888888888889 0.07083333333333333 0.4185185185185185
E 0.22239583333333332 0.021296296296296296 0.09010416666666667 0.2222222222222222
9 0.7427083333333333 0.2814814814814815 0.0234375 0.6101851851851852
Q 0.6536458333333334 0.1685185185185185 0.034895833333333334 0.4064814814814815
Q 0.559375 0.07685185185185185 0.05 0.25277777777777777
B 0.3880208333333333 0.05925925925925926 0.028645833333333332 0.17592592592592593
C 0.5171875 0.850925925925926 0.009375 1.7212962962962963
m 0.13854166666666667 0.9462962962962963 0.019270833333333334 1.9314814814814816
P 0.7302083333333333 0.18796296296296297 0.009895833333333333 0.3972222222222222
N 0.48385416666666664 0.3611111111111111 0.0890625 0.899074074074074
x 0.13072916666666667 0 0.084375 0.12777777777777777
u 0.9177083333333333 0 0.06145833333333333 -0.03981481481481482
u 0.7963541666666667 0.7425925925925926 0.04479166666666667 1.5740740740740742
F 0.4166666666666667 0.7018518518518518 0.09010416666666667 1.5824074074074075
d 0.3125 0 0.0734375 -0.0787037037037037
e 0.3578125 0.030555555555555555 0.084375 0.22870370370370371
W 0.016666666666666666 0.03148148148148148 0.0484375 0.15925925925925927
h 0.8520833333333333 0.2898148148148148 0.07395833333333333 0.7268518518518519
o 0.19635416666666666 0.6768518518518518 0.0296875 1.413888888888889
G 0.5385416666666667 0.46944444444444444 0.03333333333333333 1.0064814814814815
