38 0.4828125 0.562962962962963 0.011979166666666667 0.025
3 0.3463541666666667 0.14166666666666666 0.018229166666666668 0.037037037037037035
53 0.23802083333333332 0.7546296296296297 0.019791666666666666 0.03981481481481482
41 0.010416666666666666 0.0 0.0578125 0.07685185185185185
31 0.32708333333333334 0.8324074074074074 0.046875 0.09351851851851851
17 0.8708333333333333 0.5731481481481482 0.017708333333333333 0.03611111111111111
48 0.14583333333333334 0.8231481481481482 0.015104166666666667 0.03148148148148148
37 0.15572916666666667 0.7722222222222223 0.0671875 0.13425925925925927
57 0.35 0.26296296296296295 0.09166666666666666 0.1814814814814815
57 0.8171875 0.4222222222222222 0.022916666666666665 0.046296296296296294
24 0.7197916666666667 0.725925925925926 0.011458333333333333 0.024074074074074074
13 0.003125 0.7916666666666666 0.08020833333333334 0.15925925925925927
2 0.6338541666666667 0.8148148148148148 0.0109375 0.023148148148148147
58 0.5328125 0.5148148148148148 0.065625 0.13055555555555556
58 0.2682291666666667 0.6268518518518519 0.050520833333333334 0.10092592592592593
36 0.5645833333333333 0.1648148148148148 0.0625 0.125
5 0.2791666666666667 0.13518518518518519 0.011458333333333333 0.024074074074074074
18 0.3307291666666667 0.3 0.065625 0.13055555555555556
52 0.6520833333333333 0.19074074074074074 0.08697916666666666 0.17314814814814813
20 0.4192708333333333 0.0 0.05572916666666667 0.06018518518518518
