d 0.2755208333333333 0.35462962962962963 0.035416666666666666 0.7805555555555556
g 0.2755208333333333 0.35462962962962963 0.035416666666666666 0.7805555555555556
4 0.2755208333333333 0.35462962962962963 0.035416666666666666 0.7805555555555556
o 0.2755208333333333 0.35462962962962963 0.035416666666666666 0.7805555555555556
G 0.2755208333333333 0.35462962962962963 0.035416666666666666 0.7805555555555556
8 0.2755208333333333 0.35462962962962963 0.035416666666666666 0.7805555555555556
W 0.2755208333333333 0.35462962962962963 0.035416666666666666 0.7805555555555556
u 0.2755208333333333 0.35462962962962963 0.035416666666666666 0.7805555555555556
9 0.2755208333333333 0.35462962962962963 0.035416666666666666 0.7805555555555556
l 0.2755208333333333 0.35462962962962963 0.035416666666666666 0.7805555555555556
M 0.2755208333333333 0.35462962962962963 0.035416666666666666 0.7805555555555556
k 0.2755208333333333 0.35462962962962963 0.035416666666666666 0.7805555555555556
S 0.2755208333333333 0.35462962962962963 0.035416666666666666 0.7805555555555556
D 0.2755208333333333 0.35462962962962963 0.035416666666666666 0.7805555555555556
a 0.2755208333333333 0.35462962962962963 0.035416666666666666 0.7805555555555556
R 0.2755208333333333 0.35462962962962963 0.035416666666666666 0.7805555555555556
h 0.2755208333333333 0.35462962962962963 0.035416666666666666 0.7805555555555556
J 0.2755208333333333 0.35462962962962963 0.035416666666666666 0.7805555555555556
1 0.2755208333333333 0.35462962962962963 0.035416666666666666 0.7805555555555556
a 0.2755208333333333 0.35462962962962963 0.035416666666666666 0.7805555555555556
