n 0.15885416666666666 0.07592592592592592 0.050520833333333334 0.25277777777777777
R 0.15885416666666666 0.07592592592592592 0.050520833333333334 0.25277777777777777
Q 0.15885416666666666 0.07592592592592592 0.050520833333333334 0.25277777777777777
E 0.15885416666666666 0.07592592592592592 0.050520833333333334 0.25277777777777777
d 0.15885416666666666 0.07592592592592592 0.050520833333333334 0.25277777777777777
e 0.15885416666666666 0.07592592592592592 0.050520833333333334 0.25277777777777777
7 0.15885416666666666 0.07592592592592592 0.050520833333333334 0.25277777777777777
F 0.15885416666666666 0.07592592592592592 0.050520833333333334 0.25277777777777777
F 0.15885416666666666 0.07592592592592592 0.050520833333333334 0.25277777777777777
2 0.15885416666666666 0.07592592592592592 0.050520833333333334 0.25277777777777777
o 0.15885416666666666 0.07592592592592592 0.050520833333333334 0.25277777777777777
i 0.15885416666666666 0.07592592592592592 0.050520833333333334 0.25277777777777777
j 0.15885416666666666 0.07592592592592592 0.050520833333333334 0.25277777777777777
X 0.15885416666666666 0.07592592592592592 0.050520833333333334 0.25277777777777777
3 0.15885416666666666 0.07592592592592592 0.050520833333333334 0.25277777777777777
k 0.15885416666666666 0.07592592592592592 0.050520833333333334 0.25277777777777777
G 0.15885416666666666 0.07592592592592592 0.050520833333333334 0.25277777777777777
m 0.15885416666666666 0.07592592592592592 0.050520833333333334 0.25277777777777777
k 0.15885416666666666 0.07592592592592592 0.050520833333333334 0.25277777777777777
t 0.15885416666666666 0.07592592592592592 0.050520833333333334 0.25277777777777777
