54 0.6348958333333333 0.7509259259259259 0.0546875 0.10925925925925926
54 0.9927083333333333 0.1814814814814815 0.007291666666666667 0.021296296296296296
38 0.3151041666666667 0.0 0.08229166666666667 0.026851851851851852
33 0.5260416666666666 0.19166666666666668 0.0140625 0.028703703703703703
63 0.7286458333333333 0.06018518518518518 0.0484375 0.0962962962962963
40 0.265625 0.48333333333333334 0.07760416666666667 0.1537037037037037
46 0.3921875 0.8518518518518519 0.028645833333333332 0.05740740740740741
60 0.15677083333333333 0.0 0.04114583333333333 0.075
17 0.8348958333333333 0.9546296296296296 0.021354166666666667 0.04259259259259259
40 0.22604166666666667 0.8194444444444444 0.0171875 0.03425925925925926
28 0.865625 0.37777777777777777 0.04375 0.08703703703703704
61 0.5630208333333333 0.7620370370370371 0.0765625 0.15185185185185185
5 0.46197916666666666 0.3527777777777778 0.06979166666666667 0.1388888888888889
59 0.24375 0.21388888888888888 0.0796875 0.15833333333333333
52 0.30416666666666664 0.6157407407407407 0.0203125 0.041666666666666664
54 0.07760416666666667 0.4583333333333333 0.035416666666666666 0.07037037037037037
38 0.9671875 0.7444444444444445 0.0328125 0.1175925925925926
11 0.17552083333333332 0.5148148148148148 0.08333333333333333 0.16574074074074074
21 0.26510416666666664 0.6787037037037037 0.0125 0.025
34 0.27291666666666664 0.06296296296296296 0.0375 0.075
