v 0.041666666666666664 0.7824074074074074 0.0078125 0.016666666666666666
Q 0.3567708333333333 0.36666666666666664 0.0484375 0.09722222222222222
m 0.9640625 0.14907407407407408 0.0359375 0.09722222222222222
L 0.16510416666666666 0.007407407407407408 0.008854166666666666 0.018518518518518517
H 0.721875 0.33796296296296297 0.008854166666666666 0.018518518518518517
K 0.7979166666666667 0.07222222222222222 0.019270833333333334 0.03888888888888889
p 0.8338541666666667 0.0 0.058854166666666666 0.03333333333333333
d 0.050520833333333334 0.17222222222222222 0.08020833333333334 0.15925925925925927
q 0.2786458333333333 0.22870370370370371 0.03802083333333333 0.07592592592592592
c 0.18333333333333332 0.6472222222222223 0.06197916666666667 0.12314814814814815
p 0.7036458333333333 0.3527777777777778 0.029166666666666667 0.058333333333333334
H 0.029166666666666667 0.4444444444444444 0.075 0.14907407407407408
f 0.021875 0.6768518518518518 0.024479166666666666 0.05
u 0.38125 0.14629629629629629 0.013020833333333334 0.026851851851851852
n 0.7677083333333333 0.5305555555555556 0.036458333333333336 0.07314814814814814
a 0.6296875 0.862037037037037 0.06041666666666667 0.12037037037037036
I 0.29791666666666666 0.5944444444444444 0.06302083333333333 0.125
E 0.12291666666666666 0.0 0.07916666666666666 0.10925925925925926
4 0.9911458333333333 0.0 0.008854166666666666 0.025
A 0.6411458333333333 0.39537037037037037 0.06510416666666667 0.12962962962962962
