0 0.9364583333333333 0.18333333333333332 0.059895833333333336 0.48518518518518516
b 0.5786458333333333 0.9064814814814814 0.041666666666666664 1.8962962962962964
2 0.9776041666666667 0.3398148148148148 0.0265625 0.7333333333333333
8 0.909375 0.8462962962962963 0.05364583333333333 1.799074074074074
s 0.8489583333333334 0.7083333333333334 0.029166666666666667 1.475
5 0.8203125 0 0.05260416666666667 0.06018518518518518
Q 0.6651041666666667 0.19907407407407407 0.05364583333333333 0.5046296296296297
c 0.5526041666666667 0.15648148148148147 0.06927083333333334 0.45
Q 0.9984375 0.2490740740740741 0.0625 0.6222222222222222
9 0.8140625 0.4444444444444444 0.07604166666666666 1.0407407407407407
h 0.25416666666666665 0.5314814814814814 0.06458333333333334 1.1907407407407407
L 0.2265625 0.37777777777777777 0.08489583333333334 0.924074074074074
F 0.6416666666666667 0.38333333333333336 0.0109375 0.7888888888888889
H 0.6973958333333333 0.33240740740740743 0.084375 0.8333333333333334
Y 0.5114583333333333 0.2814814814814815 0.08020833333333334 0.7222222222222222
3 0.8333333333333334 0.5537037037037037 0.0421875 1.1916666666666667
l 0.5057291666666667 0.05925925925925926 0.016666666666666666 0.15185185185185185
m 0.9338541666666667 0.5111111111111111 0.030208333333333334 1.0833333333333333
W 0.9645833333333333 0.5333333333333333 0.0046875 1.076851851851852
6 0.6932291666666667 0.8231481481481482 0.03697916666666667 1.7203703703703703
