0 0.23333333333333334 0.7527777777777778 0.04739583333333333 1.6
i 0.5567708333333333 0.4685185185185185 0.06979166666666667 1.075925925925926
C 0.005208333333333333 0.5583333333333333 0.075 1.2657407407407408
N 0.36354166666666665 0.08333333333333333 0.0703125 0.30648148148148147
b 0.09166666666666666 0.08888888888888889 0.0890625 0.35462962962962963
n 0.11770833333333333 0.7851851851851852 0.05520833333333333 1.6796296296296296
j 0.078125 0.03981481481481482 0.0067708333333333336 0.09444444444444444
y 0.3182291666666667 0.40555555555555556 0.0203125 0.8527777777777777
y 0.057291666666666664 0.13148148148148148 0.09010416666666667 0.4425925925925926
G 0.13125 0.5351851851851852 0.0484375 1.1666666666666667
7 0.7427083333333333 0.46111111111111114 0.06927083333333334 1.0601851851851851
s 0.2484375 0.7574074074074074 0.06354166666666666 1.6416666666666666
U 0.6666666666666666 0.5962962962962963 0.050520833333333334 1.2935185185185185
y 0.6567708333333333 0.21481481481481482 0.08125 0.5907407407407408
i 0.5041666666666667 0.9064814814814814 0.040625 1.8935185185185186
8 0.5630208333333333 0.09074074074074075 0.08177083333333333 0.34444444444444444
j 0.140625 0.7462962962962963 0.015104166666666667 1.5240740740740741
E 0.7072916666666667 0.27314814814814814 0.052083333333333336 0.65
A 0.8645833333333334 0.48518518518518516 0.0109375 0.9925925925925926
M 0.9109375 0.6148148148148148 0.016145833333333335 1.262962962962963
