1 0.5302083333333333 0.02962962962962963 0.075 0.20833333333333334
3 0.3697916666666667 0.375 0.08958333333333333 0.9287037037037037
B 0.878125 0.07222222222222222 0.046875 0.23796296296296296
y 0.7942708333333334 0.4222222222222222 0.019791666666666666 0.8851851851851852
e 0.5192708333333333 0.8453703703703703 0.04375 1.7777777777777777
K 0.5151041666666667 0.17592592592592593 0.0921875 0.5351851851851852
B 0.7119791666666667 0.4009259259259259 0.06666666666666667 0.9342592592592592
P 0.134375 0.21481481481481482 0.06354166666666666 0.5564814814814815
6 0.865625 0.05648148148148148 0.024479166666666666 0.16296296296296298
c 0.9895833333333334 0.5879629629629629 0.075 1.325
P 0.49114583333333334 0.45092592592592595 0.0890625 1.0787037037037037
O 0.6307291666666667 0.016666666666666666 0.07708333333333334 0.18703703703703703
B 0.69375 0.2037037037037037 0.04479166666666667 0.4962962962962963
V 0.8505208333333333 0.20555555555555555 0.046875 0.5055555555555555
8 0.84375 0.31574074074074077 0.0203125 0.6722222222222223
Z 0.21145833333333333 0.2962962962962963 0.08385416666666666 0.7592592592592593
5 0.5864583333333333 0.8824074074074074 0.019270833333333334 1.8037037037037038
b 0.8520833333333333 0.6101851851851852 0.0890625 1.3972222222222221
T 0.19635416666666666 0 0.08541666666666667 -0.05
h 0.7541666666666667 0.7638888888888888 0.019270833333333334 1.5666666666666667
