2 0.9098958333333333 0.4166666666666667 0.0328125 0.899074074074074
H 0.4166666666666667 0.6027777777777777 0.07760416666666667 1.3592592592592592
Z 0.9848958333333333 0.1712962962962963 0.035416666666666666 0.412962962962963
U 0.10989583333333333 0.8796296296296297 0.0296875 1.8194444444444444
3 0.3338541666666667 0.28425925925925927 0.08854166666666667 0.7444444444444445
3 0.19270833333333334 0.24074074074074073 0.05416666666666667 0.5888888888888889
V 0.6203125 0.5657407407407408 0.0328125 1.1972222222222222
M 0.5151041666666667 0.5824074074074074 0.06197916666666667 1.287962962962963
4 0.38229166666666664 0.2722222222222222 0.08802083333333334 0.7185185185185186
B 0.7869791666666667 0.1 0.05520833333333333 0.3101851851851852
Q 0.40625 0.044444444444444446 0.07760416666666667 0.24351851851851852
S 0.8557291666666667 0.5101851851851852 0.08802083333333334 1.1953703703703704
O 0.1578125 0.41388888888888886 0.08489583333333334 0.9962962962962963
u 0.8442708333333333 0.11944444444444445 0.040625 0.32037037037037036
8 0.925 0.4101851851851852 0.07864583333333333 0.9768518518518519
1 0.044270833333333336 0.06018518518518518 0.07916666666666666 0.2777777777777778
5 0.03333333333333333 0.14074074074074075 0.041666666666666664 0.3648148148148148
Q 0.6645833333333333 0.325 0.053125 0.7564814814814815
9 0.7744791666666667 0.562037037037037 0.07291666666666667 1.2694444444444444
h 0.234375 0.09907407407407408 0.033854166666666664 0.2657407407407407
