3 0.5229166666666667 0.013888888888888888 0.021875 0.07222222222222222
n 0.8989583333333333 0.40370370370370373 0.0578125 0.9222222222222223
f 0.4359375 0.462037037037037 0.051041666666666666 1.025925925925926
f 0.9197916666666667 0.7972222222222223 0.078125 1.75
Y 0.1109375 0.44166666666666665 0.0265625 0.9361111111111111
a 0.41354166666666664 0.2972222222222222 0.0640625 0.7222222222222222
l 0.5333333333333333 0.13796296296296295 0.05520833333333333 0.3851851851851852
a 0.50625 0.40185185185185185 0.0453125 0.8935185185185185
S 0.6453125 0.5268518518518519 0.023958333333333335 1.1018518518518519
g 0.8385416666666666 0.4925925925925926 0.022395833333333334 1.0305555555555554
5 0.3765625 0.49722222222222223 0.0078125 1.010185185185185
X 0.42864583333333334 0.20925925925925926 0.06927083333333334 0.5564814814814815
W 0.5703125 0.13703703703703704 0.06302083333333333 0.4
P 0.140625 0.6166666666666667 0.08697916666666666 1.4064814814814814
U 0.7270833333333333 0.21296296296296297 0.044270833333333336 0.5148148148148148
J 0.5328125 0.275 0.06458333333333334 0.6787037037037037
T 0.6739583333333333 0.35833333333333334 0.03229166666666667 0.7814814814814814
t 0.5796875 0.6953703703703704 0.009375 1.4101851851851852
Q 0.4578125 0.625 0.06666666666666667 1.3824074074074073
g 0.5380208333333333 0.36018518518518516 0.04583333333333333 0.812037037037037
