3 0.16145833333333334 0.1259259259259259 0.08802083333333334 0.42685185185185187
P 0.04895833333333333 0.021296296296296296 0.005729166666666666 0.05555555555555555
b 0.9739583333333334 0.14074074074074075 0.036458333333333336 0.35462962962962963
i 0.8979166666666667 0.4046296296296296 0.03125 0.8722222222222222
K 0.9619791666666667 0.3527777777777778 0.04479166666666667 0.7953703703703704
d 0.7166666666666667 0.12314814814814815 0.06822916666666666 0.3824074074074074
T 0.071875 0.10185185185185185 0.005729166666666666 0.21574074074074073
t 0.665625 0 0.06510416666666667 0.10555555555555556
o 0.5192708333333333 0.5351851851851852 0.0859375 1.2407407407407407
V 0.9734375 0.44722222222222224 0.07395833333333333 1.0416666666666667
L 0.6291666666666667 0.55 0.042708333333333334 1.1861111111111111
6 0.9723958333333333 0.3351851851851852 0.029166666666666667 0.7287037037037037
g 0.6140625 0.42685185185185187 0.015625 0.8851851851851852
T 0.3177083333333333 0.3111111111111111 0.023958333333333335 0.6703703703703704
b 0.3145833333333333 0.3962962962962963 0.005729166666666666 0.8046296296296296
1 0.42239583333333336 0.7185185185185186 0.016145833333333335 1.4703703703703703
O 0.23020833333333332 0.549074074074074 0.0875 1.2722222222222221
F 0.6552083333333333 0.44722222222222224 0.016145833333333335 0.9277777777777778
R 0.20677083333333332 0.09259259259259259 0.06927083333333334 0.32222222222222224
c 0.7203125 0.22314814814814815 0.010416666666666666 0.4675925925925926
