3 0.7421875 0.8675925925925926 0.016145833333333335 1.7675925925925926
R 0.6 0 0.04114583333333333 -0.08148148148148149
o 0.12083333333333333 0.5509259259259259 0.08541666666666667 1.2712962962962964
a 0.07760416666666667 0.49444444444444446 0.0828125 1.1527777777777777
E 0.6442708333333333 0.12777777777777777 0.05260416666666667 0.3611111111111111
9 0.32395833333333335 0.09259259259259259 0.06979166666666667 0.32407407407407407
E 0.3578125 0.3416666666666667 0.090625 0.8629629629629629
N 0.8864583333333333 0.6824074074074075 0.011458333333333333 1.387962962962963
R 0.70625 0.44074074074074077 0.034375 0.95
2 0.6921875 0.3638888888888889 0.08854166666666667 0.9037037037037037
v 0.8588541666666667 0 0.07760416666666667 0.15462962962962962
q 0.8885416666666667 0.7287037037037037 0.036458333333333336 1.5305555555555554
W 0.47552083333333334 0.9194444444444444 0.007291666666666667 1.8546296296296296
z 0.5239583333333333 0.837037037037037 0.009375 1.6935185185185184
X 0.5744791666666667 0.7194444444444444 0.025 1.488888888888889
s 0.6796875 0.5972222222222222 0.011979166666666667 1.2185185185185186
X 0.3625 0.6981481481481482 0.07916666666666666 1.5527777777777778
j 0.03333333333333333 0.4583333333333333 0.04010416666666667 0.9972222222222222
B 0.6036458333333333 0.8777777777777778 0.057291666666666664 1.8694444444444445
z 0.9026041666666667 0.5657407407407408 0.03333333333333333 1.1981481481481482
