3 0.7348958333333333 0.4009259259259259 0.03854166666666667 0.8787037037037037
X 0.9286458333333333 0.40370370370370373 0.025 0.8574074074074074
W 0.36354166666666665 0.8416666666666667 0.04375 1.7712962962962964
3 0.9078125 0.22037037037037038 0.008333333333333333 0.4583333333333333
g 0.12239583333333333 0.20833333333333334 0.051041666666666666 0.5185185185185185
U 0.4791666666666667 0 0.09010416666666667 0.17222222222222222
a 0.5479166666666667 0.8203703703703704 0.06979166666666667 1.7796296296296297
m 0.23229166666666667 0.4527777777777778 0.04583333333333333 0.9972222222222222
7 0.5072916666666667 0.7351851851851852 0.0140625 1.499074074074074
P 0.8098958333333334 0.6824074074074075 0.06145833333333333 1.487962962962963
g 0.5328125 0.05925925925925926 0.052083333333333336 0.22314814814814815
l 0.41510416666666666 0.8222222222222222 0.014583333333333334 1.675
q 0.990625 0 0.06822916666666666 -0.053703703703703705
c 0.5307291666666667 0.5064814814814815 0.0359375 1.0851851851851853
d 0.27708333333333335 0.03888888888888889 0.027083333333333334 0.13148148148148148
e 0.846875 0.4203703703703704 0.04375 0.9277777777777778
H 0.8869791666666667 0.36203703703703705 0.0640625 0.850925925925926
c 0.09791666666666667 0.5361111111111111 0.028125 1.1287037037037038
m 0.25625 0.2490740740740741 0.024479166666666666 0.5472222222222223
j 0.3104166666666667 0 0.08697916666666666 0.10277777777777777
