4 0.18125 0.5907407407407408 0.0859375 1.3518518518518519
7 0.6828125 0.325 0.04635416666666667 0.7425925925925926
q 0.39375 0.31574074074074077 0.027083333333333334 0.6861111111111111
U 0.7489583333333333 0.6435185185185185 0.034895833333333334 1.3564814814814814
Y 0.3380208333333333 0 0.05 0.03333333333333333
B 0.21458333333333332 0.625 0.05416666666666667 1.3574074074074074
R 0.4473958333333333 0.22592592592592592 0.071875 0.5953703703703703
g 0.7223958333333333 0.5685185185185185 0.06875 1.2740740740740741
Z 0.31927083333333334 0.5398148148148149 0.04479166666666667 1.1694444444444445
l 0.7307291666666667 0.2101851851851852 0.0859375 0.5907407407407408
Z 0.023958333333333335 0.2324074074074074 0.010416666666666666 0.48703703703703705
U 0.6677083333333333 0.5768518518518518 0.07239583333333334 1.2972222222222223
j 0.4895833333333333 0 0.0515625 -0.001851851851851852
O 0.7322916666666667 0.44814814814814813 0.0796875 1.0546296296296296
u 0.7479166666666667 0.29907407407407405 0.005729166666666666 0.6101851851851852
k 0.61875 0.8740740740740741 0.0515625 1.8518518518518519
N 0.7765625 0.18333333333333332 0.06875 0.5027777777777778
A 0.821875 0.9296296296296296 0.0171875 1.8944444444444444
N 0.4484375 0.7888888888888889 0.0078125 1.5944444444444446
R 0.05677083333333333 0.33055555555555555 0.015625 0.6935185185185185
