4 0.4609375 0.25833333333333336 0.03802083333333333 0.5925925925925926
S 0.146875 0.40925925925925927 0.035416666666666666 0.8898148148148148
r 0.06302083333333333 0.5027777777777778 0.06302083333333333 1.1305555555555555
g 0.011458333333333333 0.5925925925925926 0.04479166666666667 1.275
a 0.13177083333333334 0.5694444444444444 0.0375 1.2138888888888888
N 0.9630208333333333 0.7731481481481481 0.0765625 1.6981481481481482
E 0.5520833333333334 0.002777777777777778 0.059375 0.12407407407407407
O 0.996875 0.6527777777777778 0.0125 1.3314814814814815
H 0.013020833333333334 0.03796296296296296 0.035416666666666666 0.14722222222222223
g 0.8614583333333333 0.2037037037037037 0.04739583333333333 0.5027777777777778
V 0.7130208333333333 0.17777777777777778 0.0109375 0.3787037037037037
y 0.8270833333333333 0.11203703703703703 0.06145833333333333 0.34629629629629627
r 0.11979166666666667 0.19537037037037036 0.044270833333333336 0.4787037037037037
h 0.6864583333333333 0.6777777777777778 0.028125 1.412962962962963
W 0.7041666666666667 0.5842592592592593 0.08697916666666666 1.3416666666666666
q 0.6333333333333333 0.45185185185185184 0.0578125 1.0194444444444444
C 0.004166666666666667 0.8083333333333333 0.034375 1.6851851851851851
y 0.8395833333333333 0.33796296296296297 0.022916666666666665 0.7212962962962963
K 0.7432291666666667 0.7685185185185185 0.0890625 1.7138888888888888
t 0.12239583333333333 0 0.07291666666666667 0.14074074074074075
