5 0.27239583333333334 0.34814814814814815 0.07708333333333334 0.8490740740740741
6 0.9473958333333333 0.21851851851851853 0.021875 0.48148148148148145
z 0.0036458333333333334 0.9185185185185185 0.028125 1.8935185185185186
P 0.4875 0.4861111111111111 0.03333333333333333 1.0398148148148147
l 0.8760416666666667 0.45 0.026041666666666668 0.9518518518518518
D 0.9109375 0.09814814814814815 0.09270833333333334 0.38055555555555554
P 0.9265625 0 0.0421875 -0.022222222222222223
8 0.44427083333333334 0 0.0453125 0.03981481481481482
5 0.19375 0.44074074074074077 0.084375 1.049074074074074
2 0.5291666666666667 0.8870370370370371 0.04739583333333333 1.8685185185185185
r 0.41875 0.5425925925925926 0.06041666666666667 1.2055555555555555
S 0.4921875 0 0.08020833333333334 0.15092592592592594
r 0.34427083333333336 0.6953703703703704 0.0203125 1.4324074074074074
n 0.6838541666666667 0.3314814814814815 0.0046875 0.6731481481481482
h 0.6307291666666667 0.13425925925925927 0.06875 0.40555555555555556
i 0.6328125 0.7648148148148148 0.022916666666666665 1.575925925925926
5 0.9984375 0.6796296296296296 0.07760416666666667 1.512962962962963
1 0.215625 0.13055555555555556 0.07447916666666667 0.40925925925925927
O 0.049479166666666664 0 0.052083333333333336 0.0
9 0.3692708333333333 0.4787037037037037 0.00625 0.9703703703703703
