5 0.7609375 0.7342592592592593 0.0046875 1.4787037037037036
D 0.8567708333333334 0.03148148148148148 0.06041666666666667 0.18333333333333332
h 0.12239583333333333 0.17962962962962964 0.0515625 0.462037037037037
5 0.021354166666666667 0.2564814814814815 0.09322916666666667 0.6981481481481482
q 0.5151041666666667 0.4527777777777778 0.01875 0.9435185185185185
b 0.54375 0.9287037037037037 0.022916666666666665 1.9037037037037037
G 0.6447916666666667 0.6083333333333333 0.021354166666666667 1.2592592592592593
M 0.33125 0.5518518518518518 0.011458333333333333 1.1277777777777778
A 0.25 0.6111111111111112 0.08177083333333333 1.385185185185185
P 0.4973958333333333 0.5148148148148148 0.041666666666666664 1.112962962962963
R 0.8026041666666667 0.8101851851851852 0.09010416666666667 1.799074074074074
z 0.7546875 0.7277777777777777 0.013020833333333334 1.4824074074074074
Y 0.5213541666666667 0.13148148148148148 0.08802083333333334 0.43796296296296294
h 0.11145833333333334 0.7731481481481481 0.04635416666666667 1.637962962962963
f 0.9557291666666666 0.637962962962963 0.0359375 1.348148148148148
r 0.1046875 0.018518518518518517 0.0234375 0.08425925925925926
0 0.26145833333333335 0 0.024479166666666666 0.04722222222222222
T 0.49166666666666664 0.33611111111111114 0.04375 0.7592592592592593
u 0.9020833333333333 0.15833333333333333 0.08177083333333333 0.4787037037037037
J 0.8557291666666667 0.08425925925925926 0.0390625 0.24722222222222223
