5 0.9822916666666667 0.3962962962962963 0.016666666666666666 0.8268518518518518
R 0.11875 0.5212962962962963 0.04375 1.1296296296296295
O 0.4453125 0.4898148148148148 0.04010416666666667 1.0592592592592593
u 0.38697916666666665 0.1574074074074074 0.07135416666666666 0.4564814814814815
M 0.5859375 0.45185185185185184 0.011458333333333333 0.9268518518518518
G 0.5276041666666667 0.7546296296296297 0.051041666666666666 1.6111111111111112
Z 0.0015625 0.32407407407407407 0.0703125 0.787962962962963
Y 0.42083333333333334 0.6268518518518519 0.022916666666666665 1.3
C 0.8828125 0.6666666666666666 0.03802083333333333 1.4101851851851852
v 0.39739583333333334 0.35833333333333334 0.044270833333333336 0.8055555555555556
9 0.9453125 0.5527777777777778 0.019270833333333334 1.1444444444444444
8 0.43072916666666666 0.6111111111111112 0.07239583333333334 1.3666666666666667
Q 0.96875 0.6861111111111111 0.03697916666666667 1.4453703703703704
t 0.6380208333333334 0.8472222222222222 0.07083333333333333 1.836111111111111
Y 0.27708333333333335 0.6351851851851852 0.03229166666666667 1.3351851851851853
U 0.35208333333333336 0.5666666666666667 0.0078125 1.15
P 0.2942708333333333 0.5259259259259259 0.036458333333333336 1.125
Y 0.1921875 0.5555555555555556 0.007291666666666667 1.1268518518518518
K 0.171875 0.5712962962962963 0.07239583333333334 1.2861111111111112
u 0.04635416666666667 0.812962962962963 0.021875 1.6703703703703703
