6 0.6453125 0.4324074074074074 0.059895833333333336 0.9833333333333333
d 0.3729166666666667 0.4287037037037037 0.049479166666666664 0.9555555555555556
f 0.2109375 0.22037037037037038 0.04479166666666667 0.5305555555555556
K 0.9567708333333333 0.7203703703703703 0.013541666666666667 1.4685185185185186
U 0.27447916666666666 0.05277777777777778 0.026041666666666668 0.1574074074074074
z 0.9322916666666666 0.25462962962962965 0.01875 0.5472222222222223
u 0.14895833333333333 0.23148148148148148 0.057291666666666664 0.5777777777777777
1 0.007291666666666667 0.28888888888888886 0.0890625 0.7555555555555555
7 0.26614583333333336 0.5777777777777777 0.065625 1.2861111111111112
p 0.8385416666666666 0.7583333333333333 0.033854166666666664 1.5842592592592593
q 0.6833333333333333 0.7648148148148148 0.041666666666666664 1.612962962962963
N 0.4588541666666667 0.8638888888888889 0.028645833333333332 1.7851851851851852
v 0.8890625 0.04537037037037037 0.0109375 0.11388888888888889
2 0.9421875 0.649074074074074 0.011979166666666667 1.3222222222222222
e 0.3067708333333333 0.49074074074074076 0.026041666666666668 1.0342592592592592
3 0.7177083333333333 0 0.08333333333333333 -0.03518518518518519
E 0.68125 0.5222222222222223 0.07083333333333333 1.1851851851851851
5 0.7078125 0.33611111111111114 0.07552083333333333 0.8222222222222222
t 0.09739583333333333 0.412962962962963 0.0796875 0.9842592592592593
P 0.25416666666666665 0.3962962962962963 0.07239583333333334 0.937037037037037
