6 0.6447916666666667 0.5361111111111111 0.0703125 1.212962962962963
k 0.1234375 0.15833333333333333 0.021875 0.3611111111111111
w 0.8151041666666666 0.7287037037037037 0.0234375 1.5046296296296295
K 0.013541666666666667 0.34629629629629627 0.05364583333333333 0.8
o 0.2375 0.2111111111111111 0.023958333333333335 0.4703703703703704
G 0.19791666666666666 0.003703703703703704 0.04739583333333333 0.10185185185185185
B 0.73125 0.5185185185185185 0.06979166666666667 1.1759259259259258
c 0.390625 0.8277777777777777 0.07708333333333334 1.8083333333333333
X 0.175 0.5203703703703704 0.03177083333333333 1.1046296296296296
L 0.27708333333333335 0.48703703703703705 0.03333333333333333 1.0407407407407407
T 0.6296875 0.0962962962962963 0.050520833333333334 0.2935185185185185
C 0.0796875 0.14907407407407408 0.0640625 0.42592592592592593
G 0.6994791666666667 0.1287037037037037 0.03333333333333333 0.32407407407407407
h 0.31145833333333334 0.7620370370370371 0.0828125 1.6888888888888889
x 0.5557291666666667 0.03333333333333333 0.03697916666666667 0.14074074074074075
N 0.40520833333333334 0.5083333333333333 0.03958333333333333 1.0962962962962963
D 0.49635416666666665 0.08425925925925926 0.011979166666666667 0.1935185185185185
u 0.6234375 0.225 0.022395833333333334 0.49537037037037035
w 0.6973958333333333 0.028703703703703703 0.07083333333333333 0.19814814814814816
l 0.1765625 0.010185185185185186 0.0421875 0.10462962962962963
