6 0.5661458333333333 0.225 0.08541666666666667 0.6203703703703703
s 0.32708333333333334 0 0.03177083333333333 0.046296296296296294
i 0.7963541666666667 0.11388888888888889 0.08333333333333333 0.39351851851851855
W 0.1890625 0.03796296296296296 0.011458333333333333 0.09907407407407408
f 0.9244791666666666 0.011111111111111112 0.08489583333333334 0.19074074074074074
V 0.8588541666666667 0 0.04739583333333333 -0.002777777777777778
N 0.5223958333333333 0.7611111111111111 0.01875 1.5601851851851851
m 0.734375 0.5305555555555556 0.005208333333333333 1.0731481481481482
D 0.9432291666666667 0.6055555555555555 0.050520833333333334 1.3120370370370371
u 0.22239583333333332 0.002777777777777778 0.050520833333333334 0.10648148148148148
5 0.8161458333333333 0.2740740740740741 0.011458333333333333 0.5712962962962963
p 0.7213541666666666 0.8777777777777778 0.0421875 1.8398148148148148
0 0.6453125 0.018518518518518517 0.05625 0.14907407407407408
n 0.8963541666666667 0.4842592592592593 0.007291666666666667 0.9833333333333333
q 0.07916666666666666 0 0.084375 0.13703703703703704
8 0.37395833333333334 0.5777777777777777 0.009375 1.175
8 0.11770833333333333 0.03888888888888889 0.065625 0.20833333333333334
1 0.88125 0.6444444444444445 0.028645833333333332 1.3462962962962963
2 0.196875 0 0.08854166666666667 0.09537037037037037
4 0.9515625 0.5833333333333334 0.033854166666666664 1.2342592592592592
