6 0.5760416666666667 0 0.06666666666666667 -0.06666666666666667
T 0 0.10555555555555556 0.0078125 0.22777777777777777
3 0.7880208333333333 0.7287037037037037 0.0671875 1.5907407407407408
j 0.175 0.0712962962962963 0.015104166666666667 0.17314814814814813
R 0.8432291666666667 0 0.024479166666666666 0.044444444444444446
W 0.18489583333333334 0.6481481481481481 0.07760416666666667 1.45
d 0.39895833333333336 0.33425925925925926 0.06875 0.8046296296296296
E 0.6453125 0.6435185185185185 0.034375 1.3555555555555556
W 0.375 0.030555555555555555 0.08385416666666666 0.22777777777777777
c 0.47604166666666664 0.5055555555555555 0.07708333333333334 1.163888888888889
Q 0.9963541666666667 0.4101851851851852 0.017708333333333333 0.8564814814814815
j 0.9359375 0.10185185185185185 0.029166666666666667 0.262037037037037
D 0.296875 0.7518518518518519 0.0046875 1.5138888888888888
R 0.29635416666666664 0.6675925925925926 0.0328125 1.400925925925926
3 0.5338541666666666 0.47129629629629627 0.022395833333333334 0.9879629629629629
r 0.8817708333333333 0.6240740740740741 0.0515625 1.3509259259259259
g 0.6088541666666667 0.8759259259259259 0.015625 1.7833333333333334
w 0.1765625 0.8759259259259259 0.005208333333333333 1.762962962962963
n 0.5489583333333333 0.8157407407407408 0.0109375 1.6546296296296297
j 0.00625 0.8287037037037037 0.019791666666666666 1.6972222222222222
