7 0.46979166666666666 0.8324074074074074 0.0328125 1.7314814814814814
H 0.496875 0.7842592592592592 0.042708333333333334 1.6537037037037037
j 0.428125 0.18055555555555555 0.015104166666666667 0.39166666666666666
m 0.7807291666666667 0.15092592592592594 0.030208333333333334 0.36203703703703705
a 0.8119791666666667 0.5638888888888889 0.0453125 1.2185185185185186
k 0.79375 0.17685185185185184 0.07552083333333333 0.5046296296296297
C 0.14375 0.5546296296296296 0.0609375 1.2305555555555556
o 0.32864583333333336 0.06018518518518518 0.046875 0.21388888888888888
t 0.1328125 0.30277777777777776 0.052083333333333336 0.7092592592592593
z 0.013541666666666667 0.40370370370370373 0.0140625 0.8361111111111111
u 0.9494791666666667 0.6222222222222222 0.06614583333333333 1.375925925925926
U 0.8692708333333333 0.09907407407407408 0.0859375 0.3685185185185185
M 0.9114583333333334 0 0.075 0.07592592592592592
C 0.009895833333333333 0.14166666666666666 0.034895833333333334 0.3527777777777778
J 0.8104166666666667 0.5027777777777778 0.028125 1.0620370370370371
q 0.5442708333333334 0.7962962962962963 0.049479166666666664 1.6916666666666667
h 0.103125 0.8064814814814815 0.005729166666666666 1.625
m 0.3046875 0.06666666666666667 0.0703125 0.27314814814814814
R 0.16875 0.5851851851851851 0.09114583333333333 1.3518518518518519
6 0.9385416666666667 0.1574074074074074 0.025520833333333333 0.36666666666666664
