7 0.0703125 0 0.071875 0.041666666666666664
i 0.859375 0.6351851851851852 0.016145833333333335 1.3027777777777778
K 0.48072916666666665 0.001851851851851852 0.06197916666666667 0.12777777777777777
s 0.24895833333333334 0.15833333333333333 0.0578125 0.43148148148148147
8 0.6473958333333333 0.18981481481481483 0.071875 0.5222222222222223
R 0.8744791666666667 0.8768518518518519 0.043229166666666666 1.8407407407407408
d 0.8984375 0.7712962962962963 0.08645833333333333 1.7138888888888888
f 0.5015625 0.8944444444444445 0.0375 1.863888888888889
y 0.5713541666666667 0.4166666666666667 0.010416666666666666 0.8546296296296296
x 0.16302083333333334 0.2212962962962963 0.071875 0.5851851851851851
b 0.5947916666666667 0.16018518518518518 0.0859375 0.49074074074074076
2 0.28958333333333336 0.13055555555555556 0.034375 0.3296296296296296
l 0.7036458333333333 0.21574074074074073 0.03802083333333333 0.5083333333333333
g 0.7041666666666667 0 0.06822916666666666 0.11666666666666667
4 0.6802083333333333 0 0.06302083333333333 -0.1037037037037037
D 0.26510416666666664 0.6324074074074074 0.09322916666666667 1.4490740740740742
7 0.18854166666666666 0.7759259259259259 0.08020833333333334 1.712037037037037
l 0.1859375 0.75 0.043229166666666666 1.587037037037037
m 0.6640625 0.4925925925925926 0.023958333333333335 1.0333333333333334
w 0.5453125 0.5388888888888889 0.0640625 1.2055555555555555
