7 0.5421875 0.7111111111111111 0.035416666666666666 1.4935185185185185
I 0.37604166666666666 0.8388888888888889 0.06354166666666666 1.8037037037037038
5 0.946875 0.6555555555555556 0.0359375 1.3833333333333333
e 0.6213541666666667 0.4638888888888889 0.08541666666666667 1.0972222222222223
o 0.013541666666666667 0.4703703703703704 0.010416666666666666 0.962037037037037
p 0.6234375 0 0.08958333333333333 -0.15185185185185185
M 0.9614583333333333 0.12037037037037036 0.0546875 0.3490740740740741
2 0.846875 0 0.06458333333333334 -0.05185185185185185
5 0.8630208333333333 0.41388888888888886 0.0859375 0.9990740740740741
n 0.734375 0.062037037037037036 0.08697916666666666 0.2972222222222222
f 0.11354166666666667 0.13796296296296295 0.05677083333333333 0.3888888888888889
X 0.29739583333333336 0.5962962962962963 0.011458333333333333 1.2157407407407408
e 0.859375 0.7379629629629629 0.03229166666666667 1.5407407407407407
9 0.5489583333333333 0.44074074074074077 0.016145833333333335 0.9138888888888889
J 0.1359375 0.8787037037037037 0.028645833333333332 1.8148148148148149
Q 0.6161458333333333 0.31666666666666665 0.0875 0.8074074074074075
8 0.20416666666666666 0.3388888888888889 0.035416666666666666 0.7481481481481481
h 0.9088541666666666 0.9064814814814814 0.027604166666666666 1.8685185185185185
q 0.8859375 0.37777777777777777 0.06770833333333333 0.8907407407407407
u 0.1609375 0.5685185185185185 0.0109375 1.1601851851851852
