7 0.23385416666666667 0.23055555555555557 0.0234375 0.5083333333333333
O 0.5984375 0.675 0.028645833333333332 1.4074074074074074
X 0.66875 0.45092592592592595 0.05520833333333333 1.012037037037037
b 0.3072916666666667 0.6157407407407407 0.07552083333333333 1.3814814814814815
j 0.2375 0.8157407407407408 0.011979166666666667 1.6564814814814814
F 0.03333333333333333 0.9351851851851852 0.014583333333333334 1.900925925925926
C 0.018229166666666668 0 0.06354166666666666 0.10277777777777777
g 0.2171875 0 0.06666666666666667 -0.12685185185185185
u 0.40677083333333336 0.37037037037037035 0.007291666666666667 0.7555555555555555
I 0.6057291666666667 0.5037037037037037 0.0125 1.0333333333333334
V 0.32395833333333335 0.5111111111111111 0.03177083333333333 1.0851851851851853
s 0.10260416666666666 0.5435185185185185 0.07864583333333333 1.2435185185185185
J 0.025520833333333333 0.6611111111111111 0.013541666666666667 1.35
P 0.61875 0.8342592592592593 0.028125 1.725
f 0.8911458333333333 0.65 0.011979166666666667 1.325
8 0.6859375 0.5611111111111111 0.06927083333333334 1.260185185185185
z 0.8234375 0.19074074074074074 0.09322916666666667 0.5666666666666667
V 0.7541666666666667 0.14537037037037037 0.03125 0.3537037037037037
6 0.27395833333333336 0.6777777777777778 0.07135416666666666 1.4972222222222222
r 0.8276041666666667 0.09722222222222222 0.0578125 0.3101851851851852
