7 0.7005208333333334 0.7638888888888888 0.09114583333333333 1.7083333333333333
S 0.009895833333333333 0.4046296296296296 0.013020833333333334 0.8361111111111111
F 0.22708333333333333 0.8453703703703703 0.013020833333333334 1.7175925925925926
1 0.5145833333333333 0.6722222222222223 0.08645833333333333 1.5166666666666666
c 0.21302083333333333 0.09537037037037037 0.07916666666666666 0.3472222222222222
6 0.1671875 0.01574074074074074 0.06510416666666667 0.16111111111111112
Q 0.6567708333333333 0.47129629629629627 0.09010416666666667 1.1212962962962962
n 0.5838541666666667 0.8564814814814815 0.028125 1.7694444444444444
g 0.7822916666666667 0.6425925925925926 0.09322916666666667 1.4694444444444446
R 0.265625 0.4083333333333333 0.0359375 0.8888888888888888
H 0.44635416666666666 0.4064814814814815 0.06875 0.95
5 0.9859375 0.1361111111111111 0.033854166666666664 0.3398148148148148
o 0.4125 0.7175925925925926 0.0671875 1.5685185185185184
t 0.6375 0.03148148148148148 0.016145833333333335 0.0962962962962963
X 0.35520833333333335 0 0.06927083333333334 0.09814814814814815
y 0.6692708333333334 0 0.0375 0.05925925925925926
J 0.8395833333333333 0.44722222222222224 0.084375 1.0620370370370371
K 0.12291666666666666 0.02962962962962963 0.041666666666666664 0.1425925925925926
V 0.32916666666666666 0.049074074074074076 0.06302083333333333 0.22314814814814815
0 0.3416666666666667 0.6712962962962963 0.0171875 1.3777777777777778
