8 0.04635416666666667 0.32222222222222224 0.03125 0.7074074074074074
J 0.09739583333333333 0.45555555555555555 0.06927083333333334 1.049074074074074
6 0.43645833333333334 0.4787037037037037 0.013541666666666667 0.9851851851851852
G 0.54375 0.1 0.0875 0.37407407407407406
O 0.475 0.20277777777777778 0.08697916666666666 0.5787037037037037
N 0.7182291666666667 0 0.008854166666666666 0.006481481481481481
M 0.709375 0.41759259259259257 0.03229166666666667 0.9
Q 0.8703125 0.5009259259259259 0.028645833333333332 1.0592592592592593
Q 0.32760416666666664 0.2935185185185185 0.08697916666666666 0.7592592592592593
y 0.7958333333333333 0.03333333333333333 0.0359375 0.13796296296296295
B 0.2635416666666667 0.5046296296296297 0.071875 1.151851851851852
Q 0.6041666666666666 0.36944444444444446 0.0703125 0.8787037037037037
u 0.6322916666666667 0.55 0.03958333333333333 1.1796296296296296
m 0.740625 0.8564814814814815 0.043229166666666666 1.799074074074074
b 0.0171875 0.023148148148148147 0.08958333333333333 0.22407407407407406
3 0.6541666666666667 0.31296296296296294 0.03125 0.6888888888888889
A 0.17083333333333334 0.2601851851851852 0.0578125 0.6361111111111111
U 0.28489583333333335 0.425 0.022395833333333334 0.8953703703703704
R 0.8203125 0.6981481481481482 0.0328125 1.462037037037037
A 0.4921875 0.5814814814814815 0.05520833333333333 1.2722222222222221
