8 0.34375 0.16018518518518518 0.015625 0.3527777777777778
S 0.6255208333333333 0.030555555555555555 0.0578125 0.17592592592592593
f 0.6875 0.7833333333333333 0.024479166666666666 1.6157407407407407
D 0.06770833333333333 0.8212962962962963 0.05416666666666667 1.750925925925926
i 0.165625 0.07407407407407407 0.07447916666666667 0.2962962962962963
J 0.8166666666666667 0.799074074074074 0.016145833333333335 1.6314814814814815
S 0.9973958333333334 0.20555555555555555 0.016666666666666666 0.44537037037037036
e 0.18020833333333333 0.41574074074074074 0.08072916666666667 0.9925925925925926
1 0.26979166666666665 0.08703703703703704 0.026041666666666668 0.22685185185185186
v 0.6213541666666667 0.5925925925925926 0.071875 1.3277777777777777
p 0.6171875 0.6990740740740741 0.08958333333333333 1.575925925925926
p 0.42291666666666666 0.31666666666666665 0.016666666666666666 0.6675925925925926
L 0.5390625 0.7712962962962963 0.005208333333333333 1.5537037037037038
Z 0.18802083333333333 0.362962962962963 0.0828125 0.8907407407407407
o 0.011979166666666667 0.12685185185185185 0.0828125 0.4185185185185185
l 0.234375 0.6777777777777778 0.03333333333333333 1.423148148148148
u 0.6317708333333333 0 0.08802083333333334 0.15185185185185185
G 0.7427083333333333 0.5527777777777778 0.03697916666666667 1.1787037037037038
l 0.4244791666666667 0.525 0.051041666666666666 1.151851851851852
x 0.9276041666666667 0.08888888888888889 0.06145833333333333 0.3
