9 0.5833333333333334 0 0.0671875 0.08055555555555556
a 0.734375 0.3768518518518518 0.065625 0.8842592592592593
D 0.044270833333333336 0 0.09166666666666666 0.011111111111111112
d 0.965625 0.23796296296296296 0.08072916666666667 0.6361111111111111
B 0.9302083333333333 0.08796296296296297 0.05520833333333333 0.2861111111111111
q 0.9859375 0.008333333333333333 0.024479166666666666 0.06574074074074074
q 0.16041666666666668 0.017592592592592594 0.042708333333333334 0.12129629629629629
Q 0.06822916666666666 0.6805555555555556 0.028125 1.4175925925925925
x 0.6192708333333333 0.65 0.06041666666666667 1.4203703703703703
1 0.022916666666666665 0.22037037037037038 0.010416666666666666 0.462037037037037
M 0.9296875 0.3814814814814815 0.07395833333333333 0.9101851851851852
d 0.9802083333333333 0.3101851851851852 0.03802083333333333 0.6962962962962963
q 0.9229166666666667 0.7509259259259259 0.08645833333333333 1.674074074074074
K 0.9135416666666667 0.2490740740740741 0.03802083333333333 0.5740740740740741
L 0.26145833333333335 0.3388888888888889 0.027083333333333334 0.7324074074074074
W 0.9890625 0.4648148148148148 0.0375 1.0046296296296295
s 0.5651041666666666 0 0.040625 0.02962962962962963
A 0.578125 0.06388888888888888 0.0546875 0.2361111111111111
m 0.41510416666666666 0.6953703703703704 0.03958333333333333 1.4703703703703703
J 0.9901041666666667 0.8796296296296297 0.04739583333333333 1.8546296296296296
