9 0.7661458333333333 0 0.08541666666666667 0.15185185185185185
J 0.5859375 0.7305555555555555 0.030729166666666665 1.5222222222222221
I 0.1609375 0.762962962962963 0.0875 1.7
Z 0.48125 0.5416666666666666 0.0390625 1.1611111111111112
W 0.3385416666666667 0.8222222222222222 0.07552083333333333 1.7944444444444445
M 0.6916666666666667 0.05740740740740741 0.026041666666666668 0.1675925925925926
t 0.2708333333333333 0.575 0.05364583333333333 1.2574074074074073
7 0.5963541666666666 0 0.0921875 -0.08425925925925926
a 0.5677083333333334 0.002777777777777778 0.043229166666666666 0.09166666666666666
q 0.24635416666666668 0.7916666666666666 0.09010416666666667 1.762037037037037
h 0.971875 0.13055555555555556 0.005729166666666666 0.2740740740740741
d 0.6880208333333333 0.7481481481481481 0.0609375 1.6185185185185185
i 0.44427083333333334 0 0.08489583333333334 0.08055555555555556
1 0.6296875 0.29074074074074074 0.027604166666666666 0.6370370370370371
o 0.37604166666666666 0.5703703703703704 0.0359375 1.212962962962963
k 0.9536458333333333 0.30185185185185187 0.058854166666666666 0.7212962962962963
G 0.5729166666666666 0.19166666666666668 0.009375 0.40370370370370373
b 0.32395833333333335 0.2518518518518518 0.06145833333333333 0.6259259259259259
B 0.9239583333333333 0.1037037037037037 0.021875 0.2518518518518518
m 0.19427083333333334 0.3675925925925926 0.0734375 0.8814814814814815
