9 0.9921875 0.7694444444444445 0.0265625 1.5925925925925926
w 0.7166666666666667 0 0.021875 -0.026851851851851852
z 0.32760416666666664 0.4203703703703704 0.019270833333333334 0.8796296296296297
V 0.07083333333333333 0.5231481481481481 0.044270833333333336 1.135185185185185
R 0.8765625 0 0.07291666666666667 -0.0962962962962963
U 0.5359375 0.5592592592592592 0.043229166666666666 1.2046296296296297
W 0.63125 0.7157407407407408 0.008333333333333333 1.4490740740740742
B 0.5192708333333333 0.7018518518518518 0.019791666666666666 1.4444444444444444
h 0.55 0.45555555555555555 0.051041666666666666 1.012962962962963
h 0.16875 0.20925925925925926 0.08802083333333334 0.5935185185185186
n 0.08645833333333333 0.12777777777777777 0.019270833333333334 0.29444444444444445
5 0.140625 0.8870370370370371 0.026041666666666668 1.826851851851852
6 0.21666666666666667 0.5407407407407407 0.0515625 1.1842592592592593
D 0.024479166666666666 0.2675925925925926 0.009375 0.5546296296296296
q 0.7354166666666667 0.003703703703703704 0.04895833333333333 0.10555555555555556
r 0.15052083333333333 0.5824074074074074 0.0421875 1.249074074074074
T 0.20677083333333332 0 0.09270833333333334 0.08888888888888889
T 0.5927083333333333 0.6509259259259259 0.058333333333333334 1.4175925925925925
h 0.33541666666666664 0.37962962962962965 0.03125 0.8222222222222222
t 0.07239583333333334 0.15925925925925927 0.03854166666666667 0.39537037037037037
