a 0.13958333333333334 0.05925925925925926 0.020833333333333332 0.16111111111111112
n 0.8307291666666666 0.3037037037037037 0.0828125 0.7722222222222223
s 0.0875 0.41203703703703703 0.043229166666666666 0.9101851851851852
J 0.22447916666666667 0.34629629629629627 0.08541666666666667 0.862037037037037
h 0.6791666666666667 0.48518518518518516 0.0203125 1.011111111111111
F 0.39114583333333336 0.475 0.06875 1.087037037037037
R 0.3458333333333333 0 0.09010416666666667 0.1175925925925926
5 0.078125 0.8268518518518518 0.08333333333333333 1.8194444444444444
M 0.3885416666666667 0.1537037037037037 0.049479166666666664 0.4064814814814815
5 0.7291666666666666 0.7231481481481481 0.06197916666666667 1.5694444444444444
m 0.2484375 0.7592592592592593 0.08229166666666667 1.6814814814814816
q 0.30885416666666665 0.4074074074074074 0.0828125 0.9796296296296296
e 0.5682291666666667 0.2351851851851852 0.059895833333333336 0.5898148148148148
A 0.15260416666666668 0.012962962962962963 0.04739583333333333 0.12037037037037036
I 0.8515625 0.4777777777777778 0.00625 0.9685185185185186
X 0.24427083333333333 0.013888888888888888 0.07395833333333333 0.175
T 0.3421875 0 0.0578125 -0.03333333333333333
C 0.6255208333333333 0.4203703703703704 0.03697916666666667 0.9148148148148149
T 0.5552083333333333 0.32407407407407407 0.03802083333333333 0.7240740740740741
g 0.9130208333333333 0.5675925925925925 0.0265625 1.1879629629629629
