a 0.36822916666666666 0 0.018229166666666668 -0.03611111111111111
Y 0.6223958333333334 0.6 0.0140625 1.2287037037037036
1 0.7510416666666667 0.8101851851851852 0.03802083333333333 1.6962962962962962
t 0.023958333333333335 0.8638888888888889 0.05520833333333333 1.837962962962963
z 0.024479166666666666 0.22777777777777777 0.049479166666666664 0.5546296296296296
D 0.6276041666666666 0.9444444444444444 0.015104166666666667 1.9203703703703703
0 0.24322916666666666 0.45092592592592595 0.018229166666666668 0.9388888888888889
B 0.32864583333333336 0.575 0.053125 1.2555555555555555
Z 0.9947916666666666 0.6 0.019270833333333334 1.238888888888889
8 0.9567708333333333 0.2361111111111111 0.0067708333333333336 0.4861111111111111
l 0.9333333333333333 0.6787037037037037 0.04635416666666667 1.4490740740740742
M 0.4661458333333333 0.7972222222222223 0.065625 1.725
l 0.6354166666666666 0.24814814814814815 0.007291666666666667 0.5120370370370371
C 0.22395833333333334 0 0.041666666666666664 0.000925925925925926
S 0.1296875 0.5370370370370371 0.06354166666666666 1.2
I 0.259375 0.5342592592592592 0.046875 1.162037037037037
A 0.234375 0.6620370370370371 0.021875 1.3685185185185185
x 0.509375 0.6833333333333333 0.022916666666666665 1.412962962962963
s 0.9848958333333333 0.7379629629629629 0.028645833333333332 1.5333333333333334
a 0.6838541666666667 0.712037037037037 0.011458333333333333 1.4472222222222222
