B 0.8885416666666667 0.05555555555555555 0.071875 0.2537037037037037
k 0.23489583333333333 0.8185185185185185 0.06302083333333333 1.762037037037037
w 0.5463541666666667 0.2212962962962963 0.04479166666666667 0.5314814814814814
J 0.478125 0.08425925925925926 0.0067708333333333336 0.1824074074074074
8 0.5692708333333333 0.2675925925925926 0.03802083333333333 0.612037037037037
T 0.5458333333333333 0.6175925925925926 0.059895833333333336 1.3546296296296296
7 0.050520833333333334 0.6657407407407407 0.0453125 1.4222222222222223
B 0.1203125 0.762962962962963 0.0453125 1.6166666666666667
c 0.06041666666666667 0.2962962962962963 0.009895833333333333 0.6129629629629629
v 0.5848958333333333 0.5212962962962963 0.0109375 1.0648148148148149
L 0.7864583333333334 0.4777777777777778 0.03177083333333333 1.0194444444444444
G 0.8640625 0.8925925925925926 0.05 1.885185185185185
V 0.240625 0.762962962962963 0.04583333333333333 1.6175925925925927
T 0.4875 0.04537037037037037 0.04791666666666667 0.18611111111111112
m 0.30833333333333335 0.5768518518518518 0.0828125 1.3175925925925926
y 0.3578125 0.7842592592592592 0.029166666666666667 1.6268518518518518
B 0.440625 0 0.08020833333333334 0.10277777777777777
j 0.9098958333333333 0.4074074074074074 0.05416666666666667 0.9222222222222223
v 0.9901041666666667 0 0.08020833333333334 -0.040740740740740744
s 0.4703125 0.2564814814814815 0.030729166666666665 0.575
