B 0.8458333333333333 0.5148148148148148 0.07135416666666666 1.1722222222222223
N 0.003125 0.5092592592592593 0.0796875 1.1768518518518518
s 0.2734375 0.05092592592592592 0.065625 0.2324074074074074
M 0.13645833333333332 0.8203703703703704 0.05416666666666667 1.749074074074074
a 0.7083333333333334 0.4074074074074074 0.07708333333333334 0.9685185185185186
D 0.15572916666666667 0.40185185185185185 0.0265625 0.8574074074074074
w 0.22395833333333334 0.7333333333333333 0.07760416666666667 1.6212962962962962
w 0.053125 0.8361111111111111 0.07916666666666666 1.8296296296296297
5 0.15052083333333333 0.8722222222222222 0.034375 1.8138888888888889
t 0.10625 0.13518518518518519 0.058854166666666666 0.387037037037037
w 0.8614583333333333 0.7935185185185185 0.08072916666666667 1.7472222222222222
9 0.9875 0.36944444444444446 0.08020833333333334 0.8981481481481481
6 0.09583333333333334 0.6472222222222223 0.04739583333333333 1.3888888888888888
o 0.5708333333333333 0.8407407407407408 0.040625 1.762962962962963
N 0.33541666666666664 0.5981481481481481 0.0671875 1.3305555555555555
A 0.5953125 0.7796296296296297 0.05572916666666667 1.6703703703703703
R 0.15364583333333334 0.899074074074074 0.0046875 1.8092592592592593
y 0.2755208333333333 0.062037037037037036 0.0515625 0.22685185185185186
Z 0.31145833333333334 0.38055555555555554 0.0328125 0.8268518518518518
4 0.1828125 0.6601851851851852 0.0734375 1.4666666666666666
