b 0.6552083333333333 0.15833333333333333 0.017708333333333333 0.35185185185185186
u 0.24739583333333334 0 0.030208333333333334 -0.027777777777777776
E 0.5182291666666666 0.3111111111111111 0.0765625 0.774074074074074
Q 0.3390625 0.5472222222222223 0.0125 1.1203703703703705
0 0.7536458333333333 0.25833333333333336 0.09010416666666667 0.6953703703703704
s 0.14166666666666666 0.6194444444444445 0.05625 1.3509259259259259
s 0.8411458333333334 0.30277777777777776 0.0078125 0.6212962962962963
0 0 0.47962962962962963 0.025 1.0092592592592593
r 0.0671875 0.32407407407407407 0.0484375 0.7453703703703703
b 0.09895833333333333 0.8537037037037037 0.05364583333333333 1.8148148148148149
F 0.20885416666666667 0.5981481481481481 0.008854166666666666 1.2148148148148148
d 0.11510416666666666 0 0.0875 0.08333333333333333
3 0.8447916666666667 0 0.046875 -0.04814814814814815
k 0.6375 0.9037037037037037 0.027083333333333334 1.862037037037037
a 0.47239583333333335 0.6462962962962963 0.0046875 1.3027777777777778
A 0.38958333333333334 0.5305555555555556 0.08072916666666667 1.2212962962962963
r 0.16614583333333333 0.7833333333333333 0.013541666666666667 1.5935185185185186
0 0.984375 0 0.03958333333333333 0.06481481481481481
7 0.6666666666666666 0.8564814814814815 0.025 1.762962962962963
9 0.78125 0.737037037037037 0.09114583333333333 1.6546296296296297
