b 0.875 0.700925925925926 0.005208333333333333 1.412962962962963
W 0.26614583333333336 0.9351851851851852 0.016145833333333335 1.9027777777777777
y 0.11302083333333333 0.662962962962963 0.03958333333333333 1.4046296296296297
B 0.5380208333333333 0.8537037037037037 0.027083333333333334 1.762037037037037
7 0.1265625 0.8064814814814815 0.084375 1.7805555555555554
8 0.00625 0.012037037037037037 0.04635416666666667 0.11666666666666667
t 0.7114583333333333 0.6240740740740741 0.0875 1.4222222222222223
L 0.3546875 0.5990740740740741 0.05520833333333333 1.3083333333333333
O 0.209375 0.062037037037037036 0.00625 0.13796296296296295
C 0.7989583333333333 0.6972222222222222 0.0375 1.4694444444444446
v 0.06510416666666667 0.09166666666666666 0.0375 0.25833333333333336
F 0.30104166666666665 0.9148148148148149 0.0234375 1.8768518518518518
I 0.8260416666666667 0.8629629629629629 0.0328125 1.7916666666666667
0 0.778125 0 0.08385416666666666 0.023148148148148147
1 0.23802083333333332 0 0.090625 -0.05648148148148148
j 0.19375 0 0.06302083333333333 0.046296296296296294
C 0.03958333333333333 0.3111111111111111 0.008333333333333333 0.6398148148148148
e 0.6635416666666667 0.8333333333333334 0.03854166666666667 1.7435185185185185
7 0.40677083333333336 0 0.06822916666666666 0.03888888888888889
V 0.5182291666666666 0.17222222222222222 0.06510416666666667 0.4740740740740741
