B 0.10416666666666667 0.2638888888888889 0.07604166666666666 0.6796296296296296
X 0.7890625 0.674074074074074 0.0078125 1.364814814814815
z 0.29635416666666664 0.6157407407407407 0.007291666666666667 1.2462962962962962
7 0.47291666666666665 0.2935185185185185 0.09270833333333334 0.7712962962962963
w 0.22395833333333334 0.3537037037037037 0.06822916666666666 0.8425925925925926
B 0.9901041666666667 0.22037037037037038 0.06041666666666667 0.5611111111111111
5 0.1296875 0.7657407407407407 0.07916666666666666 1.6888888888888889
O 0.3338541666666667 0.020370370370370372 0.034895833333333334 0.1111111111111111
U 0.8447916666666667 0.25833333333333336 0.03697916666666667 0.5907407407407408
r 0.6958333333333333 0.637962962962963 0.05677083333333333 1.3888888888888888
6 0.2609375 0.38055555555555554 0.046875 0.8546296296296296
C 0.16770833333333332 0.5731481481481482 0.0067708333333333336 1.1611111111111112
i 0.7661458333333333 0.4685185185185185 0.057291666666666664 1.0509259259259258
V 0.12135416666666667 0.09722222222222222 0.011979166666666667 0.21944444444444444
q 0.023958333333333335 0.5796296296296296 0.08072916666666667 1.3194444444444444
T 0.8979166666666667 0.13055555555555556 0.014583333333333334 0.29074074074074074
7 0.15729166666666666 0.8027777777777778 0.025 1.6555555555555554
P 0.925 0.3111111111111111 0.007291666666666667 0.637962962962963
y 0.6192708333333333 0.8972222222222223 0.0171875 1.8296296296296297
S 0.058333333333333334 0.16018518518518518 0.0296875 0.37962962962962965
