C 0.30520833333333336 0.18518518518518517 0.041666666666666664 0.4537037037037037
2 0.8411458333333334 0.6166666666666667 0.05520833333333333 1.3435185185185186
P 0.8520833333333333 0.007407407407407408 0.05520833333333333 0.12407407407407407
d 0.6505208333333333 0.5990740740740741 0.09114583333333333 1.3787037037037038
I 0.0765625 0.4583333333333333 0.0609375 1.037962962962963
q 0.5604166666666667 0.8166666666666667 0.027604166666666666 1.6879629629629629
8 0.3697916666666667 0.8231481481481482 0.016666666666666666 1.6805555555555556
D 0.7963541666666667 0.4638888888888889 0.08958333333333333 1.1055555555555556
5 0.5260416666666666 0.23981481481481481 0.009375 0.49907407407407406
t 0.9609375 0.8648148148148148 0.041666666666666664 1.8129629629629629
6 0.3223958333333333 0 0.06197916666666667 0.07592592592592592
c 0.45260416666666664 0.6314814814814815 0.07135416666666666 1.4055555555555554
p 0.42864583333333334 0.6194444444444445 0.022916666666666665 1.2851851851851852
m 0.7057291666666666 0.053703703703703705 0.059375 0.22592592592592592
h 0.7984375 0.03611111111111111 0.013020833333333334 0.09907407407407408
e 0.3015625 0.17685185185185184 0.0375 0.42962962962962964
D 0.011458333333333333 0.030555555555555555 0.07708333333333334 0.21388888888888888
F 0.4421875 0 0.052083333333333336 0.032407407407407406
S 0.71875 0.7231481481481481 0.019270833333333334 1.4851851851851852
z 0.7984375 0.2175925925925926 0.022916666666666665 0.48148148148148145
