c 0.39895833333333336 0.7601851851851852 0.009895833333333333 1.5407407407407407
F 0.3140625 0.5916666666666667 0.03177083333333333 1.2472222222222222
L 0.2755208333333333 0.8740740740740741 0.025520833333333333 1.799074074074074
t 0.9255208333333333 0.1527777777777778 0.015625 0.33796296296296297
B 0.9119791666666667 0.6972222222222222 0.06354166666666666 1.5212962962962964
K 0.6416666666666667 0.5953703703703703 0.08020833333333334 1.35
Z 0.8171875 0.7175925925925926 0.005729166666666666 1.4472222222222222
4 0.5619791666666667 0.44537037037037036 0.08489583333333334 1.0592592592592593
h 0.14739583333333334 0.4425925925925926 0.035416666666666666 0.9564814814814815
L 0.31145833333333334 0.275 0.0875 0.7240740740740741
Z 0.3229166666666667 0.09722222222222222 0.08072916666666667 0.35462962962962963
h 0.5630208333333333 0 0.07083333333333333 -0.13240740740740742
g 0.005729166666666666 0.15462962962962962 0.06875 0.44537037037037036
I 0.38697916666666665 0.2361111111111111 0.049479166666666664 0.5712962962962963
g 0.4390625 0.7972222222222223 0.05260416666666667 1.6990740740740742
a 0.8307291666666666 0.38425925925925924 0.03177083333333333 0.8324074074074074
2 0.4401041666666667 0.8277777777777777 0.07552083333333333 1.8055555555555556
e 0.2296875 0.7027777777777777 0.06197916666666667 1.5287037037037037
E 0.28072916666666664 0.8148148148148148 0.06614583333333333 1.761111111111111
z 0.33541666666666664 0.5611111111111111 0.040625 1.2037037037037037
