d 0.096875 0.862037037037037 0.014583333333333334 1.7537037037037038
c 0.034895833333333334 0.1 0.005729166666666666 0.21296296296296297
T 0.12083333333333333 0.2972222222222222 0.008854166666666666 0.6129629629629629
1 0.91875 0.31666666666666665 0.024479166666666666 0.6824074074074075
A 0.55 0.09444444444444444 0.035416666666666666 0.25925925925925924
W 0.5854166666666667 0.6861111111111111 0.0484375 1.4685185185185186
B 0.7375 0.32222222222222224 0.0171875 0.6787037037037037
v 0.5744791666666667 0.6333333333333333 0.0296875 1.325925925925926
j 0.7760416666666666 0.15462962962962962 0.06145833333333333 0.43148148148148147
7 0.2796875 0.4759259259259259 0.04114583333333333 1.0342592592592592
d 0.4947916666666667 0.8324074074074074 0.075 1.8138888888888889
1 0.115625 0 0.06770833333333333 -0.11481481481481481
k 0.75 0.23055555555555557 0.06979166666666667 0.6
Q 0.8989583333333333 0.5388888888888889 0.03177083333333333 1.1407407407407408
Q 0.8140625 0.9638888888888889 0.00625 1.9407407407407407
a 0.7557291666666667 0 0.08802083333333334 -0.09259259259259259
P 0.14010416666666667 0.5407407407407407 0.08645833333333333 1.2527777777777778
X 0.44114583333333335 0.18425925925925926 0.06770833333333333 0.5037037037037037
u 0.6390625 0.5435185185185185 0.03333333333333333 1.1546296296296297
r 0.6177083333333333 0.3962962962962963 0.0234375 0.8398148148148148
