D 0.8942708333333333 0.5064814814814815 0.0875 1.1861111111111111
F 0.058854166666666666 0.032407407407407406 0.05520833333333333 0.175
L 0.990625 0.12314814814814815 0.008854166666666666 0.26481481481481484
p 0.32760416666666664 0.5333333333333333 0.07552083333333333 1.2166666666666666
d 0.42552083333333335 0.7527777777777778 0.0296875 1.5657407407407407
C 0.22447916666666667 0.07685185185185185 0.011979166666666667 0.1787037037037037
r 0.34479166666666666 0.2638888888888889 0.0453125 0.6185185185185185
2 0.42135416666666664 0.15833333333333333 0.042708333333333334 0.40185185185185185
L 0.09739583333333333 0.35185185185185186 0.0359375 0.775
V 0.6098958333333333 0.09259259259259259 0.05572916666666667 0.2962962962962963
S 0.8473958333333333 0.7944444444444444 0.08802083333333334 1.7638888888888888
a 0.18489583333333334 0.20555555555555555 0.0359375 0.48333333333333334
B 0.7401041666666667 0 0.08854166666666667 0.008333333333333333
X 0.22916666666666666 0.6268518518518519 0.06145833333333333 1.3768518518518518
a 0.4 0.30648148148148147 0.06197916666666667 0.7361111111111112
6 0.7197916666666667 0.5907407407407408 0.05416666666666667 1.2898148148148147
i 0.6958333333333333 0.08425925925925926 0.011979166666666667 0.1935185185185185
L 0.89375 0.6194444444444445 0.08645833333333333 1.4111111111111112
e 0.12083333333333333 0 0.06041666666666667 -0.11388888888888889
0 0.6442708333333333 0.7101851851851851 0.023958333333333335 1.4694444444444446
