D 0.7083333333333334 0.6944444444444444 0.029166666666666667 1.4472222222222222
i 0.3453125 0.11388888888888889 0.0203125 0.26944444444444443
c 0.07552083333333333 0.2462962962962963 0.0828125 0.6564814814814814
5 0.9026041666666667 0.8444444444444444 0.07083333333333333 1.8305555555555555
x 0.409375 0.6 0.06979166666666667 1.3388888888888888
5 0.6213541666666667 0.10833333333333334 0.05572916666666667 0.32685185185185184
B 0.9739583333333334 0.0962962962962963 0.08177083333333333 0.35462962962962963
C 0.5677083333333334 0.6342592592592593 0.06770833333333333 1.4037037037037037
s 0.1734375 0.8055555555555556 0.07291666666666667 1.7555555555555555
k 0.03125 0.35462962962962963 0.0140625 0.7379629629629629
9 0.6291666666666667 0.5231481481481481 0.07239583333333334 1.1907407407407407
c 0.5458333333333333 0.35185185185185186 0.03802083333333333 0.7796296296296297
r 0.9338541666666667 0 0.06979166666666667 0.04351851851851852
M 0.8302083333333333 0.34444444444444444 0.07291666666666667 0.8333333333333334
c 0.7760416666666666 0.35833333333333334 0.08072916666666667 0.8777777777777778
r 0.7307291666666667 0.05462962962962963 0.051041666666666666 0.2111111111111111
1 0.8666666666666667 0.2851851851851852 0.04791666666666667 0.6657407407407407
2 0.721875 0.14907407407407408 0.0046875 0.30833333333333335
4 0.3463541666666667 0.799074074074074 0.06510416666666667 1.7277777777777779
a 0.4010416666666667 0.2611111111111111 0.08697916666666666 0.6944444444444444
