d 0.5041666666666667 0.4444444444444444 0.007291666666666667 0.9037037037037037
N 0.9052083333333333 0.3111111111111111 0.078125 0.7777777777777778
P 0.8739583333333333 0.6111111111111112 0.025 1.2722222222222221
Z 0.05625 0.9259259259259259 0.0203125 1.8925925925925926
C 0.821875 0.06018518518518518 0.03229166666666667 0.18425925925925926
x 0.6359375 0.24259259259259258 0.021875 0.5287037037037037
m 0.96875 0.11574074074074074 0.08125 0.3925925925925926
n 0.984375 0.32314814814814813 0.090625 0.8268518518518518
K 0.13072916666666667 0.013888888888888888 0.0859375 0.19907407407407407
u 0.3229166666666667 0.001851851851851852 0.06822916666666666 0.1398148148148148
4 0.9046875 0.4583333333333333 0.0671875 1.05
F 0.8546875 0.8675925925925926 0.033854166666666664 1.8037037037037038
7 0.5015625 0.07407407407407407 0.059895833333333336 0.2675925925925926
D 0.5463541666666667 0.7509259259259259 0.0734375 1.6481481481481481
U 0.16354166666666667 0.2518518518518518 0.0734375 0.649074074074074
Q 0.27760416666666665 0.6675925925925926 0.040625 1.4157407407407407
7 0.7479166666666667 0.425 0.08072916666666667 1.010185185185185
o 0.7328125 0 0.028125 -0.05
7 0.65 0.18055555555555555 0.08489583333333334 0.5296296296296297
a 0.25729166666666664 0.7509259259259259 0.049479166666666664 1.6
