D 0.03958333333333333 0.4111111111111111 0.0578125 0.937037037037037
O 0.1171875 0.23148148148148148 0.028125 0.5194444444444445
o 0.8302083333333333 0.33425925925925926 0.0609375 0.7898148148148149
J 0.45260416666666664 0.7222222222222222 0.09114583333333333 1.625925925925926
i 0.5947916666666667 0.587037037037037 0.050520833333333334 1.2740740740740741
e 0.37604166666666666 0.5296296296296297 0.04739583333333333 1.1537037037037037
Q 0.3859375 0 0.0875 -0.16203703703703703
L 0.2786458333333333 0.05925925925925926 0.07760416666666667 0.27314814814814814
c 0.103125 0.11388888888888889 0.04479166666666667 0.3175925925925926
B 0.0390625 0.8379629629629629 0.019270833333333334 1.7148148148148148
5 0.278125 0.9407407407407408 0.007291666666666667 1.8972222222222221
5 0.8822916666666667 0.4546296296296296 0.0203125 0.95
a 0.5932291666666667 0.05185185185185185 0.01875 0.14166666666666666
r 0.9109375 0.6962962962962963 0.023958333333333335 1.4407407407407407
P 0.42083333333333334 0.5351851851851852 0.0515625 1.173148148148148
0 0.30625 0.5481481481481482 0.013541666666666667 1.124074074074074
v 0.1296875 0.05 0.05416666666666667 0.2074074074074074
D 0.45625 0.3731481481481482 0.08489583333333334 0.9148148148148149
s 0.20729166666666668 0 0.084375 0.1388888888888889
n 0.22447916666666667 0.7870370370370371 0.05364583333333333 1.6814814814814816
