D 0.11145833333333334 0.8833333333333333 0.035416666666666666 1.837962962962963
R 0.6067708333333334 0.14537037037037037 0.06927083333333334 0.42777777777777776
6 0.9109375 0 0.06302083333333333 0.020370370370370372
z 0.34375 0.09351851851851851 0.0578125 0.30277777777777776
d 0.7942708333333334 0.25 0.04791666666666667 0.5953703703703703
b 0.4640625 0.5324074074074074 0.043229166666666666 1.150925925925926
f 0.17135416666666667 0.35462962962962963 0.04375 0.7972222222222223
Y 0.13958333333333334 0.002777777777777778 0.04583333333333333 0.0962962962962963
0 0.025 0.8074074074074075 0.04375 1.701851851851852
B 0.30572916666666666 0.40370370370370373 0.08645833333333333 0.9796296296296296
D 0.8901041666666667 0.14629629629629629 0.0546875 0.40185185185185185
5 0.5255208333333333 0.9453703703703704 0.008854166666666666 1.9092592592592592
h 0.5317708333333333 0.5148148148148148 0.03802083333333333 1.1064814814814814
J 0.665625 0.27685185185185185 0.01875 0.5916666666666667
X 0.6505208333333333 0.525 0.013020833333333334 1.076851851851852
Z 0.4375 0.28703703703703703 0.07135416666666666 0.7157407407407408
M 0.9432291666666667 0.575925925925926 0.005208333333333333 1.162962962962963
K 0.7848958333333333 0.5851851851851851 0.03333333333333333 1.237962962962963
L 0.9833333333333333 0 0.07708333333333334 0.09351851851851851
9 0.6708333333333333 0 0.027604166666666666 -0.03796296296296296
