d 0.6760416666666667 0.75 0.0067708333333333336 1.5148148148148148
s 0.6239583333333333 0.16574074074074074 0.0078125 0.34814814814814815
W 0.1453125 0.18518518518518517 0.06510416666666667 0.5
6 0.7078125 0.6944444444444444 0.021875 1.4333333333333333
w 0.3614583333333333 0 0.06302083333333333 -0.12037037037037036
J 0.23333333333333334 0.6694444444444444 0.0171875 1.374074074074074
h 0.4869791666666667 0.3611111111111111 0.09270833333333334 0.9055555555555556
Y 0.9291666666666667 0.28055555555555556 0.06979166666666667 0.7
b 0.2869791666666667 0.47962962962962963 0.04375 1.0472222222222223
2 0.0921875 0.4861111111111111 0.0703125 1.112037037037037
I 0.4666666666666667 0.8722222222222222 0.052083333333333336 1.849074074074074
3 0.90625 0.787962962962963 0.0375 1.650925925925926
T 0.6182291666666667 0.17962962962962964 0.07291666666666667 0.5046296296296297
R 0.6432291666666666 0.020370370370370372 0.058333333333333334 0.1574074074074074
Y 0.9276041666666667 0.8898148148148148 0.027604166666666666 1.8351851851851853
X 0.7875 0.11851851851851852 0.008333333333333333 0.25462962962962965
R 0.35 0.7620370370370371 0.0765625 1.6768518518518518
e 0.30364583333333334 0.38425925925925924 0.034895833333333334 0.8388888888888889
U 0.3619791666666667 0.20925925925925926 0.005208333333333333 0.42962962962962964
A 0.05260416666666667 0.3592592592592593 0.016666666666666666 0.7518518518518519
