d 0.8994791666666667 0.7490740740740741 0.06770833333333333 1.6324074074074073
z 0.08125 0.2490740740740741 0.0453125 0.5879629629629629
6 0.9109375 0.7935185185185185 0.011458333333333333 1.6101851851851852
E 0.5041666666666667 0.4740740740740741 0.019270833333333334 0.987037037037037
x 0.29791666666666666 0.5175925925925926 0.051041666666666666 1.137037037037037
k 0.8895833333333333 0 0.046875 -0.06851851851851852
X 0.1484375 0.7083333333333334 0.05260416666666667 1.5212962962962964
y 0.16354166666666667 0 0.043229166666666666 -0.013888888888888888
q 0.9671875 0.5324074074074074 0.07447916666666667 1.212962962962963
s 0.5598958333333334 0.5861111111111111 0.021875 1.2166666666666666
g 0.2552083333333333 0.024074074074074074 0.05416666666666667 0.15555555555555556
H 0.45208333333333334 0.7148148148148148 0.03333333333333333 1.4962962962962962
p 0.24895833333333334 0.03148148148148148 0.08541666666666667 0.23333333333333334
5 0.5083333333333333 0.08518518518518518 0.0578125 0.2861111111111111
2 0.2708333333333333 0.6314814814814815 0.025520833333333333 1.3138888888888889
C 0.1 0.05648148148148148 0.0140625 0.14166666666666666
r 0.3859375 0.31574074074074077 0.030729166666666665 0.6935185185185185
E 0.8703125 0.46574074074074073 0.03697916666666667 1.0046296296296295
b 0.03697916666666667 0 0.014583333333333334 0.021296296296296296
E 0.9286458333333333 0.9027777777777778 0.03854166666666667 1.8824074074074073
