E 0.8979166666666667 0.1787037037037037 0.0171875 0.39166666666666666
J 0.6979166666666666 0.27870370370370373 0.018229166666666668 0.5944444444444444
B 0.19322916666666667 0.6824074074074075 0.04479166666666667 1.4546296296296297
C 0.21458333333333332 0.7518518518518519 0.043229166666666666 1.5907407407407408
D 0.28177083333333336 0.7222222222222222 0.049479166666666664 1.5425925925925925
L 0.0875 0 0.0234375 0.037037037037037035
P 0.7526041666666666 0.8175925925925925 0.041666666666666664 1.7185185185185186
j 0.9494791666666667 0.1527777777777778 0.0578125 0.4203703703703704
o 0.8953125 0.14074074074074075 0.0453125 0.37222222222222223
s 0.296875 0.375 0.03802083333333333 0.825925925925926
X 0.9463541666666667 0.7212962962962963 0.021354166666666667 1.4861111111111112
H 0.7463541666666667 0.3768518518518518 0.025520833333333333 0.8055555555555556
D 0.1640625 0.2611111111111111 0.04739583333333333 0.6166666666666667
u 0.3260416666666667 0 0.0921875 -0.04351851851851852
A 0.403125 0.8666666666666667 0.04114583333333333 1.8157407407407407
O 0.903125 0.4842592592592593 0.065625 1.1
B 0.4119791666666667 0.16574074074074074 0.07239583333333334 0.4759259259259259
s 0.22239583333333332 0 0.0375 -0.007407407407407408
T 0.5333333333333333 0.7472222222222222 0.08177083333333333 1.6574074074074074
v 0.7458333333333333 0.34629629629629627 0.029166666666666667 0.7509259259259259
