E 0.7796875 0.05092592592592592 0.0203125 0.1425925925925926
p 0.7744791666666667 0.47685185185185186 0.013541666666666667 0.9814814814814815
q 0.5901041666666667 0.5546296296296296 0.08333333333333333 1.2740740740740741
z 0.5416666666666666 0.799074074074074 0.03229166666666667 1.662962962962963
3 0.6666666666666666 0.8722222222222222 0.0265625 1.798148148148148
V 0.2484375 0 0.06875 0.012962962962962963
W 0.08072916666666667 0 0.08802083333333334 0.1425925925925926
Z 0.6515625 0.6768518518518518 0.033854166666666664 1.4212962962962963
A 0.4817708333333333 0.10833333333333334 0.033854166666666664 0.2851851851851852
5 0.1234375 0.7490740740740741 0.041666666666666664 1.5814814814814815
T 0.8880208333333334 0.29444444444444445 0.013541666666666667 0.6166666666666667
2 0.19635416666666666 0.5601851851851852 0.0328125 1.1861111111111111
S 0.4109375 0.7787037037037037 0.0890625 1.7342592592592592
M 0.7010416666666667 0 0.07604166666666666 -0.0962962962962963
V 0.030208333333333334 0.45555555555555555 0.06458333333333334 1.0398148148148147
V 0.4515625 0.5138888888888888 0.009895833333333333 1.048148148148148
w 0.9369791666666667 0.6759259259259259 0.0859375 1.5222222222222221
Q 0.14375 0.7768518518518519 0.021875 1.598148148148148
3 0.109375 0.5425925925925926 0.018229166666666668 1.1222222222222222
Y 0.37083333333333335 0.42777777777777776 0.026041666666666668 0.9074074074074074
