F 0.6 0.11203703703703703 0.08333333333333333 0.38981481481481484
b 0.13541666666666666 0.5342592592592592 0.030729166666666665 1.1305555555555555
y 0.16614583333333333 0.19722222222222222 0.013020833333333334 0.4212962962962963
x 0.27395833333333336 0.7777777777777778 0.058333333333333334 1.6712962962962963
3 0.5276041666666667 0.5527777777777778 0.05625 1.2175925925925926
9 0.5770833333333333 0.6546296296296297 0.018229166666666668 1.3462962962962963
5 0.3104166666666667 0.2712962962962963 0.0453125 0.6333333333333333
v 0.6291666666666667 0 0.06979166666666667 0.09722222222222222
d 0.8796875 0.35833333333333334 0.0203125 0.7574074074074074
o 0.36041666666666666 0.8277777777777777 0.05416666666666667 1.7638888888888888
l 0.8770833333333333 0.15185185185185185 0.021875 0.3472222222222222
f 0.7109375 0.44722222222222224 0.0109375 0.9166666666666666
r 0.0875 0.2518518518518518 0.08072916666666667 0.6638888888888889
o 0.165625 0.2759259259259259 0.0640625 0.6787037037037037
C 0.9895833333333334 0.09814814814814815 0.026041666666666668 0.24814814814814815
7 0.9963541666666667 0.022222222222222223 0.07395833333333333 0.19074074074074074
G 0.446875 0 0.06770833333333333 0.03333333333333333
F 0.17447916666666666 0.8888888888888888 0.0296875 1.837037037037037
D 0.3171875 0 0.0171875 -0.010185185185185186
L 0.625 0.8861111111111111 0.04895833333333333 1.8694444444444445
