F 0.10572916666666667 0.41203703703703703 0.05520833333333333 0.9342592592592592
k 0.06197916666666667 0.13240740740740742 0.07447916666666667 0.412962962962963
R 0.9567708333333333 0.6935185185185185 0.026041666666666668 1.4398148148148149
2 0.5708333333333333 0.7601851851851852 0.03802083333333333 1.5962962962962963
F 0.8838541666666667 0.35648148148148145 0.0578125 0.8277777777777777
v 0.628125 0.2518518518518518 0.090625 0.6842592592592592
b 0.19635416666666666 0.562037037037037 0.049479166666666664 1.223148148148148
S 0.7239583333333334 0.5555555555555556 0.059375 1.2296296296296296
6 0.5432291666666667 0.7453703703703703 0.015625 1.5231481481481481
d 0.12760416666666666 0.7194444444444444 0.029166666666666667 1.4972222222222222
m 0.4796875 0.225 0.08333333333333333 0.6157407407407407
S 0.440625 0.044444444444444446 0.03333333333333333 0.15555555555555556
L 0.35833333333333334 0.5064814814814815 0.0390625 1.0916666666666666
L 0.6770833333333334 0.8388888888888889 0.053125 1.7842592592592592
u 0.021354166666666667 0.41574074074074074 0.09322916666666667 1.0166666666666666
9 0.88125 0 0.06979166666666667 0.08611111111111111
q 0.9265625 0.24074074074074073 0.08125 0.6425925925925926
h 0.07552083333333333 0.275 0.06614583333333333 0.6814814814814815
e 0.8744791666666667 0 0.058333333333333334 -0.1037037037037037
B 0.6109375 0.9203703703703704 0.0375 1.9157407407407407
