F 0.8791666666666667 0.8194444444444444 0.022916666666666665 1.6851851851851851
n 0.5619791666666667 0.33055555555555555 0.03177083333333333 0.725
f 0.48125 0.3861111111111111 0.058333333333333334 0.887962962962963
p 0.37083333333333335 0.6324074074074074 0.026041666666666668 1.3175925925925926
f 0.7333333333333333 0 0.035416666666666666 -0.05092592592592592
2 0.20364583333333333 0.40185185185185185 0.019270833333333334 0.8425925925925926
F 0.6104166666666667 0.13796296296296295 0.04739583333333333 0.37037037037037035
w 0.46822916666666664 0 0.0515625 0.037037037037037035
J 0.14322916666666666 0.6148148148148148 0.019270833333333334 1.2685185185185186
E 0 0.6666666666666666 0.023958333333333335 1.3814814814814815
j 0.9848958333333333 0.4675925925925926 0.0515625 1.037962962962963
T 0.7692708333333333 0.03425925925925926 0.021354166666666667 0.11203703703703703
q 0.42135416666666664 0.6092592592592593 0.05260416666666667 1.3231481481481482
V 0.30885416666666665 0.11574074074074074 0.0921875 0.4148148148148148
3 0.9994791666666667 0.5740740740740741 0.0765625 1.3009259259259258
T 0.859375 0.24722222222222223 0.020833333333333332 0.5370370370370371
9 0.24479166666666666 0.2175925925925926 0.0765625 0.587037037037037
B 0.984375 0.325 0.0375 0.725
S 0.534375 0.11018518518518519 0.016145833333333335 0.2537037037037037
i 0.39895833333333336 0.9657407407407408 0.005208333333333333 1.9425925925925926
