f 0.06979166666666667 0.3398148148148148 0.08802083333333334 0.8546296296296296
n 0.625 0.8907407407407407 0.0390625 1.8592592592592592
L 0.43854166666666666 0.30648148148148147 0.065625 0.7435185185185185
U 0.9192708333333334 0.8925925925925926 0.021354166666666667 1.8287037037037037
C 0.134375 0.2324074074074074 0.09114583333333333 0.6453703703703704
G 0.7052083333333333 0.7064814814814815 0.0375 1.487962962962963
X 0.9880208333333333 0.3861111111111111 0.08177083333333333 0.9351851851851852
Z 0.3463541666666667 0.12037037037037036 0.08958333333333333 0.4185185185185185
g 0.5395833333333333 0.7518518518518519 0.026041666666666668 1.5564814814814816
g 0.284375 0.575 0.09114583333333333 1.3305555555555555
B 0.6234375 0.44537037037037036 0.09270833333333334 1.075
b 0.8166666666666667 0.09074074074074075 0.005208333333333333 0.1925925925925926
n 0.10208333333333333 0.6666666666666666 0.024479166666666666 1.3824074074074073
W 0.678125 0.5722222222222222 0.07604166666666666 1.2953703703703703
E 0.5885416666666666 0.03796296296296296 0.035416666666666666 0.14722222222222223
4 0.15520833333333334 0.2833333333333333 0.07708333333333334 0.7194444444444444
Q 0.6619791666666667 0.6925925925925925 0.049479166666666664 1.4842592592592592
z 0.03125 0.7083333333333334 0.0703125 1.5564814814814816
r 0.9880208333333333 0.43148148148148147 0.03697916666666667 0.937037037037037
L 0.475 0.2037037037037037 0.0859375 0.5777777777777777
