g 0.5005208333333333 0.5962962962962963 0.05260416666666667 1.298148148148148
4 0.6072916666666667 0.075 0.08333333333333333 0.31574074074074077
S 0.5958333333333333 0 0.07760416666666667 -0.008333333333333333
f 0.0828125 0 0.052083333333333336 0.06759259259259259
1 0.8713541666666667 0.11944444444444445 0.0609375 0.3611111111111111
4 0.7338541666666667 0.46111111111111114 0.06354166666666666 1.048148148148148
A 0.06041666666666667 0.7675925925925926 0.08229166666666667 1.6990740740740742
W 0.40989583333333335 0.4925925925925926 0.016666666666666666 1.0185185185185186
j 0.8296875 0.2564814814814815 0.043229166666666666 0.6
u 0.3145833333333333 0.6314814814814815 0.06302083333333333 1.387962962962963
h 0.29322916666666665 0.6222222222222222 0.08541666666666667 1.4148148148148147
c 0.04791666666666667 0.4064814814814815 0.057291666666666664 0.9277777777777778
u 0.9666666666666667 0 0.08541666666666667 -0.09074074074074075
v 0.596875 0.2564814814814815 0.0875 0.6861111111111111
R 0.9619791666666667 0.23333333333333334 0.06354166666666666 0.5935185185185186
3 0.8338541666666667 0.7342592592592593 0.06822916666666666 1.6037037037037036
C 0.48333333333333334 0 0.046875 -0.04259259259259259
s 0.196875 0.8638888888888889 0.035416666666666666 1.799074074074074
d 0.16979166666666667 0.012037037037037037 0.08489583333333334 0.1925925925925926
K 0.8354166666666667 0.6703703703703704 0.021354166666666667 1.3842592592592593
