g 0.5177083333333333 0.6972222222222222 0.08697916666666666 1.5666666666666667
b 0.5197916666666667 0.2916666666666667 0.016666666666666666 0.6175925925925926
R 0.6380208333333334 0.9611111111111111 0.00625 1.9351851851851851
Z 0.10260416666666666 0.5990740740740741 0.06822916666666666 1.3342592592592593
u 0.6447916666666667 0.5851851851851851 0.021354166666666667 1.2138888888888888
i 0.959375 0.737037037037037 0.018229166666666668 1.511111111111111
6 0.6416666666666667 0.6277777777777778 0.05572916666666667 1.3666666666666667
S 0.9421875 0.7675925925925926 0.0859375 1.7055555555555555
n 0.4239583333333333 0.525 0.04739583333333333 1.1453703703703704
M 0.4322916666666667 0.49444444444444446 0.07447916666666667 1.137037037037037
6 0.24479166666666666 0.4861111111111111 0.03333333333333333 1.038888888888889
D 0.0421875 0 0.08072916666666667 0.13703703703703704
b 0.4203125 0.5574074074074075 0.017708333333333333 1.150925925925926
1 0.9239583333333333 0.2101851851851852 0.015104166666666667 0.45185185185185184
u 0.43125 0.23981481481481481 0.06041666666666667 0.6
U 0.9869791666666666 0.09907407407407408 0.084375 0.36574074074074076
p 0.4953125 0.812037037037037 0.053125 1.7296296296296296
w 0.4119791666666667 0.5425925925925926 0.06510416666666667 1.2138888888888888
D 0.4630208333333333 0.6648148148148149 0.053125 1.4351851851851851
2 0.6260416666666667 0.4009259259259259 0.0359375 0.8731481481481481
