g 0.11197916666666667 0.30648148148148147 0.0890625 0.7898148148148149
G 0.5755208333333334 0.7361111111111112 0.03802083333333333 1.548148148148148
d 0.7234375 0.04537037037037037 0.017708333333333333 0.1259259259259259
y 0.3984375 0.6462962962962963 0.04791666666666667 1.387962962962963
Y 0.18229166666666666 0.8064814814814815 0.08333333333333333 1.7787037037037037
2 0.4166666666666667 0.35462962962962963 0.0328125 0.775
j 0.1515625 0.5342592592592592 0.016145833333333335 1.1009259259259259
s 0.4432291666666667 0.3888888888888889 0.027083333333333334 0.8324074074074074
R 0.6619791666666667 0.007407407407407408 0.08697916666666666 0.18796296296296297
I 0.6552083333333333 0.6888888888888889 0.0171875 1.412962962962963
t 0.23958333333333334 0 0.08802083333333334 -0.11851851851851852
s 0.04010416666666667 0.7870370370370371 0.075 1.724074074074074
X 0.6286458333333333 0.7435185185185185 0.0109375 1.5092592592592593
6 0.17447916666666666 0.5064814814814815 0.058854166666666666 1.1296296296296295
m 0.32395833333333335 0.12037037037037036 0.059895833333333336 0.3592592592592593
D 0.7135416666666666 0.36666666666666664 0.0828125 0.8972222222222223
C 0.7588541666666667 0.3638888888888889 0.013020833333333334 0.7546296296296297
T 0.2864583333333333 0.6481481481481481 0.03802083333333333 1.3722222222222222
i 0.7661458333333333 0 0.09010416666666667 -0.11296296296296296
x 0.8192708333333333 0.36666666666666664 0.08125 0.8944444444444445
