G 0.04635416666666667 0.7620370370370371 0.084375 1.6916666666666667
j 0.0953125 0.20185185185185187 0.09322916666666667 0.5888888888888889
R 0.6572916666666667 0.8018518518518518 0.005208333333333333 1.614814814814815
u 0.39114583333333336 0.8333333333333334 0.010416666666666666 1.6888888888888889
g 0.19010416666666666 0.5268518518518519 0.005729166666666666 1.0657407407407407
F 0.24791666666666667 0 0.0859375 0.17037037037037037
K 0.7828125 0.8694444444444445 0.022395833333333334 1.7842592592592592
u 0.8729166666666667 0.2675925925925926 0.030729166666666665 0.5972222222222222
K 0.5088541666666667 0.21574074074074073 0.08125 0.5925925925925926
J 0.0140625 0.024074074074074074 0.035416666666666666 0.11944444444444445
k 0.4234375 0.6129629629629629 0.021354166666666667 1.2694444444444444
6 0.2453125 0.7907407407407407 0.08125 1.7425925925925927
t 0.6671875 0.011111111111111112 0.0640625 0.15
L 0.5942708333333333 0.725925925925926 0.04114583333333333 1.5342592592592592
p 0.7140625 0.2462962962962963 0.04010416666666667 0.5731481481481482
0 0.7453125 0.014814814814814815 0.07552083333333333 0.17962962962962964
l 0.38645833333333335 0.023148148148148147 0.007291666666666667 0.062037037037037036
6 0.309375 0.5305555555555556 0.06875 1.1981481481481482
s 0.058333333333333334 0.5694444444444444 0.04583333333333333 1.2305555555555556
h 0.2635416666666667 0.36018518518518516 0.034895833333333334 0.7898148148148149
