g 0.35625 0.5027777777777778 0.04375 1.0935185185185186
t 0.0203125 0.7314814814814815 0.04791666666666667 1.5583333333333333
G 0.5182291666666666 0.26481481481481484 0.08385416666666666 0.6962962962962963
n 0.76875 0.28425925925925927 0.051041666666666666 0.6703703703703704
G 0.3229166666666667 0.11203703703703703 0.016145833333333335 0.2574074074074074
j 0.15 0.5694444444444444 0.04375 1.2259259259259259
6 0.30885416666666665 0.10462962962962963 0.014583333333333334 0.2388888888888889
L 0.4203125 0.5805555555555556 0.0359375 1.2333333333333334
V 0.6479166666666667 0.5305555555555556 0.07552083333333333 1.211111111111111
v 0.5864583333333333 0 0.0828125 -0.13240740740740742
I 0.065625 0 0.04479166666666667 0.007407407407407408
y 0.8015625 0.5657407407407408 0.08333333333333333 1.2972222222222223
P 0.07291666666666667 0.021296296296296296 0.030729166666666665 0.1037037037037037
y 0.38177083333333334 0.625 0.030729166666666665 1.3120370370370371
W 0.7885416666666667 0.812962962962963 0.078125 1.7814814814814814
o 0.8401041666666667 0.4925925925925926 0.071875 1.1287037037037038
k 0.09635416666666667 0.8111111111111111 0.0703125 1.762037037037037
N 0.30520833333333336 0.8657407407407407 0.023958333333333335 1.7796296296296297
0 0.8015625 0.37222222222222223 0.0171875 0.7796296296296297
i 0.98125 0.2814814814814815 0.0515625 0.6666666666666666
