G 0.2546875 0.7287037037037037 0.07447916666666667 1.6055555555555556
Z 0.8098958333333334 0.053703703703703705 0.08333333333333333 0.27314814814814814
i 0.6348958333333333 0.1425925925925926 0.09270833333333334 0.46944444444444444
G 0.3729166666666667 0.3990740740740741 0.009895833333333333 0.8194444444444444
i 0.49583333333333335 0.7287037037037037 0.021875 1.5018518518518518
3 0.12447916666666667 0.6722222222222223 0.015104166666666667 1.375
F 0.0671875 0.21851851851851853 0.008854166666666666 0.45555555555555555
r 0.5057291666666667 0.7212962962962963 0.07395833333333333 1.5898148148148148
4 0.36822916666666666 0 0.0734375 0.026851851851851852
3 0.8083333333333333 0.34074074074074073 0.024479166666666666 0.7314814814814815
p 0.15572916666666667 0.4305555555555556 0.024479166666666666 0.9101851851851852
E 0.9427083333333334 0.7388888888888889 0.021875 1.5222222222222221
k 0.07135416666666666 0.7583333333333333 0.0375 1.5916666666666666
x 0.9473958333333333 0 0.08802083333333334 0.03518518518518519
R 0.7151041666666667 0.4046296296296296 0.013020833333333334 0.8361111111111111
1 0.5041666666666667 0.8416666666666667 0.06302083333333333 1.8083333333333333
2 0.6697916666666667 0.001851851851851852 0.044270833333333336 0.09166666666666666
Y 0.934375 0.08055555555555556 0.06927083333333334 0.29907407407407405
L 0.09166666666666666 0.7805555555555556 0.015104166666666667 1.5916666666666666
b 0.8578125 0.5194444444444445 0.04114583333333333 1.1203703703703705
