h 0.09010416666666667 0.012962962962962963 0.0296875 0.08518518518518518
6 0.4395833333333333 0.37222222222222223 0.021354166666666667 0.787962962962963
o 0.27760416666666665 0.2833333333333333 0.0203125 0.6074074074074074
x 0.8395833333333333 0.7925925925925926 0.03697916666666667 1.6592592592592592
H 0.5447916666666667 0.5027777777777778 0.051041666666666666 1.1074074074074074
4 0.65625 0.1425925925925926 0.013541666666666667 0.31296296296296294
H 0.5442708333333334 0.825 0.014583333333333334 1.6796296296296296
q 0.8286458333333333 0.4601851851851852 0.022395833333333334 0.9648148148148148
f 0.9848958333333333 0.6305555555555555 0.025 1.3111111111111111
R 0.8411458333333334 0.3814814814814815 0.065625 0.8935185185185185
S 0.16354166666666667 0.19907407407407407 0.06041666666666667 0.5185185185185185
E 0.7880208333333333 0.7953703703703704 0.09322916666666667 1.775
P 0.2515625 0.6842592592592592 0.021875 1.412962962962963
h 0.8604166666666667 0.3685185185185185 0.046875 0.8305555555555556
O 0.1484375 0 0.071875 -0.12037037037037036
E 0.803125 0.7814814814814814 0.04010416666666667 1.6425925925925926
1 0.043229166666666666 0.7129629629629629 0.09010416666666667 1.6046296296296296
x 0.3203125 0.8555555555555555 0.043229166666666666 1.798148148148148
H 0.19947916666666668 0.5898148148148148 0.033854166666666664 1.2481481481481482
Q 0.4901041666666667 0 0.08020833333333334 -0.09351851851851851
