h 0.4192708333333333 0.019444444444444445 0.010416666666666666 0.06018518518518518
8 0.9536458333333333 0.7805555555555556 0.09270833333333334 1.7453703703703705
5 0.8739583333333333 0.44722222222222224 0.08020833333333334 1.0537037037037038
S 0.27239583333333334 0.5611111111111111 0.040625 1.2027777777777777
n 0.2520833333333333 0.4648148148148148 0.09322916666666667 1.114814814814815
n 0.1203125 0.5685185185185185 0.051041666666666666 1.238888888888889
h 0.7526041666666666 0.39537037037037037 0.06197916666666667 0.9138888888888889
r 0.1671875 0.6287037037037037 0.026041666666666668 1.3092592592592593
u 0.22552083333333334 0 0.0765625 -0.030555555555555555
F 0.1734375 0.7981481481481482 0.015625 1.6277777777777778
L 0.6848958333333334 0.31851851851851853 0.08333333333333333 0.8027777777777778
S 0.6229166666666667 0.7148148148148148 0.06614583333333333 1.5611111111111111
W 0.9572916666666667 0.6342592592592593 0.0109375 1.2907407407407407
I 0.83125 0.23333333333333334 0.036458333333333336 0.5398148148148149
g 0.790625 0.37777777777777777 0.07864583333333333 0.9120370370370371
c 0.5786458333333333 0.3314814814814815 0.0234375 0.7111111111111111
b 0.5197916666666667 0.6898148148148148 0.059895833333333336 1.499074074074074
A 0.6197916666666666 0.3972222222222222 0.06302083333333333 0.9203703703703704
c 0.8057291666666667 0 0.06927083333333334 0.09444444444444444
m 0.2703125 0.850925925925926 0.008854166666666666 1.7203703703703703
