H 0.8822916666666667 0.4935185185185185 0.04895833333333333 1.0851851851851853
m 0.025520833333333333 0.2518518518518518 0.022916666666666665 0.55
Z 0.765625 0.4935185185185185 0.0203125 1.0277777777777777
x 0.6083333333333333 0.7194444444444444 0.013020833333333334 1.4657407407407408
W 0.0125 0 0.08333333333333333 -0.12037037037037036
M 0.6552083333333333 0.637962962962963 0.078125 1.4305555555555556
D 0.06875 0.000925925925925926 0.017708333333333333 0.037037037037037035
c 0.08802083333333334 0 0.058333333333333334 -0.012037037037037037
y 0.18072916666666666 0.5935185185185186 0.058854166666666666 1.3037037037037038
k 0.6864583333333333 0.06759259259259259 0.014583333333333334 0.1648148148148148
8 0.24895833333333334 0.7407407407407407 0.0234375 1.5296296296296297
v 0.8432291666666667 0.26666666666666666 0.016145833333333335 0.5657407407407408
B 0.5020833333333333 0.19074074074074074 0.07239583333333334 0.525
R 0.628125 0.39351851851851855 0.06458333333333334 0.9157407407407407
9 0.0859375 0.8462962962962963 0.04635416666666667 1.7851851851851852
v 0.07395833333333333 0.2898148148148148 0.090625 0.7601851851851852
E 0.2630208333333333 0.5009259259259259 0.08385416666666666 1.1685185185185185
G 0.3302083333333333 0 0.07552083333333333 0.09537037037037037
n 0.353125 0.6324074074074074 0.090625 1.4444444444444444
6 0.6973958333333333 0.6472222222222223 0.021354166666666667 1.337962962962963
