H 0.8098958333333334 0.8203703703703704 0.0421875 1.725
P 0.35104166666666664 0 0.013020833333333334 0.020370370370370372
u 0.4822916666666667 0.5 0.04114583333333333 1.0814814814814815
5 0.9588541666666667 0.6444444444444445 0.07760416666666667 1.4435185185185184
T 0.678125 0.8342592592592593 0.029166666666666667 1.7277777777777779
k 0.45260416666666664 0.35 0.03802083333333333 0.7759259259259259
P 0.959375 0.06481481481481481 0.052083333333333336 0.23333333333333334
w 0.6494791666666667 0.4009259259259259 0.023958333333333335 0.85
b 0.9322916666666666 0.7851851851851852 0.049479166666666664 1.6685185185185185
v 0.7442708333333333 0.15185185185185185 0.06770833333333333 0.43796296296296294
T 0.5453125 0.18703703703703703 0.035416666666666666 0.4444444444444444
e 0.4552083333333333 0.45 0.0515625 1.0027777777777778
Q 0.0828125 0.35 0.0140625 0.7287037037037037
O 0.10833333333333334 0.10092592592592593 0.08489583333333334 0.37037037037037035
w 0.4734375 0.03888888888888889 0.05677083333333333 0.19074074074074074
G 0.46510416666666665 0.0712962962962963 0.07291666666666667 0.28703703703703703
I 0.5302083333333333 0.5601851851851852 0.0859375 1.2907407407407407
9 0.6890625 0.9009259259259259 0.0484375 1.8990740740740741
v 0.29635416666666664 0.4027777777777778 0.027083333333333334 0.8601851851851852
H 0.4 0.8231481481481482 0.013020833333333334 1.673148148148148
