H 0.4239583333333333 0.6287037037037037 0.06510416666666667 1.387037037037037
y 0.9984375 0.38425925925925924 0.07083333333333333 0.9092592592592592
N 0.14427083333333332 0.3148148148148148 0.0625 0.7537037037037037
n 0.0203125 0.5611111111111111 0.08645833333333333 1.2944444444444445
d 0.33177083333333335 0.6194444444444445 0.0109375 1.261111111111111
T 0.18125 0.737037037037037 0.01875 1.512037037037037
2 0.121875 0.4203703703703704 0.025 0.8907407407407407
P 0.21875 0.524074074074074 0.065625 1.1787037037037038
e 0.7640625 0.18333333333333332 0.06510416666666667 0.4962962962962963
1 0.7213541666666666 0.000925925925925926 0.005729166666666666 0.013888888888888888
t 0.8770833333333333 0.14074074074074075 0.08125 0.44351851851851853
T 0.209375 0.4166666666666667 0.015104166666666667 0.8638888888888889
r 0.2265625 0.2851851851851852 0.0421875 0.6546296296296297
C 0.034375 0.3990740740740741 0.0296875 0.8574074074074074
8 0.9083333333333333 0.39444444444444443 0.0734375 0.9351851851851852
o 0.9 0.9259259259259259 0.0046875 1.862037037037037
K 0.7317708333333334 0.14722222222222223 0.051041666666666666 0.3962962962962963
m 0.14322916666666666 0.8324074074074074 0.06354166666666666 1.7907407407407407
7 0.7072916666666667 0.07962962962962963 0.075 0.30833333333333335
R 0.40677083333333336 0.8287037037037037 0.0546875 1.7666666666666666
