i 0.20052083333333334 0.013888888888888888 0.0375 0.10277777777777777
1 0.3416666666666667 0.38425925925925924 0.08333333333333333 0.9342592592592592
R 0.5682291666666667 0.5694444444444444 0.04583333333333333 1.2305555555555556
o 0.27395833333333336 0 0.0671875 -0.03611111111111111
S 0.5328125 0.2564814814814815 0.0078125 0.5287037037037037
F 0.31666666666666665 0.5592592592592592 0.07708333333333334 1.2722222222222221
e 0.96875 0.32222222222222224 0.08177083333333333 0.8074074074074075
n 0.65625 0.2777777777777778 0.04739583333333333 0.6509259259259259
s 0.15 0.8268518518518518 0.0765625 1.8055555555555556
K 0.6302083333333334 0.03518518518518519 0.0921875 0.2537037037037037
T 0.7255208333333333 0.2972222222222222 0.0067708333333333336 0.6083333333333333
j 0.5526041666666667 0.21481481481481482 0.07864583333333333 0.5861111111111111
i 0.6869791666666667 0.6314814814814815 0.040625 1.3435185185185186
X 0.559375 0.3648148148148148 0.03177083333333333 0.7935185185185185
v 0.303125 0.03981481481481482 0.036458333333333336 0.1527777777777778
t 0.6390625 0.7583333333333333 0.011979166666666667 1.5407407407407407
E 0.8411458333333334 0.7092592592592593 0.0921875 1.6009259259259259
n 0.10885416666666667 0 0.05 -0.06296296296296296
d 0.4041666666666667 0.6546296296296297 0.0140625 1.337962962962963
S 0.628125 0.3972222222222222 0.04583333333333333 0.8851851851851852
