i 0.0921875 0.35555555555555557 0.0067708333333333336 0.725
D 0.0296875 0.20555555555555555 0.03854166666666667 0.487962962962963
H 0.5817708333333333 0.11388888888888889 0.06666666666666667 0.3611111111111111
k 0.8213541666666667 0.7546296296296297 0.05520833333333333 1.6185185185185185
9 0.03854166666666667 0.9435185185185185 0.026041666666666668 1.9398148148148149
Z 0.6671875 0 0.0703125 -0.10185185185185185
T 0.6541666666666667 0.462037037037037 0.06875 1.0601851851851851
Y 0.7359375 0.7138888888888889 0.0921875 1.6111111111111112
6 0.09322916666666667 0.6444444444444445 0.0234375 1.336111111111111
K 0.6244791666666667 0.3453703703703704 0.07604166666666666 0.8416666666666667
9 0.9505208333333334 0.7324074074074074 0.0859375 1.635185185185185
d 0.35104166666666664 0.5222222222222223 0.0578125 1.1601851851851852
o 0.9380208333333333 0.8601851851851852 0.0515625 1.8231481481481482
9 0.12552083333333333 0.6481481481481481 0.05625 1.4083333333333334
W 0.8171875 0.5296296296296297 0.023958333333333335 1.1074074074074074
H 0.8770833333333333 0.8685185185185185 0.029166666666666667 1.7953703703703703
g 0.6973958333333333 0.06018518518518518 0.0109375 0.1425925925925926
7 0.4401041666666667 0.45185185185185184 0.035416666666666666 0.975
z 0.22864583333333333 0.49444444444444446 0.05677083333333333 1.1018518518518519
n 0.41041666666666665 0.6203703703703703 0.0421875 1.325
