i 0.2994791666666667 0.6407407407407407 0.04791666666666667 1.3768518518518518
D 0.5526041666666667 0.0824074074074074 0.03854166666666667 0.24166666666666667
x 0.2484375 0 0.03333333333333333 0.032407407407407406
G 0.8942708333333333 0.21481481481481482 0.044270833333333336 0.5185185185185185
e 0.6619791666666667 0 0.03697916666666667 -0.06574074074074074
P 0.9848958333333333 0.8342592592592593 0.0734375 1.8148148148148149
7 0.709375 0.6787037037037037 0.03854166666666667 1.4342592592592593
D 0.3958333333333333 0.6342592592592593 0.0109375 1.2907407407407407
Q 0.4864583333333333 0.7092592592592593 0.06041666666666667 1.538888888888889
O 0.0828125 0.5518518518518518 0.0067708333333333336 1.1175925925925927
c 0.6911458333333333 0.7055555555555556 0.022916666666666665 1.4574074074074075
Z 0.12708333333333333 0.23981481481481481 0.0203125 0.5212962962962963
x 0.5583333333333333 0.20462962962962963 0.0828125 0.5740740740740741
d 0.7984375 0 0.08125 0.014814814814814815
0 0.36614583333333334 0.16666666666666666 0.03177083333333333 0.3972222222222222
d 0.9932291666666667 0.5009259259259259 0.04739583333333333 1.0962962962962963
D 0.3229166666666667 0.4685185185185185 0.015625 0.9685185185185186
w 0.7369791666666666 0.34629629629629627 0.013020833333333334 0.7194444444444444
U 0.5609375 0.6611111111111111 0.030729166666666665 1.3842592592592593
s 0.13697916666666668 0.008333333333333333 0.0359375 0.08888888888888889
