i 0.6895833333333333 0.11666666666666667 0.07864583333333333 0.38981481481481484
h 0.6239583333333333 0.65 0.007291666666666667 1.3157407407407407
I 0.8010416666666667 0.6962962962962963 0.0890625 1.5703703703703704
o 0.2526041666666667 0.662962962962963 0.09114583333333333 1.5064814814814815
c 0.7046875 0.38981481481481484 0.030208333333333334 0.8407407407407408
k 0.24739583333333334 0.6824074074074075 0.005208333333333333 1.375925925925926
m 0.9473958333333333 0.7046296296296296 0.034895833333333334 1.4787037037037036
3 0.04635416666666667 0.562037037037037 0.08072916666666667 1.2842592592592592
W 0.5583333333333333 0.38981481481481484 0.014583333333333334 0.8092592592592592
2 0.9541666666666667 0.5361111111111111 0.010416666666666666 1.0935185185185186
D 0.8729166666666667 0.5388888888888889 0.009375 1.0972222222222223
6 0.5994791666666667 0.7768518518518519 0.07864583333333333 1.7101851851851853
O 0.09739583333333333 0.7592592592592593 0.06510416666666667 1.6481481481481481
G 0.2984375 0.787962962962963 0.025 1.6268518518518518
V 0.7302083333333333 0.29444444444444445 0.08697916666666666 0.7611111111111111
0 0.6755208333333333 0.5740740740740741 0.06979166666666667 1.287037037037037
o 0.43697916666666664 0.3175925925925926 0.0859375 0.8055555555555556
B 0.45677083333333335 0.5583333333333333 0.07604166666666666 1.2675925925925926
f 0.9765625 0.4425925925925926 0.08385416666666666 1.0518518518518518
Z 0.47708333333333336 0 0.0828125 0.08888888888888889
