i 0.971875 0.025925925925925925 0.075 0.20092592592592592
N 0.140625 0.4981481481481482 0.06979166666666667 1.135185185185185
O 0.4265625 0.6083333333333333 0.06822916666666666 1.3527777777777779
a 0.3489583333333333 0.17407407407407408 0.07135416666666666 0.4898148148148148
2 0.428125 0.475 0.06614583333333333 1.0814814814814815
3 0.0328125 0.07592592592592592 0.07760416666666667 0.3055555555555556
H 0.24427083333333333 0.899074074074074 0.0234375 1.8462962962962963
T 0.5578125 0.5361111111111111 0.05364583333333333 1.1787037037037038
S 0.8317708333333333 0.4601851851851852 0.04635416666666667 1.012037037037037
X 0.540625 0.7268518518518519 0.0453125 1.5444444444444445
u 0.03854166666666667 0.6703703703703704 0.0671875 1.474074074074074
J 0.6458333333333334 0.11018518518518519 0.00625 0.23425925925925925
k 0.3619791666666667 0.8712962962962963 0.06354166666666666 1.8694444444444445
o 0.7192708333333333 0.3388888888888889 0.0203125 0.7185185185185186
u 0.20729166666666668 0.20462962962962963 0.053125 0.5148148148148148
z 0.4010416666666667 0 0.07239583333333334 -0.05555555555555555
y 0.5973958333333333 0.7527777777777778 0.021875 1.549074074074074
S 0.8135416666666667 0.5962962962962963 0.030208333333333334 1.2527777777777778
s 0.014583333333333334 0.5046296296296297 0.04739583333333333 1.1037037037037036
N 0.6984375 0.1574074074074074 0.08177083333333333 0.4777777777777778
