i 0.9984375 0.09351851851851851 0.025520833333333333 0.2388888888888889
t 0.06145833333333333 0 0.0125 0.017592592592592594
G 0.2234375 0.8212962962962963 0.0390625 1.7203703703703703
O 0.271875 0.5851851851851851 0.04583333333333333 1.262037037037037
F 0.17447916666666666 0.5703703703703704 0.021354166666666667 1.1833333333333333
e 0.07239583333333334 0.21203703703703702 0.0421875 0.5083333333333333
P 0.14010416666666667 0.8657407407407407 0.059895833333333336 1.8509259259259259
4 0.3921875 0.762962962962963 0.08385416666666666 1.6925925925925926
5 0.31666666666666665 0.03148148148148148 0.07083333333333333 0.20462962962962963
h 0.9328125 0.03148148148148148 0.07864583333333333 0.21944444444444444
b 0.5697916666666667 0.2361111111111111 0.04895833333333333 0.5694444444444444
T 0.08854166666666667 0.33055555555555555 0.09166666666666666 0.8435185185185186
0 0.9114583333333334 0.799074074074074 0.08072916666666667 1.7592592592592593
3 0.16302083333333334 0.4759259259259259 0.0234375 1.0
k 0.1234375 0.7731481481481481 0.05625 1.6583333333333334
P 0.084375 0.6046296296296296 0.058333333333333334 1.325
q 0.778125 0 0.051041666666666666 -0.019444444444444445
T 0.9265625 0.8842592592592593 0.028645833333333332 1.825925925925926
v 0.7666666666666667 0.13240740740740742 0.04479166666666667 0.35462962962962963
8 0.4869791666666667 0.7444444444444445 0.0796875 1.6481481481481481
