i 0.6833333333333333 0.49722222222222223 0.028645833333333332 1.0518518518518518
T 0.8651041666666667 0.6935185185185185 0.0890625 1.5638888888888889
1 0.5375 0.5675925925925925 0.016666666666666666 1.1694444444444445
f 0.1296875 0.7018518518518518 0.0203125 1.4444444444444444
Q 0.06927083333333334 0.31851851851851853 0.08125 0.7981481481481482
3 0.009375 0.6111111111111112 0.015625 1.2546296296296295
9 0.6380208333333334 0.028703703703703703 0.06927083333333334 0.19444444444444445
B 0.034895833333333334 0.6444444444444445 0.06197916666666667 1.412037037037037
8 0.19739583333333333 0.21666666666666667 0.09166666666666666 0.6157407407407407
Y 0.109375 0.2101851851851852 0.07135416666666666 0.562037037037037
R 0.46197916666666666 0.14351851851851852 0.026041666666666668 0.3388888888888889
D 0.7010416666666667 0 0.08072916666666667 0.004629629629629629
l 0.19947916666666668 0.8740740740740741 0.03333333333333333 1.8157407407407407
d 0.6442708333333333 0.21388888888888888 0.06458333333333334 0.5564814814814815
t 0.6177083333333333 0.14722222222222223 0.011458333333333333 0.3175925925925926
b 0.5947916666666667 0.33796296296296297 0.018229166666666668 0.7129629629629629
c 0.9744791666666667 0.32685185185185184 0.015104166666666667 0.6842592592592592
k 0.3171875 0.22870370370370371 0.0359375 0.5287037037037037
M 0.5390625 0.30277777777777776 0.06302083333333333 0.7305555555555555
B 0.027604166666666666 0.11944444444444445 0.022395833333333334 0.28425925925925927
