J 0.03802083333333333 0.7527777777777778 0.0328125 1.5712962962962962
6 0.0515625 0.3888888888888889 0.03229166666666667 0.8425925925925926
v 0.359375 0.04537037037037037 0.015104166666666667 0.12129629629629629
s 0.7640625 0.13796296296296295 0.0765625 0.42777777777777776
V 0.7489583333333333 0.6546296296296297 0.019270833333333334 1.349074074074074
0 0.7078125 0.5583333333333333 0.08854166666666667 1.2925925925925925
H 0.8442708333333333 0.10555555555555556 0.013020833333333334 0.23796296296296296
v 0.9916666666666667 0.017592592592592594 0.005729166666666666 0.04814814814814815
j 0.31875 0.30092592592592593 0.03697916666666667 0.6759259259259259
D 0.4166666666666667 0.8638888888888889 0.026041666666666668 1.7805555555555554
4 0.39375 0.6398148148148148 0.0046875 1.2898148148148147
u 0.04114583333333333 0.725925925925926 0.04479166666666667 1.5407407407407407
Q 0.48802083333333335 0.08055555555555556 0.07552083333333333 0.3111111111111111
b 0.9328125 0.38055555555555554 0.0640625 0.8888888888888888
0 0.40729166666666666 0.11574074074074074 0.0421875 0.31574074074074077
z 0.5026041666666666 0.6388888888888888 0.0203125 1.3185185185185184
H 0.5776041666666667 0.5518518518518518 0.03958333333333333 1.1833333333333333
P 0.4875 0.31296296296296294 0.06041666666666667 0.7462962962962963
O 0.12708333333333333 0.5824074074074074 0.0265625 1.2185185185185186
x 0.1046875 0.9324074074074075 0.019791666666666666 1.9046296296296297
