J 0.6088541666666667 0.5259259259259259 0.011979166666666667 1.075925925925926
F 0.5848958333333333 0.8398148148148148 0.0140625 1.7083333333333333
D 0.21354166666666666 0.8268518518518518 0.06770833333333333 1.787962962962963
1 0.053125 0.7796296296296297 0.0875 1.7333333333333334
Z 0.4036458333333333 0.31851851851851853 0.04375 0.725
7 0.3171875 0.6898148148148148 0.036458333333333336 1.4527777777777777
B 0.23645833333333333 0.6212962962962963 0.0703125 1.3824074074074073
c 0.22604166666666667 0.05925925925925926 0.020833333333333332 0.16018518518518518
y 0.022395833333333334 0.3824074074074074 0.06458333333333334 0.8925925925925926
7 0.8052083333333333 0.8333333333333334 0.0703125 1.8064814814814816
8 0.6484375 0.3907407407407407 0.09010416666666667 0.9601851851851851
t 0.8239583333333333 0.5435185185185185 0.0859375 1.2583333333333333
1 0.7020833333333333 0.09444444444444444 0.06822916666666666 0.325
Q 0.7072916666666667 0.011111111111111112 0.0796875 0.18055555555555555
9 0.8916666666666667 0.5944444444444444 0.027604166666666666 1.2444444444444445
b 0.18020833333333333 0.1527777777777778 0.0890625 0.4824074074074074
I 0.115625 0.2111111111111111 0.07291666666666667 0.5675925925925925
3 0.7229166666666667 0 0.06770833333333333 -0.08611111111111111
1 0.15572916666666667 0.850925925925926 0.04479166666666667 1.7907407407407407
Z 0.2046875 0.23981481481481481 0.0265625 0.5333333333333333
