j 0.1265625 0.40925925925925927 0.0359375 0.8898148148148148
V 0.7114583333333333 0 0.0375 -0.022222222222222223
s 0.0078125 0.6157407407407407 0.03854166666666667 1.3083333333333333
v 0.15 0.38055555555555554 0.0515625 0.8638888888888889
0 0.5442708333333334 0.6370370370370371 0.022916666666666665 1.3203703703703704
6 0.9734375 0.5731481481481482 0.06822916666666666 1.2814814814814814
V 0.09114583333333333 0.9472222222222222 0.017708333333333333 1.9305555555555556
F 0.0067708333333333336 0.3990740740740741 0.0796875 0.9564814814814815
I 0.9041666666666667 0.12962962962962962 0.06979166666666667 0.3972222222222222
Q 0.4666666666666667 0.4398148148148148 0.027604166666666666 0.9351851851851852
q 0.1640625 0.8518518518518519 0.0671875 1.837037037037037
d 0.4791666666666667 0 0.08072916666666667 -0.12777777777777777
9 0.6838541666666667 0.07685185185185185 0.07239583333333334 0.29814814814814816
t 0.53125 0.2388888888888889 0.09270833333333334 0.6620370370370371
x 0.2520833333333333 0.31574074074074077 0.04635416666666667 0.7231481481481481
p 0.75625 0.5861111111111111 0.071875 1.3148148148148149
d 0.3359375 0.774074074074074 0.01875 1.586111111111111
d 0.0609375 0.2212962962962963 0.07291666666666667 0.5879629629629629
a 0.434375 0 0.07447916666666667 -0.1425925925925926
D 0.08958333333333333 0.006481481481481481 0.084375 0.18055555555555555
