K 0.09739583333333333 0.3277777777777778 0.08125 0.8175925925925925
T 0.1421875 0.14166666666666666 0.06614583333333333 0.4148148148148148
u 0.8375 0.8564814814814815 0.011979166666666667 1.737037037037037
k 0.6682291666666667 0.5518518518518518 0.021354166666666667 1.1462962962962964
T 0.8453125 0.19814814814814816 0.07760416666666667 0.55
X 0.4140625 0.20092592592592592 0.008854166666666666 0.4203703703703704
2 0.3828125 0.7416666666666667 0.0296875 1.5435185185185185
t 0.32916666666666666 0.37222222222222223 0.059895833333333336 0.8638888888888889
L 0.9901041666666667 0.5712962962962963 0.06302083333333333 1.2685185185185186
s 0.0703125 0.3675925925925926 0.05 0.8351851851851851
q 0.15416666666666667 0.41574074074074074 0.08125 0.9935185185185185
1 0.8739583333333333 0.5435185185185185 0.09010416666666667 1.2657407407407408
1 0.3338541666666667 0.9009259259259259 0.03697916666666667 1.875925925925926
h 0.8567708333333334 0.6638888888888889 0.03958333333333333 1.4064814814814814
C 0.1984375 0.1398148148148148 0.023958333333333335 0.3277777777777778
v 0.178125 0.612037037037037 0.0703125 1.363888888888889
4 0.41041666666666665 0.4148148148148148 0.06875 0.9666666666666667
C 0.6526041666666667 0.4601851851851852 0.040625 1.000925925925926
1 0.6786458333333333 0.412962962962963 0.04791666666666667 0.9212962962962963
P 0.18645833333333334 0.8759259259259259 0.04791666666666667 1.8472222222222223
