L 0.5942708333333333 0.7240740740740741 0.0421875 1.5324074074074074
9 0.234375 0.5657407407407408 0.028645833333333332 1.1888888888888889
X 0.43020833333333336 0 0.07239583333333334 0.009259259259259259
i 0.35833333333333334 0.8666666666666667 0.009375 1.7527777777777778
J 0.9994791666666667 0.6796296296296296 0.0765625 1.512037037037037
F 0.134375 0.32037037037037036 0.08645833333333333 0.812962962962963
p 0.6432291666666666 0.030555555555555555 0.06770833333333333 0.1962962962962963
y 0.5125 0.5824074074074074 0.05625 1.276851851851852
f 0.7125 0 0.08645833333333333 0.022222222222222223
v 0.7682291666666666 0.637962962962963 0.030208333333333334 1.337037037037037
p 0.47604166666666664 0.2564814814814815 0.09114583333333333 0.6935185185185185
D 0.74375 0.23148148148148148 0.09322916666666667 0.6472222222222223
Q 0.45677083333333335 0.2462962962962963 0.065625 0.6231481481481481
H 0.6078125 0.8074074074074075 0.03333333333333333 1.6814814814814816
V 0.8286458333333333 0.7981481481481482 0.0703125 1.737037037037037
z 0.3609375 0.3435185185185185 0.08177083333333333 0.8490740740740741
z 0.5583333333333333 0.7787037037037037 0.03802083333333333 1.6333333333333333
G 0.9822916666666667 0.010185185185185186 0.065625 0.15092592592592594
D 0.7151041666666667 0.8101851851851852 0.035416666666666666 1.6916666666666667
p 0.11302083333333333 0.2212962962962963 0.030729166666666665 0.5046296296296297
