l 0.7359375 0.41203703703703703 0.03958333333333333 0.9027777777777778
i 0.415625 0.1111111111111111 0.075 0.37222222222222223
8 0.5932291666666667 0.20092592592592592 0.06614583333333333 0.5342592592592592
g 0.9802083333333333 0.1398148148148148 0.022916666666666665 0.32592592592592595
a 0.5078125 0.4824074074074074 0.01875 1.0027777777777778
d 0.8895833333333333 0.8398148148148148 0.029166666666666667 1.738888888888889
1 0.6786458333333333 0.15185185185185185 0.0484375 0.4
j 0.5979166666666667 0 0.0828125 -0.12037037037037036
j 0.35989583333333336 0.3731481481481482 0.08020833333333334 0.9064814814814814
C 0.6317708333333333 0.45185185185185184 0.08020833333333334 1.0629629629629629
N 0.8380208333333333 0.7148148148148148 0.058333333333333334 1.5462962962962963
E 0.884375 0.17592592592592593 0.06614583333333333 0.48333333333333334
b 0.5442708333333334 0.475 0.06979166666666667 1.0888888888888888
c 0.18958333333333333 0 0.04479166666666667 -0.046296296296296294
H 0.052083333333333336 0.06018518518518518 0.018229166666666668 0.15648148148148147
1 0.8260416666666667 0.9712962962962963 0.005208333333333333 1.9537037037037037
2 0.019270833333333334 0.8166666666666667 0.041666666666666664 1.7166666666666666
i 0.0010416666666666667 0.9 0.03229166666666667 1.864814814814815
v 0.19791666666666666 0.30185185185185187 0.025 0.6546296296296297
p 0.6083333333333333 0.09537037037037037 0.075 0.3398148148148148
