l 0.22916666666666666 0 0.08020833333333334 0.017592592592592594
v 0.53125 0.487962962962963 0.044270833333333336 1.0648148148148149
y 0.75 0.8027777777777778 0.029166666666666667 1.6648148148148147
I 0.609375 0.6648148148148149 0.01875 1.3675925925925927
l 0.05 0 0.018229166666666668 0.009259259259259259
Q 0.11510416666666666 0.9814814814814815 0.007291666666666667 1.9787037037037036
0 0.759375 0.25277777777777777 0.09270833333333334 0.6898148148148148
Z 0.24166666666666667 0 0.034375 -0.009259259259259259
N 0.3182291666666667 0.8296296296296296 0.06354166666666666 1.7861111111111112
M 0.4270833333333333 0.49166666666666664 0.07239583333333334 1.1268518518518518
f 0.5494791666666666 0.32314814814814813 0.019791666666666666 0.6861111111111111
p 0.6942708333333333 0.009259259259259259 0.059895833333333336 0.13796296296296295
R 0.6255208333333333 0.2740740740740741 0.020833333333333332 0.5898148148148148
F 0.7838541666666666 0.7842592592592592 0.0453125 1.6592592592592592
3 0.7208333333333333 0.18055555555555555 0.06041666666666667 0.48148148148148145
h 0.8260416666666667 0.43333333333333335 0.041666666666666664 0.95
M 0.9848958333333333 0.6935185185185185 0.053125 1.4925925925925927
G 0.9494791666666667 0.14444444444444443 0.0671875 0.42314814814814816
x 0.5348958333333333 0.44907407407407407 0.0453125 0.9888888888888889
X 0.0671875 0.5333333333333333 0.01875 1.1046296296296296
