L 0.3260416666666667 0.6472222222222223 0.043229166666666666 1.3805555555555555
Z 0.16927083333333334 0.8333333333333334 0.04635416666666667 1.7592592592592593
L 0.6375 0.3388888888888889 0.06979166666666667 0.8166666666666667
5 0.915625 0.0712962962962963 0.022916666666666665 0.18888888888888888
G 0.27708333333333335 0.8425925925925926 0.0640625 1.8129629629629629
2 0.5322916666666667 0.31296296296296294 0.05260416666666667 0.7305555555555555
I 0.9166666666666666 0.7138888888888889 0.0734375 1.5731481481481482
J 0.2515625 0.8101851851851852 0.04114583333333333 1.7027777777777777
S 0.9229166666666667 0 0.016145833333333335 0.005555555555555556
n 0.6239583333333333 0.6064814814814815 0.09322916666666667 1.3981481481481481
f 0.3223958333333333 0.44722222222222224 0.07083333333333333 1.0351851851851852
3 0.2833333333333333 0.9305555555555556 0.0125 1.887037037037037
N 0.1046875 0.25462962962962965 0.013020833333333334 0.5361111111111111
2 0.8682291666666667 0.7425925925925926 0.008854166666666666 1.5037037037037038
S 0.06614583333333333 0.6712962962962963 0.08958333333333333 1.5212962962962964
L 0.19895833333333332 0.225 0.03125 0.512962962962963
a 0.9119791666666667 0.000925925925925926 0.023958333333333335 0.05
l 0.4796875 0.6157407407407407 0.08802083333333334 1.4064814814814814
3 0.2640625 0 0.030208333333333334 -0.03611111111111111
h 0.25104166666666666 0 0.07135416666666666 0.001851851851851852
