M 0.4166666666666667 0.7083333333333334 0.008333333333333333 1.4333333333333333
6 0.5140625 0.3592592592592593 0.09114583333333333 0.9
V 0.5375 0.5611111111111111 0.021875 1.1666666666666667
C 0.0265625 0.225 0.009895833333333333 0.4703703703703704
B 0.378125 0.4648148148148148 0.019791666666666666 0.9703703703703703
e 0.590625 0.05277777777777778 0.03958333333333333 0.18518518518518517
3 0.9916666666666667 0 0.07239583333333334 -0.0962962962962963
T 0.5994791666666667 0 0.0671875 -0.002777777777777778
l 0.575 0 0.021354166666666667 -0.023148148148148147
8 0.6822916666666666 0 0.06666666666666667 -0.019444444444444445
O 0.4083333333333333 0.012037037037037037 0.08802083333333334 0.19907407407407407
0 0.6723958333333333 0.1388888888888889 0.08697916666666666 0.45092592592592595
e 0.7322916666666667 0.23148148148148148 0.022395833333333334 0.5083333333333333
X 0.9791666666666666 0.6166666666666667 0.075 1.3824074074074073
B 0.8822916666666667 0.2953703703703704 0.08958333333333333 0.7685185185185185
i 0.0375 0.9416666666666667 0.005208333333333333 1.8944444444444444
C 0.5119791666666667 0.4685185185185185 0.029166666666666667 0.9953703703703703
v 0.9088541666666666 0.49537037037037035 0.0328125 1.0564814814814816
l 0.45625 0.19444444444444445 0.03229166666666667 0.4537037037037037
z 0.7067708333333333 0.35555555555555557 0.0765625 0.8638888888888889
