m 0.28541666666666665 0.5898148148148148 0.03333333333333333 1.2462962962962962
D 0.9427083333333334 0.4925925925925926 0.08333333333333333 1.15
h 0.8520833333333333 0.38425925925925924 0.042708333333333334 0.8537037037037037
N 0.1921875 0.6972222222222222 0.07864583333333333 1.55
A 0.8177083333333334 0.7564814814814815 0.005208333333333333 1.525
8 0.17083333333333334 0.2074074074074074 0.06927083333333334 0.5518518518518518
J 0.5739583333333333 0.5018518518518519 0.015104166666666667 1.0342592592592592
x 0.31145833333333334 0.1259259259259259 0.05625 0.3638888888888889
a 0.3494791666666667 0.487962962962963 0.07760416666666667 1.1296296296296295
j 0.29270833333333335 0.10925925925925926 0.0328125 0.28425925925925927
q 0.803125 0.4675925925925926 0.021875 0.9796296296296296
Q 0.6145833333333334 0.5111111111111111 0.016666666666666666 1.0564814814814816
7 0.22604166666666667 0.5768518518518518 0.04791666666666667 1.249074074074074
0 0.79375 0.33240740740740743 0.0453125 0.7555555555555555
O 0.8979166666666667 0 0.0609375 -0.09444444444444444
g 0.5890625 0.5351851851851852 0.05260416666666667 1.1759259259259258
8 0.5760416666666667 0.7666666666666667 0.08177083333333333 1.6962962962962962
r 0.22916666666666666 0.7046296296296296 0.035416666666666666 1.4796296296296296
m 0.24895833333333334 0.2851851851851852 0.0046875 0.5805555555555556
z 0.6630208333333333 0.8074074074074075 0.057291666666666664 1.7287037037037036
