M 0.35520833333333335 0.387037037037037 0.023958333333333335 0.8222222222222222
i 0.10208333333333333 0.3768518518518518 0.016145833333333335 0.7870370370370371
P 0.4005208333333333 0.37962962962962965 0.013541666666666667 0.7870370370370371
r 0.17291666666666666 0.16203703703703703 0.08229166666666667 0.48703703703703705
k 0.2552083333333333 0 0.0875 0.125
h 0.965625 0.04537037037037037 0.03229166666666667 0.15555555555555556
c 0.06041666666666667 0.6962962962962963 0.04479166666666667 1.4824074074074074
k 0.5182291666666666 0.4787037037037037 0.05260416666666667 1.0629629629629629
l 0.6119791666666666 0.825925925925926 0.0390625 1.7296296296296296
O 0.45989583333333334 0.04814814814814815 0.05572916666666667 0.2074074074074074
x 0.6682291666666667 0.6675925925925926 0.028125 1.3916666666666666
Q 0.3145833333333333 0.612037037037037 0.03958333333333333 1.3037037037037038
K 0.5020833333333333 0 0.027604166666666666 0.03611111111111111
F 0.8411458333333334 0.6222222222222222 0.0890625 1.4222222222222223
I 0.55625 0.6111111111111112 0.08333333333333333 1.387962962962963
1 0.2921875 0.8425925925925926 0.009895833333333333 1.7064814814814815
v 0.9463541666666667 0.15555555555555556 0.034375 0.37962962962962965
w 0.4708333333333333 0.6324074074074074 0.059895833333333336 1.3842592592592593
A 0.18177083333333333 0.8027777777777778 0.0046875 1.6166666666666667
r 0.140625 0.5314814814814814 0.015625 1.0944444444444446
