M 0.28541666666666665 0.38055555555555554 0.03229166666666667 0.825925925925926
N 0.2916666666666667 0.7657407407407407 0.08802083333333334 1.7064814814814815
u 0.6192708333333333 0.5222222222222223 0.05 1.1444444444444444
B 0.759375 0.4287037037037037 0.0546875 0.9666666666666667
O 0.36614583333333334 0.3824074074074074 0.08125 0.9268518518518518
7 0.036458333333333336 0.6546296296296297 0.014583333333333334 1.3388888888888888
Q 0.5911458333333334 0.7509259259259259 0.027604166666666666 1.5574074074074074
7 0.228125 0.95 0.01875 1.9379629629629629
W 0.3546875 0.525 0.052083333333333336 1.1537037037037037
4 0.4171875 0.23425925925925925 0.03854166666666667 0.5453703703703704
W 0.5541666666666667 0.9268518518518518 0.0078125 1.8703703703703705
E 0.8380208333333333 0.10462962962962963 0.0484375 0.30648148148148147
W 0.7875 0.2564814814814815 0.06145833333333333 0.6351851851851852
l 0.14270833333333333 0.31296296296296294 0.09010416666666667 0.8046296296296296
x 0.7114583333333333 0.7462962962962963 0.050520833333333334 1.5935185185185186
M 0.7473958333333334 0.4222222222222222 0.005729166666666666 0.8564814814814815
j 0.1546875 0.3472222222222222 0.0515625 0.7972222222222223
X 0.7645833333333333 0.7157407407407408 0.05260416666666667 1.5361111111111112
E 0.7739583333333333 0.8194444444444444 0.0421875 1.724074074074074
D 0.17864583333333334 0.5657407407407408 0.05416666666666667 1.239814814814815
