M 0.42864583333333334 0.2064814814814815 0.05364583333333333 0.5194444444444445
X 0.3807291666666667 0.5787037037037037 0.0890625 1.3342592592592593
7 0.503125 0.024074074074074074 0.0921875 0.23148148148148148
e 0.9411458333333333 0 0.08333333333333333 0.07685185185185185
J 0.24166666666666667 0 0.06145833333333333 -0.12129629629629629
z 0.32447916666666665 0.4324074074074074 0.07083333333333333 1.0055555555555555
j 0.19895833333333332 0.31666666666666665 0.057291666666666664 0.7472222222222222
A 0.9177083333333333 0.07222222222222222 0.07552083333333333 0.29444444444444445
d 0.43645833333333334 0.6240740740740741 0.01875 1.2861111111111112
Y 0.490625 0.2212962962962963 0.078125 0.5981481481481481
d 0.8307291666666666 0 0.08854166666666667 -0.12314814814814815
M 0.04479166666666667 0.5046296296296297 0.020833333333333332 1.0509259259259258
N 0.9536458333333333 0 0.08541666666666667 0.004629629629629629
5 0.828125 0.17962962962962964 0.04895833333333333 0.45740740740740743
c 0.07447916666666667 0.6212962962962963 0.035416666666666666 1.3129629629629629
m 0.07239583333333334 0.6277777777777778 0.08489583333333334 1.425
R 0.6401041666666667 0.5740740740740741 0.0328125 1.2138888888888888
a 0.8265625 0.7611111111111111 0.022916666666666665 1.5685185185185184
m 0.125 0.2601851851851852 0.07083333333333333 0.6611111111111111
2 0.309375 0.13518518518518519 0.052083333333333336 0.37407407407407406
