N 0.5942708333333333 0.25555555555555554 0.08229166666666667 0.675
8 0.084375 0 0.01875 -0.022222222222222223
s 0.4510416666666667 0.275 0.05572916666666667 0.6611111111111111
d 0.06875 0 0.059895833333333336 0.003703703703703704
f 0.46927083333333336 0.0712962962962963 0.075 0.2916666666666667
U 0.1578125 0.03796296296296296 0.0625 0.20092592592592592
5 0.6166666666666667 0.2712962962962963 0.0375 0.6175925925925926
9 0.9651041666666667 0.5925925925925926 0.08333333333333333 1.35
C 0.044270833333333336 0.8027777777777778 0.008854166666666666 1.624074074074074
V 0.8859375 0.6370370370370371 0.008333333333333333 1.2916666666666667
7 0.2 0.14074074074074075 0.044270833333333336 0.36944444444444446
x 0.8203125 0 0.023958333333333335 0.04814814814814815
O 0.47604166666666664 0.5472222222222223 0.07395833333333333 1.2416666666666667
O 0.4109375 0.4842592592592593 0.07135416666666666 1.1101851851851852
3 0.7979166666666667 0.04537037037037037 0.06197916666666667 0.21481481481481482
N 0.21927083333333333 0.4787037037037037 0.05572916666666667 1.0685185185185184
9 0.309375 0.7388888888888889 0.0140625 1.5064814814814815
L 0.36770833333333336 0.39444444444444443 0.09010416666666667 0.9685185185185186
i 0.07708333333333334 0.4898148148148148 0.0484375 1.075925925925926
x 0.15572916666666667 0.10833333333333334 0.059895833333333336 0.33611111111111114
