N 0.11614583333333334 0.562037037037037 0.050520833333333334 1.225
a 0.8614583333333333 0.7518518518518519 0.04739583333333333 1.598148148148148
Q 0.16614583333333333 0.7305555555555555 0.0296875 1.5212962962962964
Q 0.19322916666666667 0.7074074074074074 0.040625 1.4962962962962962
u 0.3390625 0.1425925925925926 0.0328125 0.3509259259259259
g 0.9364583333333333 0.9120370370370371 0.0203125 1.864814814814815
B 0.45416666666666666 0.2388888888888889 0.075 0.6277777777777778
q 0.1015625 0.7129629629629629 0.0359375 1.4981481481481482
Z 0.378125 0.6546296296296297 0.01875 1.3472222222222223
F 0.9203125 0.4351851851851852 0.052083333333333336 0.975
S 0.7625 0.6277777777777778 0.09010416666666667 1.4342592592592593
H 0.221875 0.30925925925925923 0.009895833333333333 0.6398148148148148
W 0.35885416666666664 0.48055555555555557 0.046875 1.0546296296296296
7 0.3223958333333333 0.9 0.0171875 1.8351851851851853
d 0.6020833333333333 0.9194444444444444 0.013541666666666667 1.8666666666666667
P 0.1296875 0.5675925925925925 0.028645833333333332 1.1935185185185184
I 0.16666666666666666 0.6888888888888889 0.0859375 1.548148148148148
Z 0.8546875 0.04537037037037037 0.034375 0.16018518518518518
M 0.94375 0.06111111111111111 0.03958333333333333 0.20185185185185187
F 0.6395833333333333 0.24351851851851852 0.04739583333333333 0.5814814814814815
