n 0.12916666666666668 0.6314814814814815 0.034895833333333334 1.3333333333333333
e 0.14947916666666666 0.4101851851851852 0.011979166666666667 0.8453703703703703
h 0.22447916666666667 0.7435185185185185 0.044270833333333336 1.575
G 0.38125 0.03796296296296296 0.07708333333333334 0.22962962962962963
n 0.10729166666666666 0.1925925925925926 0.0890625 0.562037037037037
F 0.5140625 0.24444444444444444 0.06979166666666667 0.6277777777777778
4 0.5875 0.3 0.033854166666666664 0.6685185185185185
b 0.45677083333333335 0.7138888888888889 0.018229166666666668 1.4648148148148148
A 0.8708333333333333 0.18796296296296297 0.065625 0.5074074074074074
q 0.6869791666666667 0.46111111111111114 0.03802083333333333 0.9981481481481481
R 0.8536458333333333 0.6509259259259259 0.0234375 1.349074074074074
D 0.921875 0.18888888888888888 0.0109375 0.4
k 0.7619791666666667 0.9 0.042708333333333334 1.885185185185185
R 0.10677083333333333 0.45092592592592595 0.0796875 1.0601851851851851
H 0.4609375 0.6601851851851852 0.06614583333333333 1.451851851851852
Z 0.6973958333333333 0.8833333333333333 0.023958333333333335 1.8148148148148149
O 0.8322916666666667 0.5 0.0484375 1.0972222222222223
4 0.26614583333333336 0.049074074074074076 0.025520833333333333 0.14907407407407408
p 0.7520833333333333 0.45185185185185184 0.013541666666666667 0.9314814814814815
d 0.3546875 0.6166666666666667 0.007291666666666667 1.2481481481481482
