n 0.3265625 0.43148148148148147 0.08489583333333334 1.0314814814814814
Q 0.31302083333333336 0.7787037037037037 0.023958333333333335 1.6055555555555556
X 0.2598958333333333 0.8601851851851852 0.042708333333333334 1.8055555555555556
P 0.721875 0.9 0.0484375 1.8972222222222221
a 0.5744791666666667 0.687037037037037 0.09114583333333333 1.5546296296296296
t 0.5291666666666667 0.49166666666666664 0.07760416666666667 1.137037037037037
g 0.3067708333333333 0.36666666666666664 0.03854166666666667 0.8101851851851852
Z 0.5171875 0.2814814814814815 0.084375 0.7305555555555555
X 0.5557291666666667 0.7564814814814815 0.08333333333333333 1.6787037037037038
7 0.2765625 0.5583333333333333 0.065625 1.2472222222222222
b 0.96875 0.1712962962962963 0.034375 0.4111111111111111
z 0.6109375 0.5740740740740741 0.015104166666666667 1.1787037037037038
F 0.20572916666666666 0.43425925925925923 0.052083333333333336 0.9722222222222222
q 0.98125 0.7851851851851852 0.06875 1.7064814814814815
E 0.6447916666666667 0.40555555555555556 0.08229166666666667 0.9740740740740741
d 0.20729166666666668 0.4027777777777778 0.0796875 0.9638888888888889
m 0.8489583333333334 0.022222222222222223 0.033854166666666664 0.11203703703703703
R 0.3151041666666667 0.7472222222222222 0.0328125 1.5601851851851851
J 0.9359375 0.2916666666666667 0.0765625 0.7351851851851852
6 0.7984375 0.7203703703703703 0.023958333333333335 1.488888888888889
