N 0.9255208333333333 0.6092592592592593 0.04375 1.3055555555555556
T 0.759375 0 0.009375 0.0
T 0.2984375 0.7842592592592592 0.027604166666666666 1.624074074074074
y 0.5479166666666667 0.03796296296296296 0.07135416666666666 0.2175925925925926
O 0.04010416666666667 0.18518518518518517 0.0046875 0.38055555555555554
v 0.7333333333333333 0.7342592592592593 0.08125 1.6296296296296295
9 0.5427083333333333 0.5824074074074074 0.090625 1.3453703703703703
E 0.3703125 0.09722222222222222 0.0375 0.26944444444444443
A 0.8786458333333333 0.7212962962962963 0.06666666666666667 1.575
m 0.490625 0.21944444444444444 0.0421875 0.524074074074074
3 0.0036458333333333334 0.6407407407407407 0.08958333333333333 1.4592592592592593
N 0.06302083333333333 0.7675925925925926 0.0359375 1.6074074074074074
o 0.2546875 0.17962962962962964 0.042708333333333334 0.44537037037037036
E 0.07708333333333334 0 0.0859375 0.030555555555555555
v 0.034895833333333334 0.3712962962962963 0.05572916666666667 0.8537037037037037
o 0.5083333333333333 0.11851851851851852 0.08697916666666666 0.40925925925925927
v 0.05364583333333333 0.7583333333333333 0.007291666666666667 1.5324074074074074
r 0.46822916666666664 0.23148148148148148 0.05416666666666667 0.5703703703703704
h 0.5083333333333333 0 0.065625 -0.07777777777777778
P 0.7989583333333333 0.8925925925925926 0.022395833333333334 1.8305555555555555
