o 0.6338541666666667 0.4824074074074074 0.09322916666666667 1.15
3 0.928125 0.1925925925925926 0.08697916666666666 0.5574074074074075
m 0.23125 0.3425925925925926 0.040625 0.7657407407407407
r 0.42604166666666665 0.2777777777777778 0.06041666666666667 0.6759259259259259
s 0.7234375 0.04722222222222222 0.06197916666666667 0.2175925925925926
n 0.9984375 0.48333333333333334 0.08177083333333333 1.1287037037037038
o 0.9510416666666667 0.8703703703703703 0.0390625 1.8194444444444444
J 0.8177083333333334 0.25277777777777777 0.058333333333333334 0.6212962962962963
z 0.7833333333333333 0.48148148148148145 0.04010416666666667 1.0435185185185185
t 0.2203125 0 0.09166666666666666 0.1814814814814815
a 0.425 0.19444444444444445 0.0875 0.562962962962963
v 0.640625 0 0.07864583333333333 0.025925925925925925
v 0.734375 0 0.06458333333333334 -0.05925925925925926
S 0.10104166666666667 0.4222222222222222 0.059895833333333336 0.9638888888888889
Q 0.2734375 0.5953703703703703 0.025 1.2407407407407407
H 0.30520833333333336 0.2759259259259259 0.018229166666666668 0.5888888888888889
x 0.4317708333333333 0.20925925925925926 0.06145833333333333 0.5407407407407407
a 0.203125 0.17777777777777778 0.0875 0.5296296296296297
j 0.7838541666666666 0.5268518518518519 0.011979166666666667 1.0787037037037037
1 0.10625 0.2037037037037037 0.07708333333333334 0.5611111111111111
