o 0.5921875 0.47314814814814815 0.034375 1.0148148148148148
J 0.0421875 0.5231481481481481 0.028125 1.1027777777777779
V 0.6072916666666667 0.6046296296296296 0.08072916666666667 1.3694444444444445
I 0.5427083333333333 0.562962962962963 0.03333333333333333 1.1925925925925926
M 0.5869791666666667 0.6620370370370371 0.07447916666666667 1.4722222222222223
A 0.9802083333333333 0.3074074074074074 0.025520833333333333 0.6657407407407407
F 0.2598958333333333 0.44074074074074077 0.034375 0.950925925925926
s 0.8104166666666667 0.2064814814814815 0.044270833333333336 0.5018518518518519
x 0.7442708333333333 0.725925925925926 0.08645833333333333 1.624074074074074
G 0.65 0.47962962962962963 0.06822916666666666 1.0944444444444446
x 0.7270833333333333 0.8962962962962963 0.046875 1.886111111111111
9 0.040625 0.5398148148148149 0.034895833333333334 1.15
1 0.3802083333333333 0.27037037037037037 0.0515625 0.6435185185185185
b 0.271875 0.2574074074074074 0.08333333333333333 0.6805555555555556
N 0.3145833333333333 0.762962962962963 0.008854166666666666 1.5444444444444445
B 0.734375 0.6657407407407407 0.0078125 1.348148148148148
u 0.06666666666666667 0.14629629629629629 0.033854166666666664 0.36018518518518516
B 0.4671875 0.8518518518518519 0.04635416666666667 1.7953703703703703
T 0.9583333333333334 0.8453703703703703 0.05677083333333333 1.8046296296296296
X 0.8359375 0.5092592592592593 0.0765625 1.1712962962962963
