p 0.19375 0.37037037037037035 0.030729166666666665 0.8018518518518518
1 0.33177083333333335 0.2 0.005208333333333333 0.4111111111111111
C 0.08697916666666666 0.462037037037037 0.019270833333333334 0.9629629629629629
l 0.22083333333333333 0.28425925925925927 0.08177083333333333 0.7314814814814815
h 0.19895833333333332 0.02962962962962963 0.010416666666666666 0.08148148148148149
e 0.8307291666666666 0.8888888888888888 0.04479166666666667 1.8675925925925927
w 0.059375 0 0.07708333333333334 -0.041666666666666664
e 0.38177083333333334 0.32314814814814813 0.06666666666666667 0.7796296296296297
I 0.9020833333333333 0.7314814814814815 0.05 1.5629629629629629
0 0.5010416666666667 0.8675925925925926 0.06145833333333333 1.8574074074074074
6 0.559375 0.04259259259259259 0.0234375 0.13240740740740742
H 0.052083333333333336 0.7611111111111111 0.0546875 1.6314814814814815
m 0.7307291666666667 0.2814814814814815 0.03125 0.6259259259259259
x 0.6822916666666666 0.4425925925925926 0.0171875 0.9194444444444444
C 0.4947916666666667 0.6287037037037037 0.044270833333333336 1.3462962962962963
c 0.6375 0.011111111111111112 0.04791666666666667 0.1175925925925926
l 0.0421875 0.28055555555555556 0.06822916666666666 0.6962962962962963
e 0.18958333333333333 0.014814814814814815 0.06875 0.16666666666666666
c 0.8328125 0.850925925925926 0.015104166666666667 1.7324074074074074
L 0.8703125 0 0.09114583333333333 0.07222222222222222
