p 0.0421875 0.12777777777777777 0.06354166666666666 0.3814814814814815
9 0.5828125 0.3712962962962963 0.030729166666666665 0.8037037037037037
l 0.9427083333333334 0.4888888888888889 0.013541666666666667 1.0055555555555555
q 0.9161458333333333 0.8092592592592592 0.0109375 1.6416666666666666
E 0.6203125 0.7074074074074074 0.06927083333333334 1.5527777777777778
X 0.984375 0.7305555555555555 0.005729166666666666 1.474074074074074
W 0.3854166666666667 0.725 0.027083333333333334 1.5046296296296295
y 0.07083333333333333 0 0.053125 -0.06018518518518518
1 0.07708333333333334 0 0.08697916666666666 -0.03796296296296296
C 0.6151041666666667 0.06018518518518518 0.013541666666666667 0.14722222222222223
H 0.7572916666666667 0.5972222222222222 0.025 1.2453703703703705
2 0.45208333333333334 0 0.08125 -0.14537037037037037
k 0.03958333333333333 0.7037037037037037 0.034895833333333334 1.4777777777777779
3 0.065625 0.6805555555555556 0.059895833333333336 1.4805555555555556
4 0.9708333333333333 0.5305555555555556 0.053125 1.1666666666666667
J 0.6848958333333334 0 0.08229166666666667 -0.07222222222222222
H 0.5208333333333334 0.31666666666666665 0.034895833333333334 0.7037037037037037
Q 0.01875 0.6722222222222223 0.043229166666666666 1.4305555555555556
O 0.6421875 0.22685185185185186 0.021875 0.4981481481481482
F 0.4609375 0.262037037037037 0.06979166666666667 0.6620370370370371
