p 0.8963541666666667 0.7796296296296297 0.005208333333333333 1.5703703703703704
m 0.46927083333333336 0.8324074074074074 0.027604166666666666 1.7203703703703703
5 0.45 0 0.050520833333333334 -0.001851851851851852
y 0.515625 0.8703703703703703 0.043229166666666666 1.826851851851852
l 0.6 0.3685185185185185 0.059375 0.8555555555555555
t 0.6859375 0 0.018229166666666668 -0.03518518518518519
u 0.409375 0.49537037037037035 0.0484375 1.087037037037037
q 0.9510416666666667 0.6537037037037037 0.08385416666666666 1.474074074074074
m 0.12916666666666668 0.14074074074074075 0.023958333333333335 0.33055555555555555
z 0.0005208333333333333 0.13518518518518519 0.05 0.36944444444444446
O 0.34791666666666665 0.058333333333333334 0.0125 0.1425925925925926
P 0.43072916666666666 0 0.035416666666666666 -0.020370370370370372
K 0.8807291666666667 0.3731481481481482 0.010416666666666666 0.7675925925925926
Q 0.32760416666666664 0.062037037037037036 0.009375 0.14351851851851852
d 0.509375 0.35 0.019270833333333334 0.7388888888888889
Y 0.6302083333333334 0.19166666666666668 0.00625 0.3962962962962963
Q 0.7651041666666667 0.058333333333333334 0.03125 0.1787037037037037
b 0.334375 0.175 0.008333333333333333 0.3675925925925926
e 0.35989583333333336 0.4703703703703704 0.08333333333333333 1.1064814814814814
2 0.8510416666666667 0.8333333333333334 0.019270833333333334 1.7064814814814815
