P 0.2677083333333333 0 0.04375 0.053703703703703705
O 0.8505208333333333 0.4388888888888889 0.022395833333333334 0.9231481481481482
d 0.2078125 0.6194444444444445 0.021875 1.2833333333333334
0 0.6880208333333333 0.003703703703703704 0.0140625 0.03611111111111111
9 0.5057291666666667 0.55 0.04635416666666667 1.1925925925925926
x 0.33645833333333336 0.2074074074074074 0.0359375 0.4861111111111111
q 0.665625 0.7277777777777777 0.06510416666666667 1.5851851851851853
n 0.5604166666666667 0.03333333333333333 0.07604166666666666 0.2175925925925926
E 0.2328125 0.3148148148148148 0.06822916666666666 0.7648148148148148
D 0.3385416666666667 0.4 0.06510416666666667 0.9296296296296296
2 0.8421875 0.32407407407407407 0.053125 0.7546296296296297
9 0.79375 0.24444444444444444 0.040625 0.5703703703703704
p 0.71875 0.2175925925925926 0.04114583333333333 0.5175925925925926
B 0.3609375 0.43425925925925923 0.05677083333333333 0.9814814814814815
g 0.7677083333333333 0.017592592592592594 0.03958333333333333 0.11481481481481481
Z 0.5828125 0.6064814814814815 0.09010416666666667 1.3925925925925926
z 0.8 0.5953703703703703 0.0067708333333333336 1.2055555555555555
g 0.11197916666666667 0.30462962962962964 0.005208333333333333 0.6203703703703703
R 0.42083333333333334 0 0.06041666666666667 0.03425925925925926
1 0.5921875 0.5962962962962963 0.059895833333333336 1.3120370370370371
