p 0.671875 0.774074074074074 0.0375 1.624074074074074
q 0.325 0.7296296296296296 0.014583333333333334 1.489814814814815
P 0.4140625 0.10555555555555556 0.0640625 0.3388888888888889
J 0.93125 0.25 0.009895833333333333 0.5212962962962963
0 0.5286458333333334 0.5222222222222223 0.0171875 1.0787037037037037
K 0.10364583333333334 0.14351851851851852 0.04010416666666667 0.3675925925925926
q 0.80625 0.18055555555555555 0.05625 0.47314814814814815
w 0.32708333333333334 0.6287037037037037 0.0484375 1.3537037037037036
u 0.2203125 0.49722222222222223 0.04114583333333333 1.076851851851852
c 0.3026041666666667 0.11388888888888889 0.016145833333333335 0.2601851851851852
4 0.26979166666666665 0.21296296296296297 0.08489583333333334 0.5953703703703703
D 0.7729166666666667 0.16296296296296298 0.0921875 0.5092592592592593
3 0.9677083333333333 0 0.0359375 0.024074074074074074
D 0.75625 0.17777777777777778 0.034895833333333334 0.42592592592592593
d 0.3572916666666667 0.7240740740740741 0.059895833333333336 1.5675925925925926
6 0.8270833333333333 0.45092592592592595 0.027083333333333334 0.9555555555555556
A 0.8078125 0.1935185185185185 0.04583333333333333 0.4787037037037037
4 0.9109375 0.262037037037037 0.07864583333333333 0.6805555555555556
y 0.058854166666666666 0.175 0.04791666666666667 0.4462962962962963
o 0.0984375 0.4564814814814815 0.06770833333333333 1.048148148148148
