p 0.4546875 0.8833333333333333 0.0171875 1.8018518518518518
x 0.3380208333333333 0.15555555555555556 0.05 0.4101851851851852
5 0.8651041666666667 0 0.05 0.013888888888888888
P 0.19739583333333333 0 0.06770833333333333 0.025
V 0.13958333333333334 0.7509259259259259 0.0734375 1.6481481481481481
X 0.13802083333333334 0.06018518518518518 0.09322916666666667 0.3055555555555556
o 0.8963541666666667 0.7388888888888889 0.06041666666666667 1.598148148148148
B 0.8255208333333334 0.16111111111111112 0.03854166666666667 0.4
E 0.41510416666666666 0.325 0.03697916666666667 0.7240740740740741
B 0.725 0.38055555555555554 0.03333333333333333 0.8287037037037037
B 0.4630208333333333 0.2111111111111111 0.07864583333333333 0.5787037037037037
e 0.08645833333333333 0 0.0203125 0.03981481481481482
o 0.03802083333333333 0.8842592592592593 0.019791666666666666 1.8083333333333333
9 0.6989583333333333 0.2064814814814815 0.020833333333333332 0.4546296296296296
0 0.6625 0.5981481481481481 0.010416666666666666 1.2175925925925926
P 0.9583333333333334 0.45 0.021354166666666667 0.9435185185185185
4 0.9135416666666667 0.7490740740740741 0.04479166666666667 1.587962962962963
W 0.13177083333333334 0.07685185185185185 0.07447916666666667 0.30185185185185187
s 0.34322916666666664 0 0.026041666666666668 -0.021296296296296296
4 0.39739583333333334 0.9064814814814814 0.013541666666666667 1.8407407407407408
