P 0.9244791666666666 0.18888888888888888 0.06770833333333333 0.512962962962963
Y 0.6213541666666667 0.06944444444444445 0.017708333333333333 0.175
s 0.23958333333333334 0.7157407407407408 0.05416666666666667 1.5398148148148147
y 0.27291666666666664 0.6731481481481482 0.011979166666666667 1.3712962962962962
R 0.25364583333333335 0.5712962962962963 0.07916666666666666 1.3
P 0.8723958333333334 0.6564814814814814 0.04583333333333333 1.4046296296296297
Z 0.4635416666666667 0.6601851851851852 0.0067708333333333336 1.3351851851851853
g 0.728125 0 0.065625 -0.07222222222222222
n 0.9010416666666666 0 0.07864583333333333 0.15462962962962962
c 0.8619791666666666 0.2 0.07708333333333334 0.5527777777777778
X 0.9515625 0.019444444444444445 0.05677083333333333 0.15185185185185185
u 0.6661458333333333 0.2759259259259259 0.071875 0.6953703703703704
d 0.08958333333333333 0.5731481481481482 0.078125 1.3009259259259258
V 0.9359375 0.053703703703703705 0.015625 0.1388888888888889
E 0.6421875 0.04814814814814815 0.028645833333333332 0.15462962962962962
s 0.5458333333333333 0.18611111111111112 0.0640625 0.5
f 0.7755208333333333 0.7018518518518518 0.09270833333333334 1.587962962962963
W 0.4276041666666667 0.012962962962962963 0.022395833333333334 0.0712962962962963
A 0.046875 0.22037037037037038 0.06197916666666667 0.5638888888888889
j 0.7104166666666667 0.17962962962962964 0.013020833333333334 0.3851851851851852
