q 0.39791666666666664 0.2638888888888889 0.05260416666666667 0.6324074074074074
k 0.4296875 0.7379629629629629 0.07447916666666667 1.624074074074074
f 0.6171875 0.7805555555555556 0.0671875 1.6953703703703704
9 0.5239583333333333 0.05277777777777778 0.03802083333333333 0.1814814814814815
D 0.8005208333333333 0.2 0.027083333333333334 0.4537037037037037
P 0.1203125 0.1527777777777778 0.065625 0.4361111111111111
K 0.5546875 0.9083333333333333 0.028645833333333332 1.874074074074074
2 0.0046875 0.14074074074074075 0.00625 0.29444444444444445
T 0.5848958333333333 0.4638888888888889 0.0796875 1.086111111111111
F 0.01875 0 0.026041666666666668 -0.040740740740740744
S 0.5989583333333334 0.799074074074074 0.03125 1.6601851851851852
H 0.16197916666666667 0.4166666666666667 0.08020833333333334 0.9925925925925926
L 0.9328125 0.8546296296296296 0.03854166666666667 1.7861111111111112
7 0.12552083333333333 0.49722222222222223 0.05625 1.1064814814814814
h 0.5776041666666667 0.9296296296296296 0.0046875 1.8694444444444445
G 0.0703125 0.7203703703703703 0.052083333333333336 1.5444444444444445
o 0.6963541666666667 0.44722222222222224 0.04895833333333333 0.9925925925925926
N 0.9020833333333333 0 0.011979166666666667 -0.023148148148148147
3 0.3177083333333333 0.8074074074074075 0.0390625 1.6925925925925926
w 0.7177083333333333 0.662962962962963 0.018229166666666668 1.362962962962963
