q 0.8677083333333333 0.6546296296296297 0.021354166666666667 1.3527777777777779
t 0.5114583333333333 0.49537037037037035 0.025520833333333333 1.0416666666666667
t 0.24427083333333333 0.7712962962962963 0.0140625 1.5712962962962962
N 0.04479166666666667 0.6759259259259259 0.0109375 1.374074074074074
i 0.5421875 0.29907407407407405 0.06197916666666667 0.7212962962962963
e 0.13125 0.03148148148148148 0.0921875 0.2462962962962963
T 0.41822916666666665 0.25462962962962965 0.08541666666666667 0.6796296296296296
F 0.6197916666666666 0 0.06510416666666667 -0.10185185185185185
O 0.2786458333333333 0.5888888888888889 0.0234375 1.225
z 0.13333333333333333 0.7064814814814815 0.021354166666666667 1.4564814814814815
c 0.4265625 0.9064814814814814 0.008333333333333333 1.8296296296296297
6 0.5552083333333333 0.47314814814814815 0.049479166666666664 1.0444444444444445
z 0.5416666666666666 0.3824074074074074 0.0484375 0.862037037037037
y 0.3067708333333333 0.6453703703703704 0.0546875 1.4
s 0.95625 0.4111111111111111 0.035416666666666666 0.8925925925925926
v 0.7395833333333334 0.7240740740740741 0.019791666666666666 1.487962962962963
n 0.8958333333333334 0 0.071875 0.03981481481481482
Y 0.01875 0.7916666666666666 0.028125 1.6398148148148148
d 0.39791666666666664 0.799074074074074 0.04791666666666667 1.6935185185185184
7 0.0203125 0.7814814814814814 0.022916666666666665 1.6092592592592592
