q 0.6395833333333333 0.6527777777777778 0.022916666666666665 1.3518518518518519
Y 0.5135416666666667 0.04722222222222222 0.059895833333333336 0.21388888888888888
p 0.21197916666666666 0.4462962962962963 0.05 0.9925925925925926
n 0.5572916666666666 0 0.04895833333333333 0.08703703703703704
R 0.5802083333333333 0.812962962962963 0.09010416666666667 1.8046296296296296
r 0.63125 0.5685185185185185 0.071875 1.2805555555555554
6 0.625 0.1648148148148148 0.065625 0.4601851851851852
3 0.040625 0.4842592592592593 0.013020833333333334 0.9953703703703703
y 0.484375 0 0.027083333333333334 -0.011111111111111112
G 0.6265625 0.2324074074074074 0.033854166666666664 0.5333333333333333
t 0.49635416666666665 0.13703703703703704 0.021354166666666667 0.3175925925925926
M 0.9354166666666667 0.4759259259259259 0.07604166666666666 1.1037037037037036
Z 0.621875 0.8092592592592592 0.09322916666666667 1.8037037037037038
q 0.18489583333333334 0.5527777777777778 0.027604166666666666 1.1611111111111112
m 0.5989583333333334 0.028703703703703703 0.08854166666666667 0.23333333333333334
D 0.36770833333333336 0.2537037037037037 0.03333333333333333 0.5740740740740741
d 0.44479166666666664 0 0.08645833333333333 -0.03611111111111111
L 0.596875 0.24814814814814815 0.0859375 0.6666666666666666
p 0.6692708333333334 0.29444444444444445 0.058854166666666666 0.7064814814814815
E 0.7192708333333333 0.3824074074074074 0.09010416666666667 0.9435185185185185
