S 0.5114583333333333 0.837037037037037 0.049479166666666664 1.7722222222222221
G 0.6864583333333333 0.5509259259259259 0.017708333333333333 1.137962962962963
u 0.47291666666666665 0.23055555555555557 0.04114583333333333 0.5435185185185185
B 0.840625 0.06944444444444445 0.016666666666666666 0.17314814814814813
6 0.2708333333333333 0.7268518518518519 0.036458333333333336 1.525925925925926
w 0.0546875 0.587037037037037 0.09322916666666667 1.3592592592592592
h 0.46875 0.5388888888888889 0.08802083333333334 1.2518518518518518
1 0.09947916666666666 0.03333333333333333 0.05625 0.1787037037037037
T 0.9505208333333334 0.6944444444444444 0.016145833333333335 1.4222222222222223
m 0.31614583333333335 0.2962962962962963 0.04895833333333333 0.6898148148148148
Y 0.5484375 0.39166666666666666 0.057291666666666664 0.8972222222222223
e 0.8973958333333333 0.4564814814814815 0.09270833333333334 1.0972222222222223
s 0.7682291666666666 0.32222222222222224 0.015104166666666667 0.675
n 0.49947916666666664 0.32407407407407407 0.09166666666666666 0.8296296296296296
0 0.6552083333333333 0.6472222222222223 0.08958333333333333 1.4722222222222223
c 0.028645833333333332 0.8435185185185186 0.025 1.737037037037037
v 0.5786458333333333 0 0.0640625 0.012037037037037037
g 0.6520833333333333 0 0.07708333333333334 -0.14629629629629629
g 0.8630208333333333 0 0.09322916666666667 -0.0712962962962963
B 0.014583333333333334 0.07777777777777778 0.020833333333333332 0.19722222222222222
