S 0.8723958333333334 0.5592592592592592 0.07760416666666667 1.2722222222222221
H 0.240625 0.7935185185185185 0.0203125 1.6287037037037038
R 0.8583333333333333 0.23055555555555557 0.0671875 0.5944444444444444
M 0.5838541666666667 0.7398148148148148 0.057291666666666664 1.5944444444444446
a 0.2484375 0 0.04375 0.058333333333333334
B 0.4010416666666667 0.7222222222222222 0.046875 1.537962962962963
2 0.0078125 0.3648148148148148 0.058854166666666666 0.8472222222222222
H 0.490625 0.7453703703703703 0.07239583333333334 1.6342592592592593
V 0.34791666666666665 0 0.05416666666666667 0.003703703703703704
1 0.3859375 0.5888888888888889 0.06458333333333334 1.3064814814814816
J 0.8947916666666667 0.9111111111111111 0.034375 1.8907407407407408
q 0.8734375 0.7444444444444445 0.03125 1.5518518518518518
T 0.18541666666666667 0.27685185185185185 0.07604166666666666 0.7046296296296296
G 0.7958333333333333 0.8416666666666667 0.07552083333333333 1.8333333333333333
5 0.1859375 0.47314814814814815 0.07447916666666667 1.0944444444444446
i 0.2755208333333333 0.2518518518518518 0.0296875 0.562962962962963
L 0.23333333333333334 0.6925925925925925 0.029166666666666667 1.4435185185185184
M 0.7119791666666667 0.33240740740740743 0.06354166666666666 0.7907407407407407
P 0.8635416666666667 0.6694444444444444 0.052083333333333336 1.4425925925925926
S 0.45625 0 0.06666666666666667 0.07037037037037037
