T 0.8239583333333333 0.6370370370370371 0.021875 1.3185185185185184
2 0.24739583333333334 0.2111111111111111 0.04635416666666667 0.5148148148148148
7 0.528125 0.7592592592592593 0.08697916666666666 1.6916666666666667
g 0.3328125 0.662962962962963 0.059895833333333336 1.4453703703703704
F 0.7166666666666667 0.011111111111111112 0.015104166666666667 0.05277777777777778
v 0.0234375 0.6814814814814815 0.05625 1.475
a 0.4375 0.7296296296296296 0.0828125 1.624074074074074
n 0.9927083333333333 0.8240740740740741 0.06875 1.7851851851851852
h 0.4036458333333333 0.5712962962962963 0.08854166666666667 1.3185185185185184
X 0.2947916666666667 0.09444444444444444 0.011979166666666667 0.21296296296296297
8 0.0026041666666666665 0.20833333333333334 0.04479166666666667 0.5055555555555555
h 0.4427083333333333 0.16296296296296298 0.009895833333333333 0.34629629629629627
d 0.019791666666666666 0.05925925925925926 0.090625 0.29814814814814816
z 0.12447916666666667 0.3814814814814815 0.08958333333333333 0.9407407407407408
1 0.2734375 0.8833333333333333 0.05520833333333333 1.875925925925926
N 0.39947916666666666 0.3435185185185185 0.030729166666666665 0.7490740740740741
C 0.24166666666666667 0.4861111111111111 0.051041666666666666 1.0740740740740742
m 0.8052083333333333 0.05462962962962963 0.016145833333333335 0.1425925925925926
D 0.5734375 0.3351851851851852 0.053125 0.7768518518518519
Z 0.16666666666666666 0 0.09270833333333334 -0.07314814814814814
