T 0.11197916666666667 0.7759259259259259 0.0765625 1.7046296296296297
S 0.45364583333333336 0.11851851851851852 0.022916666666666665 0.2833333333333333
7 0.5916666666666667 0.7592592592592593 0.08072916666666667 1.6787037037037038
R 0.9447916666666667 0.30648148148148147 0.03229166666666667 0.6777777777777778
7 0.5375 0.41388888888888886 0.075 0.9768518518518519
V 0.6119791666666666 0.024074074074074074 0.011979166666666667 0.07314814814814814
f 0.15833333333333333 0.8231481481481482 0.059375 1.7638888888888888
4 0.8703125 0.3101851851851852 0.0078125 0.6361111111111111
N 0.2109375 0.13518518518518519 0.0171875 0.3055555555555556
u 0.3067708333333333 0.8324074074074074 0.03697916666666667 1.737962962962963
0 0.584375 0.7305555555555555 0.005208333333333333 1.4722222222222223
4 0.013541666666666667 0.7972222222222223 0.019791666666666666 1.6342592592592593
X 0.9026041666666667 0.7407407407407407 0.01875 1.5194444444444444
i 0.10104166666666667 0.5157407407407407 0.025520833333333333 1.0833333333333333
V 0.45364583333333336 0.48055555555555557 0.06875 1.0972222222222223
V 0.5135416666666667 0.0712962962962963 0.03854166666666667 0.21944444444444444
o 0.14427083333333332 0.8518518518518519 0.019791666666666666 1.7444444444444445
Z 0.9979166666666667 0.9842592592592593 0.00625 1.9814814814814814
j 0.09375 0.725 0.05520833333333333 1.5601851851851851
e 0.35989583333333336 0.5009259259259259 0.005208333333333333 1.012962962962963
