u 0.31302083333333336 0.20925925925925926 0.0734375 0.5648148148148148
0 0.6729166666666667 0.6814814814814815 0.08958333333333333 1.5407407407407407
D 0.9708333333333333 0.32592592592592595 0.06822916666666666 0.787962962962963
e 0.596875 0.5981481481481481 0.021875 1.239814814814815
b 0.20520833333333333 0.1111111111111111 0.07083333333333333 0.362962962962963
Q 0.9515625 0.9120370370370371 0.0359375 1.8962962962962964
3 0.2526041666666667 0.24444444444444444 0.08958333333333333 0.6666666666666666
U 0.14427083333333332 0.5805555555555556 0.04739583333333333 1.2555555555555555
n 0.159375 0 0.06197916666666667 -0.05925925925925926
C 0.396875 0.6462962962962963 0.049479166666666664 1.3916666666666666
P 0.784375 0.27314814814814814 0.03697916666666667 0.6203703703703703
Z 0.8265625 0.7277777777777777 0.0125 1.4814814814814814
0 0.08802083333333334 0.6361111111111111 0.05364583333333333 1.3796296296296295
A 0.984375 0.6175925925925926 0.029166666666666667 1.2935185185185185
E 0.6046875 0 0.06145833333333333 0.062037037037037036
a 0.24270833333333333 0.4148148148148148 0.09322916666666667 1.0148148148148148
a 0.11197916666666667 0.36203703703703705 0.023958333333333335 0.7722222222222223
2 0.6276041666666666 0.4537037037037037 0.034375 0.9768518518518519
9 0.7177083333333333 0.8083333333333333 0.07239583333333334 1.761111111111111
6 0.9307291666666667 0.6888888888888889 0.09270833333333334 1.5620370370370371
