u 0.3958333333333333 0.6157407407407407 0.023958333333333335 1.2796296296296297
F 0.10260416666666666 0.03518518518518519 0.023958333333333335 0.11944444444444445
G 0.09166666666666666 0.6833333333333333 0.010416666666666666 1.3888888888888888
g 0.3375 0.48148148148148145 0.03333333333333333 1.0296296296296297
n 0.35104166666666664 0.17222222222222222 0.07395833333333333 0.49166666666666664
u 0.8786458333333333 0.5351851851851852 0.0234375 1.1175925925925927
u 0.8328125 0.21574074074074073 0.03125 0.4935185185185185
Y 0.5838541666666667 0.9092592592592592 0.036458333333333336 1.8907407407407408
Q 0.3072916666666667 0.004629629629629629 0.05625 0.12129629629629629
J 0.5182291666666666 0.07777777777777778 0.0390625 0.23333333333333334
N 0.66875 0.3138888888888889 0.050520833333333334 0.7277777777777777
0 0.10625 0.687962962962963 0.041666666666666664 1.4592592592592593
z 0.9520833333333333 0.47962962962962963 0.022395833333333334 1.0046296296296295
T 0.0453125 0.5287037037037037 0.0203125 1.099074074074074
G 0.8020833333333334 0.20277777777777778 0.0359375 0.47685185185185186
b 0.6479166666666667 0.43425925925925923 0.03802083333333333 0.9444444444444444
0 0.8166666666666667 0.06666666666666667 0.03958333333333333 0.21203703703703702
k 0.3020833333333333 0.3148148148148148 0.020833333333333332 0.6722222222222223
p 0.0453125 0.37962962962962965 0.027604166666666666 0.8148148148148148
E 0.8 0.7185185185185186 0.027604166666666666 1.4925925925925927
