u 0.3234375 0.2518518518518518 0.0671875 0.637962962962963
N 0.29010416666666666 0.38796296296296295 0.0640625 0.9027777777777778
T 0.7645833333333333 0.024074074074074074 0.06145833333333333 0.17037037037037037
s 0.4354166666666667 0.20462962962962963 0.034895833333333334 0.47962962962962963
1 0.3489583333333333 0.2935185185185185 0.0078125 0.6027777777777777
S 0.409375 0.3861111111111111 0.0171875 0.8074074074074075
m 0.21145833333333333 0.17962962962962964 0.08385416666666666 0.525
y 0.9067708333333333 0.04259259259259259 0.0421875 0.16944444444444445
r 0.5322916666666667 0.725 0.0328125 1.5157407407407408
q 0.325 0.37777777777777777 0.009375 0.775
N 0.9223958333333333 0.09166666666666666 0.029166666666666667 0.24166666666666667
G 0.22916666666666666 0 0.04635416666666667 -0.0712962962962963
D 0.43697916666666664 0.09814814814814815 0.06510416666666667 0.32592592592592595
R 0.6619791666666667 0.3435185185185185 0.044270833333333336 0.775
B 0.8104166666666667 0.799074074074074 0.08020833333333334 1.7574074074074073
7 0.815625 0.6638888888888889 0.04010416666666667 1.4074074074074074
X 0.28802083333333334 0.09537037037037037 0.0046875 0.20092592592592592
X 0.2953125 0.3277777777777778 0.06302083333333333 0.7814814814814814
i 0.1203125 0.0824074074074074 0.08697916666666666 0.33796296296296297
Z 0.3671875 0.6953703703703704 0.027604166666666666 1.4462962962962962
