u 0.1953125 0.7416666666666667 0.07135416666666666 1.625
u 0.05572916666666667 0.3111111111111111 0.07395833333333333 0.7694444444444445
m 0.8822916666666667 0.4564814814814815 0.0921875 1.0962962962962963
h 0.08645833333333333 0.26666666666666666 0.0328125 0.5990740740740741
t 0.3380208333333333 0.125 0.04479166666666667 0.3388888888888889
l 0.8552083333333333 0.825 0.0484375 1.7462962962962962
Y 0.6223958333333334 0 0.010416666666666666 -0.021296296296296296
K 0.3572916666666667 0.040740740740740744 0.021354166666666667 0.12407407407407407
X 0.64375 0.7342592592592593 0.016666666666666666 1.5027777777777778
w 0.32395833333333335 0.17777777777777778 0.0734375 0.5018518518518519
y 0.19583333333333333 0.08703703703703704 0.050520833333333334 0.275
l 0.9270833333333334 0.43148148148148147 0.010416666666666666 0.8842592592592593
G 0.18125 0.10648148148148148 0.018229166666666668 0.25
7 0.2953125 0.4111111111111111 0.050520833333333334 0.9231481481481482
c 0.4479166666666667 0.13796296296296295 0.041666666666666664 0.3592592592592593
q 0.6380208333333334 0.23148148148148148 0.016666666666666666 0.4962962962962963
7 0.08489583333333334 0 0.03229166666666667 -0.028703703703703703
2 0.7161458333333334 0.30277777777777776 0.06927083333333334 0.7435185185185185
l 0.2046875 0.16111111111111112 0.04010416666666667 0.4027777777777778
z 0.5223958333333333 0.7694444444444445 0.019270833333333334 1.5777777777777777
