u 0.0765625 0.5851851851851851 0.07395833333333333 1.3175925925925926
y 0.47604166666666664 0.2361111111111111 0.028645833333333332 0.5305555555555556
k 0.08020833333333334 0.3824074074074074 0.025520833333333333 0.8157407407407408
L 0.7177083333333333 0.4842592592592593 0.03229166666666667 1.0333333333333334
l 0.9890625 0.8 0.04635416666666667 1.6925925925925926
s 0.9098958333333333 0.3851851851851852 0.07447916666666667 0.9175925925925926
7 0.24322916666666666 0.6666666666666666 0.034895833333333334 1.4027777777777777
S 0.28177083333333336 0.7398148148148148 0.05364583333333333 1.587037037037037
T 0.5677083333333334 0.29444444444444445 0.08229166666666667 0.7518518518518519
A 0.07135416666666666 0.5944444444444444 0.0875 1.362037037037037
E 0.13802083333333334 0.8629629629629629 0.03802083333333333 1.8027777777777778
4 0.8015625 0.7305555555555555 0.03697916666666667 1.5351851851851852
I 0.3625 0.6027777777777777 0.03177083333333333 1.2685185185185186
r 0.004166666666666667 0.6990740740740741 0.084375 1.5657407407407407
K 0.190625 0.3 0.041666666666666664 0.6833333333333333
s 0.2296875 0.06481481481481481 0.0359375 0.20185185185185187
x 0.7677083333333333 0.7916666666666666 0.08072916666666667 1.7435185185185185
w 0.5364583333333334 0.6203703703703703 0.084375 1.4083333333333334
8 0.6453125 0.15185185185185185 0.075 0.4537037037037037
5 0.35104166666666664 0.6157407407407407 0.04739583333333333 1.325925925925926
