V 0.7505208333333333 0.016666666666666666 0.0515625 0.1361111111111111
1 0.7104166666666667 0.6898148148148148 0.015625 1.412037037037037
k 0.04114583333333333 0.4685185185185185 0.013541666666666667 0.9638888888888889
0 0.35989583333333336 0.6592592592592592 0.09010416666666667 1.4972222222222222
A 0.5307291666666667 0.7342592592592593 0.025520833333333333 1.5203703703703704
v 0.03333333333333333 0.4398148148148148 0.016145833333333335 0.912962962962963
I 0.6869791666666667 0.3925925925925926 0.06979166666666667 0.924074074074074
h 0.7161458333333334 0 0.08177083333333333 -0.008333333333333333
w 0.017708333333333333 0.6481481481481481 0.03333333333333333 1.362962962962963
u 0.44166666666666665 0.17592592592592593 0.01875 0.38981481481481484
0 0.9932291666666667 0.6342592592592593 0.05364583333333333 1.375
R 0.5385416666666667 0.43796296296296294 0.013541666666666667 0.9037037037037037
q 0.05416666666666667 0.05555555555555555 0.05520833333333333 0.2212962962962963
0 0.4036458333333333 0.5712962962962963 0.053125 1.249074074074074
H 0.9479166666666666 0.6398148148148148 0.035416666666666666 1.3509259259259259
2 0.9067708333333333 0.7314814814814815 0.022916666666666665 1.5092592592592593
8 0.5651041666666666 0.5972222222222222 0.0640625 1.3222222222222222
X 0.8057291666666667 0.6787037037037037 0.084375 1.525
m 0.8151041666666666 0.003703703703703704 0.0359375 0.07962962962962963
3 0.8015625 0.612037037037037 0.019791666666666666 1.2648148148148148
