V 0.06770833333333333 0.6083333333333333 0.03854166666666667 1.2944444444444445
B 0.5151041666666667 0.7601851851851852 0.027083333333333334 1.575
7 0.5098958333333333 0.8027777777777778 0.021354166666666667 1.6481481481481481
K 0.609375 0.7037037037037037 0.08385416666666666 1.5740740740740742
C 0.9432291666666667 0.03518518518518519 0.022395833333333334 0.11574074074074074
g 0.3723958333333333 0.4425925925925926 0.016666666666666666 0.9185185185185185
N 0.25364583333333335 0.9527777777777777 0.0046875 1.9157407407407407
n 0.3390625 0 0.08229166666666667 0.12222222222222222
y 0.8078125 0.3611111111111111 0.051041666666666666 0.8240740740740741
v 0.4515625 0.5611111111111111 0.016145833333333335 1.1546296296296297
F 0.3 0.23148148148148148 0.0546875 0.5722222222222222
P 0.6864583333333333 0.28703703703703703 0.06666666666666667 0.7074074074074074
4 0.4859375 0.7277777777777777 0.026041666666666668 1.5083333333333333
A 0.9911458333333333 0 0.0640625 0.125
g 0.12760416666666666 0.5064814814814815 0.009895833333333333 1.0333333333333334
i 0.8744791666666667 0.4564814814814815 0.06510416666666667 1.0416666666666667
Q 0.6203125 0.7305555555555555 0.071875 1.6046296296296296
T 0.8203125 0.005555555555555556 0.017708333333333333 0.04722222222222222
R 0.6505208333333333 0.8490740740740741 0.05677083333333333 1.8111111111111111
W 0.26614583333333336 0.8490740740740741 0.04479166666666667 1.787037037037037
