V 0.44427083333333334 0.12962962962962962 0.015104166666666667 0.2898148148148148
C 0.7770833333333333 0.7166666666666667 0.009895833333333333 1.4537037037037037
0 0.43645833333333334 0 0.06510416666666667 -0.11018518518518519
O 0.9302083333333333 0.019444444444444445 0.0796875 0.19722222222222222
I 0.20989583333333334 0.000925925925925926 0.08802083333333334 0.17685185185185184
O 0.19166666666666668 0 0.052083333333333336 0.09907407407407408
8 0.8515625 0 0.06770833333333333 0.025925925925925925
v 0.5197916666666667 0.16666666666666666 0.0921875 0.5166666666666667
z 0.8947916666666667 0.8583333333333333 0.010416666666666666 1.737962962962963
F 0.4671875 0.6768518518518518 0.06041666666666667 1.473148148148148
6 0.11614583333333334 0.05092592592592592 0.04895833333333333 0.2
t 0.9104166666666667 0 0.0859375 -0.025925925925925925
4 0.1296875 0.5666666666666667 0.020833333333333332 1.1759259259259258
k 0.9447916666666667 0.6694444444444444 0.0067708333333333336 1.3527777777777779
B 0.4822916666666667 0.6583333333333333 0.013541666666666667 1.3444444444444446
N 0.178125 0.8703703703703703 0.03229166666666667 1.8055555555555556
a 0.05364583333333333 0.10648148148148148 0.06979166666666667 0.35185185185185186
7 0.8390625 0 0.0625 0.03333333333333333
w 0.3223958333333333 0.6546296296296297 0.016145833333333335 1.3416666666666666
4 0.49322916666666666 0.13796296296296295 0.036458333333333336 0.3490740740740741
