v 0.13229166666666667 0.7527777777777778 0.0625 1.6305555555555555
j 0.11510416666666666 0 0.09010416666666667 -0.06111111111111111
8 0.4036458333333333 0.11481481481481481 0.0296875 0.28888888888888886
S 0.1359375 0.43425925925925923 0.021354166666666667 0.9120370370370371
K 0.6098958333333333 0.7509259259259259 0.04479166666666667 1.5916666666666666
C 0.7651041666666667 0 0.030729166666666665 -0.020370370370370372
u 0.33177083333333335 0.09259259259259259 0.078125 0.3398148148148148
i 0.6640625 0.6981481481481482 0.03333333333333333 1.462962962962963
F 0.4375 0.024074074074074074 0.0390625 0.12685185185185185
y 0.6510416666666666 0.3574074074074074 0.08802083333333334 0.8888888888888888
1 0.2630208333333333 0.27685185185185185 0.020833333333333332 0.5953703703703703
r 0.8442708333333333 0.5361111111111111 0.03697916666666667 1.1462962962962964
3 0.8583333333333333 0 0.08385416666666666 -0.1037037037037037
o 0.7317708333333334 0.3287037037037037 0.09322916666666667 0.8425925925925926
e 0.9510416666666667 0.41759259259259257 0.03854166666666667 0.912962962962963
O 0.5416666666666666 0.5268518518518519 0.08645833333333333 1.2259259259259259
v 0.8536458333333333 0.5 0.08958333333333333 1.1777777777777778
n 0.7005208333333334 0.7083333333333334 0.0140625 1.4453703703703704
A 0.8265625 0.5222222222222223 0.016666666666666666 1.0777777777777777
a 0.7463541666666667 0.9046296296296297 0.04479166666666667 1.8990740740740741
