w 0.9869791666666666 0.7796296296296297 0.08229166666666667 1.7222222222222223
l 0.4078125 0 0.01875 0.011111111111111112
N 0.40625 0.6537037037037037 0.007291666666666667 1.3231481481481482
w 0.5239583333333333 0.7574074074074074 0.015625 1.5462962962962963
A 0.21614583333333334 0.8472222222222222 0.029166666666666667 1.7527777777777778
f 0.5010416666666667 0.9092592592592592 0.0171875 1.8537037037037036
L 0.15260416666666668 0.44722222222222224 0.05416666666666667 1.0018518518518518
8 0.8244791666666667 0.6648148148148149 0.0359375 1.400925925925926
O 0.22135416666666666 0.2611111111111111 0.0796875 0.6805555555555556
T 0.6916666666666667 0.45 0.065625 1.0305555555555554
r 0.734375 0 0.052083333333333336 0.03425925925925926
d 0.3416666666666667 0.14907407407407408 0.041666666666666664 0.3814814814814815
Q 0.7661458333333333 0.18703703703703703 0.049479166666666664 0.47314814814814815
j 0.7229166666666667 0.9361111111111111 0.021354166666666667 1.9157407407407407
5 0.6067708333333334 0.6138888888888889 0.0421875 1.3129629629629629
p 0.04791666666666667 0.3907407407407407 0.026041666666666668 0.8342592592592593
b 0.9270833333333334 0.15185185185185185 0.071875 0.44722222222222224
n 0.7588541666666667 0.3333333333333333 0.043229166666666666 0.7527777777777778
1 0.41822916666666665 0 0.0078125 -0.000925925925925926
z 0.7885416666666667 0.09351851851851851 0.0328125 0.2537037037037037
