W 0.5140625 0.8898148148148148 0.008854166666666666 1.798148148148148
n 0.8838541666666667 0.8564814814814815 0.009375 1.7333333333333334
X 0.24427083333333333 0.4601851851851852 0.08854166666666667 1.0962962962962963
B 0.3333333333333333 0 0.0078125 -0.012037037037037037
I 0.4161458333333333 0.3 0.022395833333333334 0.6453703703703704
x 0.2989583333333333 0.027777777777777776 0.090625 0.2361111111111111
1 0.8776041666666666 0.15185185185185185 0.04791666666666667 0.3990740740740741
o 0.5520833333333334 0.0962962962962963 0.009895833333333333 0.21296296296296297
g 0.7119791666666667 0.3351851851851852 0.03125 0.7333333333333333
L 0.09479166666666666 0.09444444444444444 0.051041666666666666 0.29074074074074074
i 0.036458333333333336 0.5777777777777777 0.011979166666666667 1.1805555555555556
x 0.9276041666666667 0.2175925925925926 0.06875 0.5712962962962963
V 0.33489583333333334 0.5555555555555556 0.09010416666666667 1.2898148148148147
t 0.28072916666666664 0.2953703703703704 0.05 0.6898148148148148
J 0.37916666666666665 0.8388888888888889 0.011979166666666667 1.701851851851852
Y 0.022395833333333334 0.049074074074074076 0.0296875 0.15833333333333333
I 0.9880208333333333 0.7611111111111111 0.052083333333333336 1.625925925925926
s 0.39114583333333336 0.8240740740740741 0.059895833333333336 1.7675925925925926
j 0.6114583333333333 0.787962962962963 0.0296875 1.636111111111111
0 0.18125 0.24166666666666667 0.035416666666666666 0.5546296296296296
