X 0.290625 0.3787037037037037 0.008333333333333333 0.775
c 0.9046875 0.7074074074074074 0.07395833333333333 1.5611111111111111
4 0.8927083333333333 0 0.0875 -0.017592592592592594
v 0.6567708333333333 0.5361111111111111 0.044270833333333336 1.1611111111111112
1 0.9088541666666666 0 0.071875 0.1037037037037037
z 0.4505208333333333 0.55 0.0515625 1.2027777777777777
q 0.053125 0.5027777777777778 0.040625 1.087037037037037
a 0.45208333333333334 0.075 0.08802083333333334 0.325
l 0.10833333333333334 0 0.0671875 0.05092592592592592
Q 0.6375 0.5648148148148148 0.09270833333333334 1.3138888888888889
6 0.60625 0.24351851851851852 0.06458333333333334 0.6157407407407407
l 0.12395833333333334 0.1787037037037037 0.078125 0.512962962962963
J 0.5682291666666667 0.06574074074074074 0.084375 0.29907407407407405
K 0.5005208333333333 0.8527777777777777 0.03958333333333333 1.7851851851851852
l 0.8630208333333333 0.6287037037037037 0.07552083333333333 1.4074074074074074
a 0.10572916666666667 0.8027777777777778 0.015104166666666667 1.637037037037037
S 0.12239583333333333 0.011111111111111112 0.04114583333333333 0.10462962962962963
z 0.17604166666666668 0.010185185185185186 0.0921875 0.20277777777777778
m 0.2833333333333333 0.4546296296296296 0.0203125 0.950925925925926
q 0.7151041666666667 0.10277777777777777 0.007291666666666667 0.22037037037037038
