x 0.20260416666666667 0.6268518518518519 0.06302083333333333 1.3787037037037038
e 0.5421875 0.42685185185185187 0.07708333333333334 1.0074074074074073
P 0.8942708333333333 0.2037037037037037 0.07395833333333333 0.5546296296296296
V 0.43645833333333334 0.5546296296296296 0.078125 1.2648148148148148
z 0.9036458333333334 0.7583333333333333 0.078125 1.6722222222222223
I 0.9552083333333333 0.8037037037037037 0.015104166666666667 1.6388888888888888
S 0.68125 0 0.08072916666666667 -0.08055555555555556
V 0.8510416666666667 0.6731481481481482 0.0203125 1.387962962962963
v 0.6020833333333333 0.7574074074074074 0.016666666666666666 1.549074074074074
u 0.45989583333333334 0.32592592592592595 0.0265625 0.7046296296296296
M 0.7015625 0.3287037037037037 0.04739583333333333 0.7518518518518519
U 0.09947916666666666 0.7675925925925926 0.0125 1.5611111111111111
q 0.4739583333333333 0.3194444444444444 0.06458333333333334 0.7675925925925926
o 0.5369791666666667 0.2712962962962963 0.058333333333333334 0.6583333333333333
8 0.2598958333333333 0.15185185185185185 0.0359375 0.375
e 0.9479166666666666 0.20462962962962963 0.08072916666666667 0.5703703703703704
n 0.6375 0.5805555555555556 0.06302083333333333 1.287037037037037
s 0.8791666666666667 0.18703703703703703 0.04895833333333333 0.47129629629629627
y 0.8083333333333333 0.15925925925925927 0.0796875 0.47685185185185186
Q 0.013020833333333334 0.5083333333333333 0.0203125 1.0583333333333333
