x 0.9125 0.3194444444444444 0.07552083333333333 0.7888888888888889
e 0.9901041666666667 0.5787037037037037 0.09010416666666667 1.337037037037037
L 0.68125 0.32685185185185184 0.052083333333333336 0.7574074074074074
j 0.0625 0.4027777777777778 0.05520833333333333 0.9157407407407407
Y 0.3411458333333333 0.37592592592592594 0.0375 0.8268518518518518
O 0.9239583333333333 0 0.06041666666666667 0.004629629629629629
m 0.051041666666666666 0.05925925925925926 0.07760416666666667 0.2722222222222222
L 0.8182291666666667 0.7787037037037037 0.027083333333333334 1.6111111111111112
5 0.7744791666666667 0.5611111111111111 0.053125 1.2287037037037036
d 0.8651041666666667 0 0.08020833333333334 0.13333333333333333
s 0.6734375 0.22407407407407406 0.06927083333333334 0.5861111111111111
8 0.8890625 0.07592592592592592 0.005729166666666666 0.1648148148148148
g 0.23489583333333333 0.5675925925925925 0.08385416666666666 1.3018518518518518
O 0.30416666666666664 0.8462962962962963 0.053125 1.798148148148148
i 0.7317708333333334 0 0.08072916666666667 0.15462962962962962
h 0.5713541666666667 0.29444444444444445 0.05 0.6888888888888889
Y 0.11822916666666666 0.799074074074074 0.0546875 1.7074074074074075
9 0.22447916666666667 0.8268518518518518 0.035416666666666666 1.725
K 0.7427083333333333 0.10833333333333334 0.0067708333333333336 0.23055555555555557
r 0.8041666666666667 0.85 0.034375 1.7694444444444444
