x 0.903125 0.5259259259259259 0.05416666666666667 1.1601851851851852
K 0.9916666666666667 0.5731481481481482 0.0640625 1.2740740740740741
E 0.471875 0.7583333333333333 0.036458333333333336 1.5898148148148148
Y 0.3046875 0.6268518518518519 0.007291666666666667 1.2694444444444444
T 0.878125 0 0.090625 0.08703703703703704
k 0.3255208333333333 0.19722222222222222 0.03125 0.45740740740740743
P 0.4630208333333333 0.6333333333333333 0.08072916666666667 1.4277777777777778
F 0.10364583333333334 0.4111111111111111 0.04791666666666667 0.9175925925925926
K 0.8489583333333334 0.9027777777777778 0.0421875 1.8898148148148148
C 0.35833333333333334 0.3925925925925926 0.05364583333333333 0.8925925925925926
u 0.11510416666666666 0.6787037037037037 0.08229166666666667 1.5212962962962964
a 0.8729166666666667 0.5185185185185185 0.08802083333333334 1.212037037037037
D 0.15885416666666666 0.5768518518518518 0.0875 1.3277777777777777
l 0.22760416666666666 0.20185185185185187 0.03854166666666667 0.48148148148148145
d 0.4453125 0.39351851851851855 0.043229166666666666 0.8731481481481481
c 0.8265625 0.6222222222222222 0.03229166666666667 1.3083333333333333
x 0.6578125 0.1675925925925926 0.015625 0.3675925925925926
7 0.49895833333333334 0.6564814814814814 0.0875 1.487037037037037
l 0.9979166666666667 0.10555555555555556 0.07447916666666667 0.3592592592592593
j 0.725 0.9120370370370371 0.023958333333333335 1.8722222222222222
