x 0.024479166666666666 0.1175925925925926 0.06770833333333333 0.36944444444444446
M 0.3848958333333333 0.18981481481481483 0.0109375 0.40185185185185185
b 0.35 0.10555555555555556 0.0375 0.2861111111111111
G 0.5432291666666667 0 0.052083333333333336 0.04537037037037037
0 0.9135416666666667 0.22685185185185186 0.08177083333333333 0.6157407407407407
h 0.9151041666666667 0 0.0359375 0.06759259259259259
N 0.22083333333333333 0.16666666666666666 0.07395833333333333 0.48055555555555557
n 0.12447916666666667 0.4166666666666667 0.0203125 0.8740740740740741
G 0.7494791666666667 0.33611111111111114 0.06927083333333334 0.8101851851851852
X 0.9119791666666667 0.05555555555555555 0.023958333333333335 0.15925925925925927
A 0.1671875 0.7685185185185185 0.016666666666666666 1.5712962962962962
D 0.42083333333333334 0.6842592592592592 0.06510416666666667 1.4981481481481482
l 0.35260416666666666 0.4185185185185185 0.005208333333333333 0.8481481481481481
c 0.7291666666666666 0.9777777777777777 0.008333333333333333 1.973148148148148
v 0.2947916666666667 0.25555555555555554 0.08489583333333334 0.6796296296296296
p 0.16510416666666666 0.049074074074074076 0.03854166666666667 0.175
M 0.18333333333333332 0.8037037037037037 0.030729166666666665 1.6685185185185185
y 0.47604166666666664 0 0.0296875 -0.020370370370370372
3 0.6916666666666667 0.8731481481481481 0.0609375 1.8675925925925927
I 0.8427083333333333 0.7379629629629629 0.0671875 1.6092592592592592
