y 0.6822916666666666 0 0.0234375 0.027777777777777776
A 0.7807291666666667 0.7481481481481481 0.06197916666666667 1.6194444444444445
j 0.4625 0 0.06041666666666667 0.08425925925925926
k 0.7536458333333333 0.8305555555555556 0.028645833333333332 1.7194444444444446
P 0.7171875 0.1175925925925926 0.030208333333333334 0.2962962962962963
w 0.6359375 0.7925925925925926 0.035416666666666666 1.6564814814814814
i 0.9479166666666666 0.412962962962963 0.078125 0.9814814814814815
d 0.9244791666666666 0 0.07552083333333333 0.012037037037037037
T 0.0109375 0.5324074074074074 0.033854166666666664 1.1324074074074073
z 0.18541666666666667 0 0.03333333333333333 -0.004629629629629629
7 0.3854166666666667 0.6287037037037037 0.0078125 1.2740740740740741
C 0.640625 0.5435185185185185 0.05364583333333333 1.1935185185185184
z 0.20052083333333334 0.7898148148148149 0.0328125 1.6453703703703704
9 0.3020833333333333 0.6546296296296297 0.023958333333333335 1.3583333333333334
L 0.56875 0.11203703703703703 0.05572916666666667 0.3351851851851852
b 0.7177083333333333 0.1398148148148148 0.036458333333333336 0.3527777777777778
N 0.6182291666666667 0.33611111111111114 0.0296875 0.7314814814814815
s 0.0796875 0.55 0.07552083333333333 1.250925925925926
T 0.1078125 0.7379629629629629 0.027083333333333334 1.5305555555555554
9 0.990625 0.31574074074074077 0.04010416666666667 0.712037037037037
