Y 0.008333333333333333 0.08981481481481482 0.07135416666666666 0.32222222222222224
w 0.878125 0.26851851851851855 0.04739583333333333 0.6314814814814815
s 0.5260416666666666 0 0.08385416666666666 0.09351851851851851
7 0.7411458333333333 0 0.0734375 -0.08425925925925926
F 0.175 0.5259259259259259 0.05416666666666667 1.1592592592592592
x 0.4630208333333333 0.40555555555555556 0.025 0.8611111111111112
L 0.4192708333333333 0 0.05364583333333333 0.10185185185185185
G 0.9442708333333333 0.009259259259259259 0.022395833333333334 0.06296296296296296
z 0.5677083333333334 0.7944444444444444 0.06666666666666667 1.7222222222222223
M 0.234375 0.5953703703703703 0.075 1.3398148148148148
O 0.628125 0.49444444444444446 0.015625 1.0203703703703704
S 0.7609375 0.6592592592592592 0.025520833333333333 1.3694444444444445
a 0.2546875 0.3962962962962963 0.016666666666666666 0.8268518518518518
1 0.6401041666666667 0.9444444444444444 0.021354166666666667 1.9324074074074074
B 0.6213541666666667 0.8212962962962963 0.06145833333333333 1.7648148148148148
f 0.18385416666666668 0.2537037037037037 0.0234375 0.5546296296296296
q 0.2296875 0.5935185185185186 0.052083333333333336 1.2907407407407407
0 0.0875 0 0.0578125 -0.032407407407407406
0 0.12135416666666667 0.3472222222222222 0.017708333333333333 0.7305555555555555
m 0.058854166666666666 0 0.0921875 -0.05462962962962963
