Z 0.4505208333333333 0.07407407407407407 0.009375 0.1675925925925926
B 0.07395833333333333 0.4222222222222222 0.03958333333333333 0.924074074074074
j 0.18645833333333334 0.013888888888888888 0.03125 0.09074074074074075
U 0.38125 0.011111111111111112 0.018229166666666668 0.05925925925925926
a 0.46510416666666665 0.5768518518518518 0.0734375 1.3
p 0.17864583333333334 0.23703703703703705 0.0703125 0.6138888888888889
y 0.2640625 0.8703703703703703 0.018229166666666668 1.776851851851852
b 0.7875 0.5185185185185185 0.06041666666666667 1.1574074074074074
Q 0.45208333333333334 0.21388888888888888 0.022395833333333334 0.47314814814814815
u 0.3927083333333333 0.13796296296296295 0.057291666666666664 0.38981481481481484
4 0.30104166666666665 0.575925925925926 0.07916666666666666 1.3092592592592593
Z 0.65 0.06481481481481481 0.08229166666666667 0.2935185185185185
8 0.6848958333333334 0.11018518518518519 0.06458333333333334 0.3490740740740741
t 0.026041666666666668 0.21296296296296297 0.04375 0.512962962962963
o 0.2526041666666667 0 0.058333333333333334 -0.03981481481481482
o 0.9244791666666666 0.8018518518518518 0.017708333333333333 1.6398148148148148
2 0.6234375 0.06388888888888888 0.07291666666666667 0.27314814814814814
M 0.08229166666666667 0.08055555555555556 0.0703125 0.30092592592592593
K 0.6442708333333333 0.29907407407407405 0.09114583333333333 0.7796296296296297
Z 0.4765625 0.29074074074074074 0.0453125 0.6722222222222223
