z 0.8869791666666667 0.9037037037037037 0.028125 1.864814814814815
D 0.1171875 0.7064814814814815 0.0328125 1.4787037037037036
m 0.7536458333333333 0 0.08541666666666667 -0.027777777777777776
V 0.0765625 0.41574074074074074 0.09114583333333333 1.012037037037037
2 0.21614583333333334 0.47129629629629627 0.0203125 0.9833333333333333
R 0.8859375 0.2953703703703704 0.07760416666666667 0.7453703703703703
V 0.4744791666666667 0.5712962962962963 0.04114583333333333 1.225
K 0.8302083333333333 0.6833333333333333 0.065625 1.4972222222222222
J 0.8484375 0.021296296296296296 0.08020833333333334 0.20185185185185187
a 0.7213541666666666 0.1685185185185185 0.030208333333333334 0.39814814814814814
V 0.984375 0.4648148148148148 0.08645833333333333 1.1018518518518519
Q 0.7130208333333333 0.8518518518518519 0.06875 1.8398148148148148
0 0.43854166666666666 0.15833333333333333 0.0640625 0.4444444444444444
U 0.7557291666666667 0.08518518518518518 0.05572916666666667 0.2814814814814815
p 0.7 0.41203703703703703 0.0625 0.9481481481481482
q 0.4354166666666667 0.674074074074074 0.0125 1.374074074074074
9 0.2609375 0.6648148148148149 0.07916666666666666 1.487037037037037
U 0.3640625 0 0.0578125 -0.013888888888888888
r 0.10416666666666667 0.08425925925925926 0.0203125 0.20925925925925926
d 0.4161458333333333 0.7240740740740741 0.00625 1.462037037037037
