Z 0.8557291666666667 0.7814814814814814 0.046875 1.6564814814814814
l 0.9989583333333333 0.725925925925926 0.04635416666666667 1.5444444444444445
O 0.0234375 0 0.036458333333333336 -0.02962962962962963
Y 0.903125 0.45925925925925926 0.040625 0.9990740740740741
W 0.45260416666666664 0 0.0859375 0.09074074074074075
d 0.7484375 0.044444444444444446 0.043229166666666666 0.17592592592592593
x 0.6182291666666667 0.14907407407407408 0.0046875 0.30833333333333335
c 0.016145833333333335 0.2222222222222222 0.022916666666666665 0.49074074074074076
D 0.8427083333333333 0.03333333333333333 0.03697916666666667 0.14074074074074075
n 0.21822916666666667 0.6212962962962963 0.026041666666666668 1.2953703703703703
k 0.7619791666666667 0.5768518518518518 0.01875 1.1916666666666667
p 0.9619791666666667 0.19074074074074074 0.015625 0.412962962962963
6 0.2578125 0.03611111111111111 0.0046875 0.0824074074074074
N 0.16979166666666667 0.4101851851851852 0.08177083333333333 0.9833333333333333
0 0.26927083333333335 0.39166666666666666 0.017708333333333333 0.8194444444444444
q 0.7895833333333333 0.5564814814814815 0.07760416666666667 1.2666666666666666
a 0.43802083333333336 0.15092592592592594 0.016145833333333335 0.33425925925925926
f 0.42291666666666666 0.4564814814814815 0.01875 0.950925925925926
m 0.8119791666666667 0.08611111111111111 0.025520833333333333 0.22407407407407406
G 0.8536458333333333 0.8324074074074074 0.05520833333333333 1.775
