c 0.2140625 0.4 0.07083333333333333 0.9407407407407408
R 0.2140625 0.4 0.07083333333333333 0.9407407407407408
a 0.2140625 0.4 0.07083333333333333 0.9407407407407408
p 0.2140625 0.4 0.07083333333333333 0.9407407407407408
a 0.2140625 0.4 0.07083333333333333 0.9407407407407408
D 0.2140625 0.4 0.07083333333333333 0.9407407407407408
X 0.2140625 0.4 0.07083333333333333 0.9407407407407408
H 0.2140625 0.4 0.07083333333333333 0.9407407407407408
o 0.2140625 0.4 0.07083333333333333 0.9407407407407408
B 0.2140625 0.4 0.07083333333333333 0.9407407407407408
m 0.2140625 0.4 0.07083333333333333 0.9407407407407408
m 0.2140625 0.4 0.07083333333333333 0.9407407407407408
u 0.2140625 0.4 0.07083333333333333 0.9407407407407408
Z 0.2140625 0.4 0.07083333333333333 0.9407407407407408
Q 0.2140625 0.4 0.07083333333333333 0.9407407407407408
4 0.2140625 0.4 0.07083333333333333 0.9407407407407408
F 0.2140625 0.4 0.07083333333333333 0.9407407407407408
C 0.2140625 0.4 0.07083333333333333 0.9407407407407408
U 0.2140625 0.4 0.07083333333333333 0.9407407407407408
I 0.2140625 0.4 0.07083333333333333 0.9407407407407408
