40 0.3223958333333333 0.18055555555555555 0.06510416666666667 0.12962962962962962
56 0.07395833333333333 0.65 0.08489583333333334 0.16944444444444445
34 0.30572916666666666 0.18055555555555555 0.016145833333333335 0.03333333333333333
4 0.5140625 0.8416666666666667 0.030208333333333334 0.06018518518518518
4 0.8932291666666666 0.4046296296296296 0.005208333333333333 0.011111111111111112
42 0.33125 0.6351851851851852 0.019791666666666666 0.03981481481481482
61 0.14583333333333334 0.0962962962962963 0.06614583333333333 0.13148148148148148
9 0.8375 0.9361111111111111 0.007291666666666667 0.014814814814814815
10 0.2598958333333333 0.23981481481481481 0.03854166666666667 0.07685185185185185
32 0.3697916666666667 0.2972222222222222 0.07083333333333333 0.14166666666666666
49 0.7041666666666667 0.16203703703703703 0.08541666666666667 0.16944444444444445
11 0.5979166666666667 0.17592592592592593 0.05 0.09907407407407408
45 0.8333333333333334 0.3398148148148148 0.059895833333333336 0.11944444444444445
22 0.6458333333333334 0.8481481481481481 0.041666666666666664 0.08333333333333333
13 0.4354166666666667 0.14074074074074075 0.08385416666666666 0.16666666666666666
41 0.5989583333333334 0.6083333333333333 0.028125 0.05648148148148148
55 0.10104166666666667 0.4824074074074074 0.0067708333333333336 0.013888888888888888
44 0.45729166666666665 0.8611111111111112 0.03802083333333333 0.07592592592592592
29 0.6776041666666667 0.0 0.07395833333333333 0.06481481481481481
52 0.3776041666666667 0.03148148148148148 0.0265625 0.05277777777777778
