19 0.14375 0.3490740740740741 0.07864583333333333 0.15555555555555556
39 0.9875 0.5481481481481482 0.0125 0.08518518518518518
42 0.5114583333333333 0.38425925925925924 0.05 0.1
39 0.08125 0.5361111111111111 0.034895833333333334 0.06944444444444445
28 0.9901041666666667 0.42685185185185187 0.009895833333333333 0.14537037037037037
3 0.0109375 0.022222222222222223 0.009895833333333333 0.020370370370370372
26 0.8510416666666667 0.6370370370370371 0.08072916666666667 0.16018518518518518
3 0.0515625 0.125 0.057291666666666664 0.11388888888888889
20 0.9192708333333334 0.37222222222222223 0.07708333333333334 0.1537037037037037
43 0.49166666666666664 0.3537037037037037 0.042708333333333334 0.08518518518518518
15 0.49375 0.44907407407407407 0.011979166666666667 0.024074074074074074
49 0.6151041666666667 0.7129629629629629 0.06458333333333334 0.1287037037037037
6 0.2328125 0.31574074074074077 0.046875 0.09351851851851851
9 0.42291666666666666 0.6888888888888889 0.036458333333333336 0.07314814814814814
20 0.6197916666666666 0.10092592592592593 0.059375 0.11851851851851852
21 0.058854166666666666 0.10925925925925926 0.027083333333333334 0.053703703703703705
62 0.5619791666666667 0.8055555555555556 0.005208333333333333 0.011111111111111112
13 0.6479166666666667 0.0 0.005208333333333333 0.000925925925925926
18 0.6395833333333333 0.17314814814814813 0.065625 0.13148148148148148
50 0.46770833333333334 0.337037037037037 0.08229166666666667 0.16296296296296298
