49 0.2140625 0.1537037037037037 0.023958333333333335 0.04814814814814815
43 0.38385416666666666 0.5861111111111111 0.08489583333333334 0.16944444444444445
58 0.0005208333333333333 0.8481481481481481 0.010416666666666666 0.022222222222222223
10 0.140625 0.019444444444444445 0.06666666666666667 0.13240740740740742
61 0.3802083333333333 0.5046296296296297 0.03958333333333333 0.07962962962962963
27 0.7807291666666667 0.8333333333333334 0.046875 0.09351851851851851
38 0.8552083333333333 0.0 0.0625 0.1037037037037037
52 0.04114583333333333 0.4685185185185185 0.057291666666666664 0.11388888888888889
12 0.9572916666666667 0.7138888888888889 0.042708333333333334 0.16018518518518518
24 0.7354166666666667 0.8 0.08177083333333333 0.16296296296296298
14 0.0296875 0.5046296296296297 0.023958333333333335 0.049074074074074076
25 0.703125 0.8981481481481481 0.0203125 0.041666666666666664
44 0.20208333333333334 0.3787037037037037 0.01875 0.03796296296296296
43 0.24635416666666668 0.3592592592592593 0.07395833333333333 0.14722222222222223
50 0.3109375 0.24166666666666667 0.05260416666666667 0.10462962962962963
52 0.44375 0.9296296296296296 0.005729166666666666 0.012962962962962963
59 0.5489583333333333 0.587037037037037 0.0828125 0.1638888888888889
44 0.9395833333333333 0.09907407407407408 0.06041666666666667 0.12685185185185185
16 0.45625 0.6981481481481482 0.0640625 0.12777777777777777
8 0.6078125 0.33240740740740743 0.0328125 0.06574074074074074
