n 0.8510416666666667 0.325 0.035416666666666666 0.7203703703703703
h 0.5328125 0.35185185185185186 0.04010416666666667 0.7842592592592592
J 0.3614583333333333 0.725925925925926 0.024479166666666666 1.500925925925926
q 0.9776041666666667 0.04259259259259259 0.011458333333333333 0.10833333333333334
O 0.7479166666666667 0.5472222222222223 0.04114583333333333 1.1768518518518518
v 0.0484375 0.5861111111111111 0.04635416666666667 1.2648148148148148
J 0.6645833333333333 0.014814814814814815 0.03854166666666667 0.10648148148148148
8 0.8427083333333333 0.30092592592592593 0.0078125 0.6185185185185185
o 0.5135416666666667 0.5555555555555556 0.03229166666666667 1.1759259259259258
F 0.3692708333333333 0.23425925925925925 0.011979166666666667 0.4935185185185185
L 0.5682291666666667 0.2037037037037037 0.08489583333333334 0.575925925925926
h 0.8197916666666667 0.3527777777777778 0.06875 0.8425925925925926
D 0.321875 0.3314814814814815 0.0296875 0.7231481481481481
C 0.3015625 0.3962962962962963 0.08385416666666666 0.9592592592592593
X 0.721875 0.8175925925925925 0.04010416666666667 1.7148148148148148
e 0.1484375 0 0.021875 -0.010185185185185186
w 0.5635416666666667 0.29444444444444445 0.06875 0.725925925925926
t 0.5989583333333334 0.26944444444444443 0.015625 0.5712962962962963
v 0.8776041666666666 0.6416666666666667 0.06458333333333334 1.412037037037037
x 0.8838541666666667 0 0.07447916666666667 -0.14166666666666666
