27 0.8614583333333333 0.9083333333333333 0.008333333333333333 0.017592592592592594
21 0.9489583333333333 0.0 0.04739583333333333 0.06944444444444445
33 0.46510416666666665 0.37407407407407406 0.07604166666666666 0.15092592592592594
45 0.5671875 0.7462962962962963 0.0859375 0.1712962962962963
6 0.3182291666666667 0.03888888888888889 0.033854166666666664 0.06759259259259259
14 0.7515625 0.4324074074074074 0.040625 0.08148148148148149
3 0.30572916666666666 0.6324074074074074 0.0067708333333333336 0.013888888888888888
54 0.14791666666666667 0.38425925925925924 0.07864583333333333 0.15648148148148147
47 0.7796875 0.3712962962962963 0.034375 0.06851851851851852
37 0.0765625 0.0 0.04375 0.012037037037037037
5 0.5671875 0.0 0.05260416666666667 0.07685185185185185
38 0.26875 0.20462962962962963 0.06770833333333333 0.13518518518518519
38 0.23645833333333333 0.07592592592592592 0.06614583333333333 0.13148148148148148
32 0.9520833333333333 0.3537037037037037 0.04791666666666667 0.09722222222222222
41 0.41770833333333335 0.0 0.033854166666666664 0.05925925925925926
36 0.7635416666666667 0.0 0.0671875 0.11203703703703703
5 0.9348958333333334 0.0 0.05520833333333333 0.09722222222222222
59 0.128125 0.16944444444444445 0.04895833333333333 0.09814814814814815
58 0.9234375 0.8472222222222222 0.019270833333333334 0.03888888888888889
5 0.728125 0.5101851851851852 0.09114583333333333 0.1814814814814815
