54 0.2786458333333333 0.2759259259259259 0.05625 0.11203703703703703
25 0.25052083333333336 0.5833333333333334 0.013541666666666667 0.027777777777777776
40 0.6359375 0.487962962962963 0.025 0.05
34 0.6140625 0.5342592592592592 0.008854166666666666 0.018518518518518517
10 0.7953125 0.0 0.041666666666666664 0.0787037037037037
27 0.26927083333333335 0.7962962962962963 0.0515625 0.10277777777777777
52 0.2833333333333333 0.13240740740740742 0.09166666666666666 0.1824074074074074
17 0.15208333333333332 0.2833333333333333 0.0390625 0.07777777777777778
9 0.9333333333333333 0.24074074074074073 0.06666666666666667 0.14814814814814814
41 0.14739583333333334 0.18518518518518517 0.0171875 0.03425925925925926
39 0.08333333333333333 0.08518518518518518 0.0671875 0.13333333333333333
17 0.03697916666666667 0.5638888888888889 0.011458333333333333 0.024074074074074074
42 0.9817708333333334 0.774074074074074 0.018229166666666668 0.09907407407407408
34 0.1921875 0.0 0.04739583333333333 0.05555555555555555
17 0.18333333333333332 0.8074074074074075 0.03697916666666667 0.07407407407407407
13 0.8833333333333333 0.8361111111111111 0.07916666666666666 0.15648148148148147
26 0.5916666666666667 0.45925925925925926 0.036458333333333336 0.07314814814814814
31 0.010416666666666666 0.7157407407407408 0.0625 0.12407407407407407
4 0.5380208333333333 0.2916666666666667 0.08854166666666667 0.17592592592592593
35 0.6026041666666667 0.85 0.022395833333333334 0.04537037037037037
