29 0.40729166666666666 0.7231481481481481 0.06927083333333334 0.13796296296296295
44 0.6182291666666667 0.16018518518518518 0.07395833333333333 0.14722222222222223
37 0.4942708333333333 0.7546296296296297 0.0484375 0.0962962962962963
22 0.27291666666666664 0.1712962962962963 0.06354166666666666 0.12685185185185185
19 0.39114583333333336 0.0 0.07239583333333334 0.07222222222222222
14 0.8229166666666666 0.0 0.08020833333333334 0.03611111111111111
61 0.36302083333333335 0.04537037037037037 0.0671875 0.13333333333333333
43 0.5953125 0.42777777777777776 0.00625 0.012962962962962963
51 0.25625 0.7398148148148148 0.009375 0.019444444444444445
25 0.7072916666666667 0.8777777777777778 0.04739583333333333 0.09444444444444444
36 0.1515625 0.7555555555555555 0.06302083333333333 0.1259259259259259
3 0.5713541666666667 0.36203703703703705 0.08489583333333334 0.1685185185185185
30 0.07552083333333333 0.5444444444444444 0.005729166666666666 0.012962962962962963
60 0.13802083333333334 0.006481481481481481 0.053125 0.10648148148148148
36 0.5223958333333333 0.07407407407407407 0.0703125 0.14074074074074075
51 0.3984375 0.0 0.0265625 0.007407407407407408
29 0.9765625 0.6166666666666667 0.0234375 0.08981481481481482
25 0.8390625 0.7231481481481481 0.08072916666666667 0.16111111111111112
16 0.7083333333333334 0.0 0.04895833333333333 0.04722222222222222
48 0.3494791666666667 0.45925925925925926 0.0390625 0.0787037037037037
