30 0.28541666666666665 0.7675925925925926 0.08802083333333334 0.175
38 0.4661458333333333 0.07592592592592592 0.01875 0.03796296296296296
61 0.09583333333333334 0.725 0.09322916666666667 0.18518518518518517
28 0.75625 0.9435185185185185 0.010416666666666666 0.022222222222222223
36 0.8020833333333334 0.4148148148148148 0.029166666666666667 0.058333333333333334
52 0.8213541666666667 0.7074074074074074 0.05 0.09907407407407408
56 0.365625 0.04814814814814815 0.08020833333333334 0.16018518518518518
39 0.8786458333333333 0.09259259259259259 0.023958333333333335 0.04814814814814815
62 0.8729166666666667 0.3055555555555556 0.013541666666666667 0.027777777777777776
8 0.690625 0.5842592592592593 0.015625 0.03148148148148148
44 0.6213541666666667 0.0 0.03229166666666667 0.025925925925925925
45 0.8817708333333333 0.7148148148148148 0.07239583333333334 0.14351851851851852
52 0.6604166666666667 0.5546296296296296 0.010416666666666666 0.022222222222222223
61 0.010416666666666666 0.13055555555555556 0.011458333333333333 0.023148148148148147
29 0.8833333333333333 0.225 0.06927083333333334 0.13703703703703704
13 0.609375 0.6953703703703704 0.04114583333333333 0.08148148148148149
17 0.31875 0.41574074074074074 0.0171875 0.03518518518518519
11 0.7744791666666667 0.4666666666666667 0.014583333333333334 0.02962962962962963
54 0.17916666666666667 0.29907407407407405 0.04635416666666667 0.09259259259259259
5 0.25 0.49722222222222223 0.0703125 0.1398148148148148
