56 0.7229166666666667 0.8685185185185185 0.020833333333333332 0.041666666666666664
38 0.3265625 0.3148148148148148 0.028645833333333332 0.05740740740740741
12 0.1671875 0.8231481481481482 0.024479166666666666 0.049074074074074076
25 0.6427083333333333 0.6574074074074074 0.06875 0.13703703703703704
37 0.16666666666666666 0.0 0.0875 0.04814814814814815
60 0.20989583333333334 0.7231481481481481 0.0109375 0.022222222222222223
11 0.7817708333333333 0.44814814814814813 0.025 0.05
18 0.3723958333333333 0.2074074074074074 0.049479166666666664 0.09907407407407408
9 0.5015625 0.22870370370370371 0.0734375 0.14629629629629629
15 0.27239583333333334 0.7768518518518519 0.0171875 0.03425925925925926
34 0.10052083333333334 0.7157407407407408 0.0484375 0.0962962962962963
49 0.7104166666666667 0.3861111111111111 0.05520833333333333 0.11018518518518519
5 0.06822916666666666 0.35648148148148145 0.050520833333333334 0.1
49 0.23177083333333334 0.3 0.05625 0.11203703703703703
41 0.0484375 0.5916666666666667 0.013020833333333334 0.026851851851851852
54 0.9364583333333333 0.0 0.06354166666666666 0.08703703703703704
52 0.34010416666666665 0.6509259259259259 0.0515625 0.10277777777777777
12 0.496875 0.7527777777777778 0.0140625 0.028703703703703703
38 0.6932291666666667 0.06574074074074074 0.043229166666666666 0.08703703703703704
13 0.5338541666666666 0.35462962962962963 0.0828125 0.1638888888888889
