31 0.7609375 0.7509259259259259 0.06614583333333333 0.13148148148148148
41 0.5609375 0.04722222222222222 0.0796875 0.15833333333333333
16 0.17552083333333332 0.17407407407407408 0.059375 0.11851851851851852
54 0.11822916666666666 0.14351851851851852 0.030208333333333334 0.06018518518518518
53 0.4973958333333333 0.6638888888888889 0.05625 0.11203703703703703
5 0.9208333333333333 0.23703703703703705 0.029166666666666667 0.058333333333333334
33 0.5786458333333333 0.5675925925925925 0.06145833333333333 0.12314814814814815
50 0.9989583333333333 0.35648148148148145 0.0010416666666666667 0.17777777777777778
2 0.8802083333333334 0.0 0.065625 0.07777777777777778
38 0.20677083333333332 0.4842592592592593 0.06822916666666666 0.1361111111111111
52 0.11302083333333333 0.16018518518518518 0.08489583333333334 0.1685185185185185
45 0.5328125 0.3537037037037037 0.04479166666666667 0.08981481481481482
34 0.05520833333333333 0.0 0.06354166666666666 0.12222222222222222
52 0.6859375 0.2324074074074074 0.016145833333333335 0.032407407407407406
4 0.20416666666666666 0.23703703703703705 0.09010416666666667 0.1787037037037037
7 0.6770833333333334 0.46944444444444444 0.005729166666666666 0.012037037037037037
54 0.2203125 0.0 0.07395833333333333 0.11944444444444445
7 0.31875 0.6851851851851852 0.03125 0.062037037037037036
62 0.017708333333333333 0.0 0.06614583333333333 0.08703703703703704
61 0.703125 0.34814814814814815 0.033854166666666664 0.06759259259259259
