35 0.28229166666666666 0.825925925925926 0.0484375 0.09722222222222222
40 0.5453125 0.2361111111111111 0.011979166666666667 0.024074074074074074
22 0.7447916666666666 0.5453703703703704 0.04375 0.08703703703703704
38 0.0890625 0.4527777777777778 0.06875 0.13703703703703704
59 0.47604166666666664 0.7064814814814815 0.06875 0.13703703703703704
58 0.2911458333333333 0.27685185185185185 0.049479166666666664 0.09907407407407408
22 0.3359375 0.7574074074074074 0.008854166666666666 0.018518518518518517
62 0.0828125 0.49444444444444446 0.08229166666666667 0.1638888888888889
13 0.4270833333333333 0.34074074074074073 0.05416666666666667 0.10833333333333334
13 0.6447916666666667 0.0 0.08020833333333334 0.023148148148148147
17 0.3333333333333333 0.5888888888888889 0.04010416666666667 0.07962962962962963
5 0.11666666666666667 0.9537037037037037 0.00625 0.012962962962962963
54 0.3567708333333333 0.4685185185185185 0.05677083333333333 0.11296296296296296
59 0.9447916666666667 0.7787037037037037 0.05520833333333333 0.15462962962962962
17 0.11041666666666666 0.0 0.0421875 0.06851851851851852
2 0.8520833333333333 0.9166666666666666 0.035416666666666666 0.07037037037037037
58 0.54375 0.3638888888888889 0.03229166666666667 0.06481481481481481
24 0.5848958333333333 0.737037037037037 0.04010416666666667 0.07962962962962963
26 0.1421875 0.0 0.08125 0.11203703703703703
63 0.76875 0.06296296296296296 0.07604166666666666 0.15092592592592594
