36 0.29010416666666666 0.13425925925925927 0.07395833333333333 0.14722222222222223
39 0.9083333333333333 0.25462962962962965 0.05625 0.11203703703703703
29 0.4875 0.12685185185185185 0.053125 0.10555555555555556
23 0.68125 0.007407407407407408 0.019791666666666666 0.040740740740740744
35 0.23177083333333334 0.5027777777777778 0.08802083333333334 0.17407407407407408
42 0.6109375 0.8462962962962963 0.028125 0.05648148148148148
9 0.8364583333333333 0.24074074074074073 0.07864583333333333 0.15648148148148147
14 0.11145833333333334 0.4185185185185185 0.021875 0.044444444444444446
27 0.8583333333333333 0.5120370370370371 0.059375 0.1175925925925926
4 0.8458333333333333 0.37962962962962965 0.027604166666666666 0.05555555555555555
16 0.5546875 0.0 0.0734375 0.11203703703703703
49 0.4890625 0.5796296296296296 0.09114583333333333 0.1814814814814815
33 0.7604166666666666 0.23055555555555557 0.011979166666666667 0.024074074074074074
28 0.2677083333333333 0.5777777777777777 0.090625 0.18055555555555555
25 0.18072916666666666 0.7314814814814815 0.051041666666666666 0.10185185185185185
61 0.48802083333333335 0.0 0.06927083333333334 0.012962962962962963
36 0.375 0.24351851851851852 0.025 0.05092592592592592
15 0.9208333333333333 0.6166666666666667 0.03229166666666667 0.06481481481481481
30 0.496875 0.6027777777777777 0.0578125 0.11481481481481481
62 0.4588541666666667 0.7907407407407407 0.04895833333333333 0.09814814814814815
