2 0.8489583333333334 0.6277777777777778 0.0890625 0.17685185185185184
13 0.6447916666666667 0.5518518518518518 0.034375 0.06851851851851852
13 0.0484375 0.8555555555555555 0.057291666666666664 0.11388888888888889
47 0.6171875 0.15555555555555556 0.0375 0.075
56 0.5416666666666666 0.14722222222222223 0.05572916666666667 0.1111111111111111
47 0.21510416666666668 0.19166666666666668 0.029166666666666667 0.058333333333333334
9 0.7130208333333333 0.05 0.07864583333333333 0.15648148148148147
38 0.5005208333333333 0.5046296296296297 0.059895833333333336 0.11851851851851852
26 0.1171875 0.7981481481481482 0.027604166666666666 0.05555555555555555
62 0.6333333333333333 0.2351851851851852 0.009375 0.019444444444444445
46 0.0140625 0.027777777777777776 0.04010416666666667 0.08055555555555556
62 0.29583333333333334 0.040740740740740744 0.0390625 0.0787037037037037
61 0.3541666666666667 0.5222222222222223 0.08645833333333333 0.17222222222222222
3 0.2265625 0.32592592592592595 0.059895833333333336 0.11944444444444445
62 0.7317708333333334 0.7601851851851852 0.0046875 0.010185185185185186
40 0.9104166666666667 0.6324074074074074 0.04635416666666667 0.09259259259259259
58 0.5598958333333334 0.16296296296296298 0.010416666666666666 0.021296296296296296
6 0.08541666666666667 0.850925925925926 0.028125 0.05648148148148148
49 0.09427083333333333 0.8194444444444444 0.03177083333333333 0.06296296296296296
14 0.21197916666666666 0.3314814814814815 0.016666666666666666 0.03425925925925926
