2 0.2484375 0.9481481481481482 0.007291666666666667 0.01574074074074074
19 0.7942708333333334 0.6731481481481482 0.078125 0.15555555555555556
17 0.4234375 0.5361111111111111 0.06197916666666667 0.12314814814814815
40 0.9151041666666667 0.5675925925925925 0.058333333333333334 0.11574074074074074
45 0.4666666666666667 0.3861111111111111 0.07864583333333333 0.15648148148148147
3 0.6786458333333333 0.8481481481481481 0.03958333333333333 0.0787037037037037
60 0.7807291666666667 0.32222222222222224 0.0796875 0.15833333333333333
37 0.5296875 0.46944444444444444 0.0046875 0.010185185185185186
2 0.07291666666666667 0.8490740740740741 0.008333333333333333 0.017592592592592594
47 0.07083333333333333 0.48148148148148145 0.065625 0.13055555555555556
28 0.15364583333333334 0.5324074074074074 0.06875 0.13703703703703704
43 0.8395833333333333 0.675 0.03958333333333333 0.07962962962962963
23 0.9567708333333333 0.3712962962962963 0.0171875 0.03425925925925926
40 0.020833333333333332 0.7222222222222222 0.0734375 0.14629629629629629
10 0.16770833333333332 0.16296296296296298 0.07135416666666666 0.14166666666666666
32 0.2765625 0.2953703703703704 0.06197916666666667 0.12314814814814815
45 0.35260416666666666 9.259259259259259e-10 0.06927083333333334 0.041666665740740745
2 0.20052083333333334 0.15092592592592594 0.0109375 0.022222222222222223
7 0.5666666666666667 0.8064814814814815 0.0796875 0.15833333333333333
51 0.8661458333333333 0.3490740740740741 0.04791666666666667 0.0962962962962963
