2 0.7755208333333333 0.26666666666666666 0.033854166666666664 0.06851851851851852
49 0.521875 0.8592592592592593 0.05416666666666667 0.10833333333333334
9 0.4703125 0.7407407407407407 0.0796875 0.15833333333333333
37 0.703125 0.14166666666666666 0.035416666666666666 0.0712962962962963
54 0.91875 0.5055555555555555 0.033854166666666664 0.06759259259259259
60 0.9645833333333333 0.08611111111111111 0.015104166666666667 0.030555555555555555
19 0.8875 0.16018518518518518 0.022395833333333334 0.04537037037037037
25 0.48489583333333336 0.36203703703703705 0.016145833333333335 0.03333333333333333
43 0.2708333333333333 0.7481481481481481 0.06614583333333333 0.13148148148148148
33 0.20625 0.027777777777777776 0.007291666666666667 0.01574074074074074
26 0.6130208333333333 0.31666666666666665 0.011979166666666667 0.025
50 0.8203125 0.3175925925925926 0.059895833333333336 0.11944444444444445
56 0.7317708333333334 0.2537037037037037 0.042708333333333334 0.08518518518518518
20 0.9791666666666666 0.7055555555555556 0.020833333333333332 0.09351851851851851
15 0.7166666666666667 0.8342592592592593 0.030729166666666665 0.06111111111111111
26 0.08489583333333334 0.2759259259259259 0.044270833333333336 0.08796296296296297
49 0.971875 0.7527777777777778 0.028125 0.1824074074074074
56 0.5838541666666667 9.259259259259259e-10 0.07135416666666666 0.12129629537037037
51 0.7901041666666667 0.14074074074074075 0.0421875 0.08425925925925926
60 0.5036458333333333 0.5333333333333333 0.0875 0.17407407407407408
