2 0.5416666666666666 0.09166666666666666 0.013541666666666667 0.027777777777777776
30 0.7583333333333333 0.41388888888888886 0.013541666666666667 0.027777777777777776
46 0.7713541666666667 0.674074074074074 0.08958333333333333 0.17777777777777778
12 0.28958333333333336 0.3101851851851852 0.021875 0.04351851851851852
24 0.7302083333333333 9.259259259259259e-10 0.03125 0.001851850925925926
22 0.6416666666666667 0.11203703703703703 0.027604166666666666 0.05555555555555555
54 0.9270833333333334 0.6342592592592593 0.07291666666666667 0.16574074074074074
29 0.6338541666666667 0.6944444444444444 0.023958333333333335 0.04814814814814815
16 0.42239583333333336 0.8138888888888889 0.08697916666666666 0.17314814814814813
20 0.3885416666666667 0.524074074074074 0.005729166666666666 0.012037037037037037
27 0.8088541666666667 0.10092592592592593 0.03854166666666667 0.07685185185185185
5 0.26614583333333336 0.3194444444444444 0.016666666666666666 0.03333333333333333
27 0.578125 0.075 0.0109375 0.022222222222222223
48 0.15416666666666667 0.4740740740740741 0.017708333333333333 0.03611111111111111
52 0.5458333333333333 0.4777777777777778 0.08541666666666667 0.17037037037037037
29 0.8296875 9.259259259259259e-10 0.06197916666666667 0.07499999907407408
54 0.7078125 0.5481481481481482 0.059375 0.11851851851851852
63 0.39791666666666664 0.7314814814814815 0.07395833333333333 0.14722222222222223
7 0.7505208333333333 0.44351851851851853 0.046875 0.09351851851851851
34 0.042708333333333334 9.259259259259259e-10 0.090625 0.026851850925925926
