2 0.15416666666666667 0.08333333333333333 0.008333333333333333 0.017592592592592594
61 0.9203125 0.7953703703703704 0.06770833333333333 0.13518518518518519
52 0.39010416666666664 9.259259259259259e-10 0.042708333333333334 0.05833333240740741
48 0.08333333333333333 0.8324074074074074 0.022916666666666665 0.046296296296296294
9 0.3140625 0.6416666666666667 0.027604166666666666 0.05555555555555555
2 0.909375 0.6722222222222223 0.0671875 0.13425925925925927
34 0.5140625 9.259259259259259e-10 0.06458333333333334 0.04907407314814815
63 0.8036458333333333 0.08703703703703704 0.04114583333333333 0.0824074074074074
62 0.042708333333333334 0.5583333333333333 0.015104166666666667 0.03148148148148148
55 0.2265625 0.16944444444444445 0.0140625 0.028703703703703703
13 0.8921875 0.07777777777777778 0.07760416666666667 0.15462962962962962
38 0.48072916666666665 9.259259259259259e-10 0.08854166666666667 0.04074073981481482
15 0.26614583333333336 0.7361111111111112 0.07864583333333333 0.15648148148148147
20 0.8182291666666667 0.5731481481481482 0.06979166666666667 0.1388888888888889
43 0.29322916666666665 0.12777777777777777 0.016145833333333335 0.032407407407407406
23 0.3614583333333333 0.4666666666666667 0.06979166666666667 0.1388888888888889
63 0.28072916666666664 0.47129629629629627 0.0265625 0.053703703703703705
6 0.13229166666666667 0.4888888888888889 0.06770833333333333 0.13518518518518519
17 0.4453125 0.575 0.084375 0.1675925925925926
12 0.7416666666666667 0.31666666666666665 0.06041666666666667 0.12037037037037036
