3 0.4828125 0.22407407407407406 0.0171875 0.03518518518518519
18 0.13697916666666668 0.7972222222222223 0.09114583333333333 0.1814814814814815
9 0.8421875 0.48148148148148145 0.05677083333333333 0.11388888888888889
12 0.2984375 0.3314814814814815 0.05416666666666667 0.10740740740740741
56 0.9536458333333333 9.259259259259259e-10 0.04635416666666667 0.06666666574074075
18 0.6911458333333333 0.524074074074074 0.0640625 0.12685185185185185
31 0.5770833333333333 0.8666666666666667 0.06510416666666667 0.12962962962962962
6 0.7197916666666667 0.6157407407407407 0.06145833333333333 0.12314814814814815
26 0.9359375 0.020370370370370372 0.009375 0.019444444444444445
36 0.011458333333333333 0.4388888888888889 0.030208333333333334 0.06111111111111111
11 0.4484375 0.22037037037037038 0.08072916666666667 0.16018518518518518
43 0.740625 0.48703703703703705 0.08854166666666667 0.17592592592592593
27 0.5223958333333333 0.12129629629629629 0.0484375 0.09722222222222222
31 0.9421875 0.8046296296296296 0.0296875 0.05925925925925926
37 0.5828125 0.34814814814814815 0.07395833333333333 0.14722222222222223
38 0.26875 0.7916666666666666 0.0609375 0.12129629629629629
32 0.6713541666666667 0.55 0.0640625 0.12777777777777777
35 0.9380208333333333 0.058333333333333334 0.06197916666666667 0.17314814814814813
49 0.12864583333333332 0.21203703703703702 0.03697916666666667 0.07407407407407407
33 0.8109375 0.5046296296296297 0.021875 0.044444444444444446
