3 0.18333333333333332 0.3685185185185185 0.015104166666666667 0.030555555555555555
49 0.6802083333333333 0.12777777777777777 0.0734375 0.14629629629629629
26 0.890625 9.259259259259259e-10 0.07447916666666667 0.07499999907407408
52 0.8447916666666667 0.725 0.00625 0.012962962962962963
2 0.65 0.13055555555555556 0.07083333333333333 0.14074074074074075
12 0.41302083333333334 0.5805555555555556 0.019270833333333334 0.03888888888888889
60 0.7671875 9.259259259259259e-10 0.03333333333333333 0.02129629537037037
22 0.6234375 0.2111111111111111 0.009375 0.019444444444444445
27 0.340625 9.259259259259259e-10 0.08802083333333334 0.09166666574074074
56 0.15208333333333332 0.24259259259259258 0.0067708333333333336 0.014814814814814815
25 0.915625 0.5481481481481482 0.040625 0.08055555555555556
9 0.3536458333333333 9.259259259259259e-10 0.08229166666666667 0.09444444351851852
25 0.7208333333333333 9.259259259259259e-10 0.0265625 0.032407406481481486
52 0.06145833333333333 0.6935185185185185 0.0546875 0.10833333333333334
7 0.8796875 9.259259259259259e-10 0.08229166666666667 0.01944444351851852
37 0.4354166666666667 0.4861111111111111 0.022395833333333334 0.04537037037037037
60 0.6239583333333333 0.725 0.05572916666666667 0.1111111111111111
5 0.6375 0.7648148148148148 0.044270833333333336 0.08796296296296297
31 0.04791666666666667 0.5166666666666667 0.06875 0.1361111111111111
31 0.6010416666666667 0.4583333333333333 0.07239583333333334 0.14351851851851852
