3 0.9614583333333333 0.7722222222222223 0.03854166666666667 0.0962962962962963
27 0.2640625 0.020370370370370372 0.08541666666666667 0.17037037037037037
23 0.740625 0.7981481481481482 0.043229166666666666 0.08703703703703704
39 0.32083333333333336 0.3814814814814815 0.08802083333333334 0.175
63 0.26979166666666665 0.524074074074074 0.008854166666666666 0.018518518518518517
54 0.6421875 0.18796296296296297 0.08229166666666667 0.16296296296296298
32 0.7328125 0.7583333333333333 0.027604166666666666 0.05555555555555555
22 0.9338541666666667 0.7481481481481481 0.06614583333333333 0.15648148148148147
21 0.05364583333333333 9.259259259259259e-10 0.0671875 0.08240740648148148
59 0.2390625 0.6203703703703703 0.05677083333333333 0.11296296296296296
58 0.6703125 0.6824074074074075 0.0765625 0.1527777777777778
41 0.5541666666666667 0.6981481481481482 0.044270833333333336 0.08796296296296297
18 0.13958333333333334 0.6314814814814815 0.023958333333333335 0.04814814814814815
20 0.925 0.3638888888888889 0.06614583333333333 0.13148148148148148
50 0.3 0.03611111111111111 0.09114583333333333 0.18055555555555555
24 0.38645833333333335 0.24166666666666667 0.027604166666666666 0.05555555555555555
3 0.6140625 0.2657407407407407 0.057291666666666664 0.11388888888888889
60 0.9192708333333334 0.4583333333333333 0.010416666666666666 0.021296296296296296
5 0.05364583333333333 0.5805555555555556 0.06145833333333333 0.12222222222222222
5 0.540625 0.07222222222222222 0.027083333333333334 0.05462962962962963
