4 0.6651041666666667 9.259259259259259e-10 0.042708333333333334 0.046296295370370374
30 0.8255208333333334 0.43425925925925923 0.022395833333333334 0.04537037037037037
16 0.14270833333333333 0.1962962962962963 0.0546875 0.10925925925925926
3 0.7067708333333333 0.175 0.050520833333333334 0.10092592592592593
38 0.38177083333333334 0.45185185185185184 0.06458333333333334 0.12777777777777777
19 0.4046875 0.075 0.084375 0.1675925925925926
13 0.5328125 0.3333333333333333 0.04583333333333333 0.09166666666666666
30 0.484375 0.3851851851851852 0.04114583333333333 0.0824074074074074
63 0.9833333333333333 0.6898148148148148 0.016666666666666666 0.14351851851851852
30 0.32864583333333336 0.8472222222222222 0.0515625 0.10277777777777777
18 0.7817708333333333 0.3537037037037037 0.06197916666666667 0.12314814814814815
44 0.38177083333333334 0.12222222222222222 0.057291666666666664 0.11388888888888889
32 0.07552083333333333 9.259259259259259e-10 0.06354166666666666 0.04351851759259259
33 0.6338541666666667 9.259259259259259e-10 0.0067708333333333336 0.0074074064814814815
43 0.515625 0.2222222222222222 0.04114583333333333 0.08148148148148149
20 0.9515625 0.4324074074074074 0.030729166666666665 0.06111111111111111
41 0.5979166666666667 0.3925925925925926 0.06197916666666667 0.12407407407407407
12 0.6536458333333334 0.4925925925925926 0.04791666666666667 0.09537037037037037
18 0.13541666666666666 0.5277777777777778 0.08697916666666666 0.17314814814814813
20 0.75625 0.9231481481481482 0.033854166666666664 0.06851851851851852
