5 0.6838541666666667 0.6833333333333333 0.0546875 0.10925925925925926
14 0.11145833333333334 0.2518518518518518 0.0171875 0.03425925925925926
40 0.8703125 0.2712962962962963 0.06510416666666667 0.12962962962962962
57 0.3296875 0.6518518518518519 0.009895833333333333 0.020370370370370372
27 0.5203125 0.10925925925925926 0.07239583333333334 0.14444444444444443
43 0.9432291666666667 0.3814814814814815 0.05677083333333333 0.12314814814814815
5 0.005208333333333333 0.8472222222222222 0.06041666666666667 0.12037037037037036
54 0.21614583333333334 0.5824074074074074 0.08489583333333334 0.16944444444444445
41 0.22447916666666667 0.4166666666666667 0.084375 0.1675925925925926
37 0.9541666666666667 0.6824074074074075 0.008854166666666666 0.018518518518518517
26 0.8005208333333333 9.259259259259259e-10 0.0890625 0.08518518425925926
13 0.2234375 0.7620370370370371 0.040625 0.08055555555555556
38 0.1296875 0.032407407407407406 0.035416666666666666 0.0712962962962963
36 0.20625 0.09814814814814815 0.059895833333333336 0.11944444444444445
61 0.09010416666666667 0.1675925925925926 0.040625 0.08148148148148149
10 0.6682291666666667 9.259259259259259e-10 0.07864583333333333 0.06574073981481482
14 0.49947916666666664 0.5527777777777778 0.07239583333333334 0.14351851851851852
18 0.3338541666666667 0.5111111111111111 0.08125 0.16203703703703703
55 0.7489583333333333 0.25092592592592594 0.044270833333333336 0.08796296296296297
49 0.8265625 0.4638888888888889 0.08854166666666667 0.17592592592592593
