5 0.8994791666666667 0.20185185185185187 0.07760416666666667 0.1537037037037037
52 0.26145833333333335 0.0 0.051041666666666666 0.1
60 0.8489583333333334 0.07777777777777778 0.029166666666666667 0.058333333333333334
59 0.7010416666666667 0.33055555555555555 0.06822916666666666 0.1361111111111111
5 0.3328125 0.012962962962962963 0.017708333333333333 0.03611111111111111
19 0.15208333333333332 0.6277777777777778 0.00625 0.013888888888888888
44 0.184375 0.19814814814814816 0.07239583333333334 0.14444444444444443
34 0.32135416666666666 0.20185185185185187 0.05416666666666667 0.10833333333333334
52 0.29010416666666666 0.6175925925925926 0.023958333333333335 0.04814814814814815
15 0.17552083333333332 0.0 0.06927083333333334 0.10740740740740741
26 0.7541666666666667 0.2212962962962963 0.04635416666666667 0.09259259259259259
2 0.034895833333333334 0.2722222222222222 0.0890625 0.17685185185185184
36 0.6057291666666667 0.0 0.08177083333333333 0.15925925925925927
7 0.8098958333333334 0.725925925925926 0.013020833333333334 0.026851851851851852
53 0.8020833333333334 0.013888888888888888 0.03229166666666667 0.06481481481481481
10 0.8109375 0.08148148148148149 0.08854166666666667 0.17592592592592593
34 0.9088541666666666 0.47129629629629627 0.01875 0.03796296296296296
54 0.4890625 0.2833333333333333 0.042708333333333334 0.08518518518518518
2 0.3411458333333333 0.4898148148148148 0.008854166666666666 0.018518518518518517
47 0.49166666666666664 0.5481481481481482 0.0234375 0.04722222222222222
