6 0.9739583333333334 0.5305555555555556 0.026041666666666668 0.17037037037037037
2 0.45677083333333335 0.4462962962962963 0.08854166666666667 0.17592592592592593
41 0.5197916666666667 0.8379629629629629 0.0375 0.075
34 0.7166666666666667 0.8675925925925926 0.0546875 0.10925925925925926
52 0.7671875 0.3712962962962963 0.08229166666666667 0.16296296296296298
13 0.321875 9.259259259259259e-10 0.08489583333333334 0.08888888796296296
60 0.9473958333333333 0.8870370370370371 0.005208333333333333 0.011111111111111112
56 0.7088541666666667 0.11944444444444445 0.05625 0.11203703703703703
47 0.2484375 0.05925925925925926 0.059895833333333336 0.11851851851851852
21 0.32135416666666666 0.4324074074074074 0.03125 0.06296296296296296
32 0.4119791666666667 0.6138888888888889 0.06979166666666667 0.1388888888888889
46 0.7401041666666667 0.4777777777777778 0.07083333333333333 0.14166666666666666
50 0.459375 0.7601851851851852 0.0515625 0.10277777777777777
50 0.6567708333333333 0.46111111111111114 0.06875 0.13703703703703704
6 0.3692708333333333 9.259259259259259e-10 0.06822916666666666 0.03981481388888889
4 0.06197916666666667 0.8759259259259259 0.0078125 0.01574074074074074
25 0.2234375 9.259259259259259e-10 0.030208333333333334 0.022222221296296297
35 0.515625 0.7870370370370371 0.0140625 0.028703703703703703
50 0.8848958333333333 0.6888888888888889 0.0515625 0.10277777777777777
37 0.07916666666666666 0.8037037037037037 0.03177083333333333 0.06388888888888888
