6 0.675 0.7777777777777778 0.06302083333333333 0.125
6 0.6932291666666667 9.259259259259259e-10 0.058333333333333334 0.013888887962962964
10 0.9942708333333333 0.43703703703703706 0.005729166666666666 0.1425925925925926
46 0.2421875 0.6694444444444444 0.0578125 0.11574074074074074
17 0.5494791666666666 0.6027777777777777 0.0046875 0.010185185185185186
30 0.9958333333333333 0.8342592592592593 0.004166666666666667 0.13148148148148148
52 0.5671875 0.05092592592592592 0.07760416666666667 0.1537037037037037
35 0.596875 9.259259259259259e-10 0.08125 0.046296295370370374
51 0.8416666666666667 0.21574074074074073 0.06927083333333334 0.13796296296296295
11 0.69375 0.017592592592592594 0.0125 0.025
15 0.5614583333333333 0.32037037037037036 0.0875 0.17314814814814813
49 0.09010416666666667 0.8481481481481481 0.014583333333333334 0.030555555555555555
38 0.7588541666666667 0.20925925925925926 0.03229166666666667 0.06481481481481481
48 0.6354166666666666 0.07685185185185185 0.022916666666666665 0.04537037037037037
23 0.057291666666666664 0.03148148148148148 0.09270833333333334 0.18425925925925926
2 0.38385416666666666 0.262037037037037 0.0890625 0.17685185185185184
18 0.9817708333333334 0.32037037037037036 0.018229166666666668 0.040740740740740744
23 0.8765625 0.8231481481481482 0.005729166666666666 0.012962962962962963
43 0.44427083333333334 0.5990740740740741 0.022395833333333334 0.044444444444444446
34 0.6239583333333333 0.5685185185185185 0.021875 0.044444444444444446
