6 0.68125 0.9472222222222222 0.005729166666666666 0.012037037037037037
12 0.90625 0.7509259259259259 0.0453125 0.09074074074074075
22 0.5890625 0.7861111111111111 0.07395833333333333 0.14722222222222223
9 0.3390625 0.15185185185185185 0.013541666666666667 0.027777777777777776
46 0.4588541666666667 0.43425925925925923 0.05416666666666667 0.10833333333333334
47 0.7609375 0.14444444444444443 0.0625 0.125
39 0.13125 0.5666666666666667 0.0734375 0.14629629629629629
46 0.15364583333333334 0.5972222222222222 0.009895833333333333 0.020370370370370372
24 0.4947916666666667 9.259259259259259e-10 0.026041666666666668 0.034259258333333334
17 0.31927083333333334 0.058333333333333334 0.022916666666666665 0.046296296296296294
23 0.19895833333333332 0.8601851851851852 0.026041666666666668 0.05277777777777778
51 0.7463541666666667 0.737037037037037 0.0515625 0.10277777777777777
17 0.0390625 0.7435185185185185 0.078125 0.15555555555555556
14 0.13854166666666667 0.49537037037037035 0.04114583333333333 0.08148148148148149
51 0.453125 0.8814814814814815 0.049479166666666664 0.09907407407407408
46 0.5557291666666667 0.3 0.0640625 0.12777777777777777
31 0.6677083333333333 0.06851851851851852 0.019270833333333334 0.03888888888888889
39 0.51875 0.8805555555555555 0.010416666666666666 0.021296296296296296
63 0.1703125 0.6074074074074074 0.0203125 0.041666666666666664
44 0.3494791666666667 0.6074074074074074 0.043229166666666666 0.08703703703703704
