6 0.8666666666666667 0.22685185185185186 0.03854166666666667 0.07685185185185185
45 0.5458333333333333 0.6814814814814815 0.017708333333333333 0.03611111111111111
6 0.2109375 0.20277777777777778 0.034895833333333334 0.06944444444444445
32 0.8390625 0.38981481481481484 0.016145833333333335 0.032407407407407406
36 0.5109375 9.259259259259259e-10 0.053125 0.04259259166666667
7 0.3098958333333333 0.7759259259259259 0.07864583333333333 0.15648148148148147
28 0.865625 0.775 0.057291666666666664 0.11388888888888889
19 0.36302083333333335 0.1287037037037037 0.06979166666666667 0.1388888888888889
9 0.28541666666666665 0.7277777777777777 0.0796875 0.15833333333333333
59 0.04791666666666667 0.7305555555555555 0.007291666666666667 0.014814814814814815
54 0.23385416666666667 0.7462962962962963 0.021354166666666667 0.04351851851851852
17 0.9864583333333333 0.8240740740740741 0.013541666666666667 0.02962962962962963
8 0.7723958333333333 0.5685185185185185 0.0796875 0.15833333333333333
30 0.6958333333333333 0.4462962962962963 0.053125 0.10555555555555556
41 0.9359375 0.8527777777777777 0.042708333333333334 0.08518518518518518
59 0.803125 0.7212962962962963 0.053125 0.10555555555555556
18 0.7578125 0.8083333333333333 0.07083333333333333 0.14074074074074075
36 0.6338541666666667 0.6157407407407407 0.0453125 0.08981481481481482
6 0.43645833333333334 0.462037037037037 0.08541666666666667 0.17037037037037037
19 0.49322916666666666 0.8203703703703704 0.0640625 0.12777777777777777
