6 0.0140625 0.8361111111111111 0.057291666666666664 0.11388888888888889
50 0.35833333333333334 0.016666666666666666 0.0921875 0.1824074074074074
62 0.9729166666666667 0.7222222222222222 0.026041666666666668 0.05185185185185185
35 0.9473958333333333 0.2916666666666667 0.05260416666666667 0.18055555555555555
9 0.7333333333333333 0.17777777777777778 0.078125 0.15555555555555556
11 0.40520833333333334 0.637962962962963 0.07864583333333333 0.15648148148148147
29 0.86875 0.062037037037037036 0.023958333333333335 0.049074074074074076
50 0.84375 0.5601851851851852 0.027604166666666666 0.05555555555555555
40 0.9734375 0.4648148148148148 0.0265625 0.11944444444444445
9 0.5359375 0.29907407407407405 0.08020833333333334 0.15925925925925927
13 0.7046875 0.2361111111111111 0.08177083333333333 0.16296296296296298
25 0.971875 0.7583333333333333 0.028125 0.15
4 0.9651041666666667 0.1712962962962963 0.034895833333333334 0.1287037037037037
22 0.0010416666666666667 0.05092592592592592 0.03177083333333333 0.06296296296296296
50 0.16197916666666667 0.575925925925926 0.0921875 0.18333333333333332
58 0.19635416666666666 0.17037037037037037 0.0265625 0.053703703703703705
15 0.3984375 0.5675925925925925 0.0125 0.025925925925925925
40 0.5880208333333333 0.6037037037037037 0.05677083333333333 0.11296296296296296
9 0.309375 0.14722222222222223 0.05572916666666667 0.1111111111111111
15 0.95 0.26851851851851855 0.05 0.10185185185185185
