6 0.10989583333333333 0.7175925925925926 0.09322916666666667 0.18518518518518517
26 0.033854166666666664 0.5481481481481482 0.007291666666666667 0.014814814814814815
31 0.128125 0.4064814814814815 0.03802083333333333 0.07592592592592592
15 0.5244791666666667 0.9685185185185186 0.005729166666666666 0.012037037037037037
37 0.375 0.7388888888888889 0.075 0.15
16 0.03333333333333333 0.7796296296296297 0.0640625 0.12777777777777777
40 0.8489583333333334 9.259259259259259e-10 0.05416666666666667 0.0935185175925926
6 0.9963541666666667 0.6435185185185185 0.0036458333333333334 0.06388888888888888
22 0.2526041666666667 0.8287037037037037 0.021875 0.044444444444444446
48 0.35625 0.2935185185185185 0.08020833333333334 0.15925925925925927
49 0.503125 0.5861111111111111 0.033854166666666664 0.06759259259259259
28 0.4010416666666667 0.35833333333333334 0.049479166666666664 0.09814814814814815
20 0.8546875 0.5351851851851852 0.034375 0.06944444444444445
34 0.6536458333333334 0.11944444444444445 0.026041666666666668 0.05277777777777778
21 0.9213541666666667 0.9120370370370371 0.024479166666666666 0.049074074074074076
31 0.24895833333333334 0.37407407407407406 0.05677083333333333 0.11296296296296296
7 0.4328125 0.562962962962963 0.015104166666666667 0.030555555555555555
13 0.18854166666666666 0.8361111111111111 0.0640625 0.12777777777777777
10 0.2994791666666667 0.07037037037037037 0.025520833333333333 0.05185185185185185
18 0.07708333333333334 0.8388888888888889 0.04895833333333333 0.09814814814814815
