7 0.48541666666666666 0.1398148148148148 0.08020833333333334 0.15925925925925927
43 0.08177083333333333 0.5231481481481481 0.09322916666666667 0.18518518518518517
61 0.0359375 0.6342592592592593 0.04739583333333333 0.09444444444444444
9 0.42135416666666664 0.4666666666666667 0.036458333333333336 0.07314814814814814
33 0.321875 0.3148148148148148 0.05625 0.11203703703703703
61 0.30416666666666664 0.7212962962962963 0.08229166666666667 0.1638888888888889
54 0.8067708333333333 0.8481481481481481 0.05260416666666667 0.10462962962962963
60 0.6708333333333333 0.19814814814814816 0.084375 0.1675925925925926
60 0.8807291666666667 0.875 0.050520833333333334 0.10092592592592593
18 0.596875 0.2953703703703704 0.0171875 0.03518518518518519
60 0.24114583333333334 0.6398148148148148 0.0296875 0.05925925925925926
30 0.8822916666666667 0.32685185185185184 0.078125 0.15555555555555556
42 0.2796875 0.6231481481481481 0.030729166666666665 0.062037037037037036
45 0.4625 0.7305555555555555 0.07239583333333334 0.14444444444444443
35 0.9213541666666667 0.3425925925925926 0.07447916666666667 0.14814814814814814
10 0.36354166666666665 0.2898148148148148 0.05364583333333333 0.10740740740740741
56 0.005729166666666666 0.2962962962962963 0.07239583333333334 0.14351851851851852
63 0.615625 0.15555555555555556 0.05416666666666667 0.10833333333333334
44 0.06822916666666666 0.3787037037037037 0.08697916666666666 0.17314814814814813
30 0.6255208333333333 0.5101851851851852 0.03125 0.06296296296296296
