7 0.018229166666666668 0.687962962962963 0.07395833333333333 0.14722222222222223
19 0.2546875 0.7824074074074074 0.028645833333333332 0.05740740740740741
17 0.7333333333333333 0.5962962962962963 0.06197916666666667 0.12407407407407407
8 0.021354166666666667 0.3212962962962963 0.005729166666666666 0.012962962962962963
35 0.7083333333333334 0.5212962962962963 0.07916666666666666 0.1574074074074074
45 0.8088541666666667 0.48518518518518516 0.033854166666666664 0.06851851851851852
26 0.21614583333333334 0.6731481481481482 0.06145833333333333 0.12222222222222222
20 0.1046875 0.49166666666666664 0.05260416666666667 0.10462962962962963
24 0.8322916666666667 0.6092592592592593 0.058854166666666666 0.1175925925925926
4 0.203125 0.7694444444444445 0.03177083333333333 0.06296296296296296
56 0.24427083333333333 0.175 0.010416666666666666 0.021296296296296296
21 0.07760416666666667 0.7212962962962963 0.027604166666666666 0.05555555555555555
17 0.36354166666666665 0.9092592592592592 0.041666666666666664 0.0824074074074074
12 0.9838541666666667 0.7 0.016145833333333335 0.058333333333333334
10 0.06302083333333333 0.023148148148148147 0.04375 0.08703703703703704
32 0.3416666666666667 0.8231481481481482 0.04895833333333333 0.09722222222222222
21 0.9401041666666666 0.8277777777777777 0.059895833333333336 0.15648148148148147
51 0.41770833333333335 0.2962962962962963 0.04114583333333333 0.0824074074074074
16 0.9270833333333334 9.259259259259259e-10 0.043229166666666666 0.07129629537037037
23 0.9828125 0.041666666666666664 0.0171875 0.1398148148148148
