7 0.43645833333333334 0.04351851851851852 0.03125 0.062037037037037036
20 0.7223958333333333 0.044444444444444446 0.03177083333333333 0.06388888888888888
8 0.7229166666666667 0.16018518518518518 0.030729166666666665 0.06111111111111111
56 0.6453125 0.06666666666666667 0.026041666666666668 0.05277777777777778
27 0.7807291666666667 0.6398148148148148 0.07239583333333334 0.14351851851851852
48 0.09375 0.6722222222222223 0.0328125 0.06574074074074074
3 0.5229166666666667 9.259259259259259e-10 0.023958333333333335 0.03518518425925926
52 0.5859375 0.17037037037037037 0.057291666666666664 0.11481481481481481
46 0.9848958333333333 0.42685185185185187 0.015104166666666667 0.1
44 0.6953125 0.7333333333333333 0.052083333333333336 0.1037037037037037
53 0.8536458333333333 0.7694444444444445 0.029166666666666667 0.05925925925925926
5 0.7223958333333333 0.007407407407407408 0.015625 0.03148148148148148
34 0.425 0.5175925925925926 0.07864583333333333 0.15648148148148147
29 0.005729166666666666 0.7564814814814815 0.075 0.15
42 0.23802083333333332 0.2064814814814815 0.08020833333333334 0.15925925925925927
29 0.9598958333333333 0.4685185185185185 0.023958333333333335 0.04814814814814815
30 0.8770833333333333 0.8768518518518519 0.051041666666666666 0.10185185185185185
8 0.07916666666666666 0.6277777777777778 0.0328125 0.06574074074074074
5 0.4979166666666667 9.259259259259259e-10 0.09270833333333334 0.041666665740740745
43 0.6177083333333333 0.8842592592592593 0.05260416666666667 0.10555555555555556
