7 0.5177083333333333 0.4305555555555556 0.058333333333333334 0.11666666666666667
23 0.6942708333333333 0.4074074074074074 0.059375 0.1175925925925926
14 0.35885416666666664 0.7027777777777777 0.028125 0.05648148148148148
16 0.3776041666666667 0.013888888888888888 0.0125 0.025925925925925925
55 0.9546875 0.4981481481481482 0.011979166666666667 0.025
29 0.165625 0.18796296296296297 0.0453125 0.08981481481481482
43 0.603125 0.5444444444444444 0.03854166666666667 0.07685185185185185
58 0.7765625 0.4583333333333333 0.029166666666666667 0.05925925925925926
17 0.48020833333333335 0.46944444444444444 0.04010416666666667 0.08055555555555556
45 0.71875 0.6287037037037037 0.0125 0.025925925925925925
8 0.3109375 0.43333333333333335 0.009375 0.019444444444444445
48 0.10885416666666667 0.01574074074074074 0.075 0.14907407407407408
57 0.03802083333333333 0.5064814814814815 0.0067708333333333336 0.013888888888888888
48 0.9484375 0.5583333333333333 0.0515625 0.12962962962962962
15 0.5578125 0.07037037037037037 0.03125 0.06296296296296296
43 0.8161458333333333 9.259259259259259e-10 0.07916666666666666 0.09444444351851852
15 0.8515625 0.32222222222222224 0.011458333333333333 0.023148148148148147
38 0.14375 0.5583333333333333 0.049479166666666664 0.09814814814814815
8 0.5854166666666667 0.0962962962962963 0.04010416666666667 0.08055555555555556
63 0.2598958333333333 9.259259259259259e-10 0.03697916666666667 0.004629628703703703
