7 0.8130208333333333 0.25833333333333336 0.05572916666666667 0.1111111111111111
25 0.5526041666666667 0.18333333333333332 0.026041666666666668 0.05185185185185185
4 0.04583333333333333 0.7611111111111111 0.009375 0.019444444444444445
13 0.4552083333333333 0.38796296296296295 0.0359375 0.0712962962962963
45 0.43854166666666666 0.37407407407407406 0.084375 0.1685185185185185
44 0.6625 0.10277777777777777 0.014583333333333334 0.02962962962962963
25 0.9697916666666667 0.6370370370370371 0.030208333333333334 0.08518518518518518
52 0.3609375 0.8138888888888889 0.05625 0.11203703703703703
31 0.6067708333333334 0.010185185185185186 0.07552083333333333 0.15092592592592594
22 0.5822916666666667 0.49166666666666664 0.06614583333333333 0.13148148148148148
6 0.07135416666666666 0.08518518518518518 0.049479166666666664 0.09907407407407408
61 0.5890625 0.6666666666666666 0.084375 0.1675925925925926
19 0.540625 0.4203703703703704 0.0203125 0.041666666666666664
18 0.29739583333333336 0.12962962962962962 0.04791666666666667 0.09537037037037037
32 0.4166666666666667 0.8305555555555556 0.0171875 0.03518518518518519
41 0.6890625 0.7824074074074074 0.042708333333333334 0.08518518518518518
11 0.5255208333333333 9.259259259259259e-10 0.046875 0.06944444351851851
49 0.9359375 0.11574074074074074 0.0640625 0.1527777777777778
41 0.3697916666666667 0.43425925925925923 0.019270833333333334 0.03888888888888889
3 0.7296875 0.18796296296296297 0.044270833333333336 0.08796296296296297
