5 0.15833333333333333 0.17685185185185184 0.07760416666666667 0.5074074074074074
o 0.15833333333333333 0.17685185185185184 0.07760416666666667 0.5074074074074074
Q 0.15833333333333333 0.17685185185185184 0.07760416666666667 0.5074074074074074
7 0.15833333333333333 0.17685185185185184 0.07760416666666667 0.5074074074074074
D 0.15833333333333333 0.17685185185185184 0.07760416666666667 0.5074074074074074
H 0.15833333333333333 0.17685185185185184 0.07760416666666667 0.5074074074074074
r 0.15833333333333333 0.17685185185185184 0.07760416666666667 0.5074074074074074
F 0.15833333333333333 0.17685185185185184 0.07760416666666667 0.5074074074074074
9 0.15833333333333333 0.17685185185185184 0.07760416666666667 0.5074074074074074
8 0.15833333333333333 0.17685185185185184 0.07760416666666667 0.5074074074074074
b 0.15833333333333333 0.17685185185185184 0.07760416666666667 0.5074074074074074
U 0.15833333333333333 0.17685185185185184 0.07760416666666667 0.5074074074074074
f 0.15833333333333333 0.17685185185185184 0.07760416666666667 0.5074074074074074
K 0.15833333333333333 0.17685185185185184 0.07760416666666667 0.5074074074074074
k 0.15833333333333333 0.17685185185185184 0.07760416666666667 0.5074074074074074
f 0.15833333333333333 0.17685185185185184 0.07760416666666667 0.5074074074074074
V 0.15833333333333333 0.17685185185185184 0.07760416666666667 0.5074074074074074
H 0.15833333333333333 0.17685185185185184 0.07760416666666667 0.5074074074074074
3 0.15833333333333333 0.17685185185185184 0.07760416666666667 0.5074074074074074
m 0.15833333333333333 0.17685185185185184 0.07760416666666667 0.5074074074074074
