7 0.3828125 0.649074074074074 0.042708333333333334 0.08611111111111111
61 0.5526041666666667 0.7953703703703704 0.08229166666666667 0.16296296296296298
32 0.696875 0.1638888888888889 0.065625 0.13055555555555556
15 0.2140625 0.7768518518518519 0.07552083333333333 0.15092592592592594
11 0.4546875 0.7361111111111112 0.06145833333333333 0.12314814814814815
23 0.22239583333333332 0.39537037037037037 0.044270833333333336 0.08888888888888889
31 0.55 0.18888888888888888 0.07864583333333333 0.15648148148148147
50 0.40520833333333334 0.1638888888888889 0.08489583333333334 0.1685185185185185
51 0.921875 0.39351851851851855 0.06302083333333333 0.125
43 0.49375 0.4537037037037037 0.08177083333333333 0.16296296296296298
6 0.24322916666666666 0.7351851851851852 0.008854166666666666 0.018518518518518517
35 0.0609375 0.5222222222222223 0.065625 0.13055555555555556
42 0.0734375 0.20925925925925926 0.08177083333333333 0.16296296296296298
58 0.996875 0.08981481481481482 0.003125 0.05
49 0.259375 0.6222222222222222 0.06458333333333334 0.12777777777777777
46 0.9557291666666666 0.6388888888888888 0.044270833333333336 0.10092592592592593
11 0.459375 0.42685185185185187 0.06354166666666666 0.1259259259259259
57 0.18697916666666667 0.8111111111111111 0.0234375 0.04722222222222222
3 0.15833333333333333 0.9574074074074074 0.009895833333333333 0.020370370370370372
25 0.346875 0.4425925925925926 0.020833333333333332 0.041666666666666664
