8 0.7885416666666667 0.7462962962962963 0.0625 0.12407407407407407
8 0.9635416666666666 0.6296296296296297 0.036458333333333336 0.13518518518518519
56 0.39114583333333336 0.4601851851851852 0.007291666666666667 0.01574074074074074
19 0.16041666666666668 0.20277777777777778 0.06614583333333333 0.13240740740740742
43 0.7036458333333333 0.5509259259259259 0.04635416666666667 0.09259259259259259
18 0.25677083333333334 0.7546296296296297 0.08854166666666667 0.17592592592592593
19 0.6270833333333333 0.010185185185185186 0.08385416666666666 0.16666666666666666
3 0.6572916666666667 0.39166666666666666 0.019791666666666666 0.03981481481481482
4 0.5598958333333334 0.44907407407407407 0.019270833333333334 0.03888888888888889
33 0.9916666666666667 0.7537037037037037 0.008333333333333333 0.06296296296296296
4 0.7609375 0.07592592592592592 0.06979166666666667 0.1388888888888889
61 0.8760416666666667 0.5324074074074074 0.05677083333333333 0.11296296296296296
38 0.06302083333333333 0.28703703703703703 0.0625 0.12407407407407407
26 0.8729166666666667 0.674074074074074 0.0703125 0.1398148148148148
38 0.16510416666666666 0.8953703703703704 0.035416666666666666 0.07037037037037037
15 0.31666666666666665 0.4305555555555556 0.009895833333333333 0.020370370370370372
12 0.0296875 0.5935185185185186 0.01875 0.03796296296296296
2 0.0703125 0.11666666666666667 0.04895833333333333 0.09722222222222222
50 0.42604166666666665 0.10185185185185185 0.06510416666666667 0.12962962962962962
7 0.15625 0.85 0.06979166666666667 0.1388888888888889
