8 0.42604166666666665 0.41203703703703703 0.0390625 0.0787037037037037
26 0.3109375 9.259259259259259e-10 0.08541666666666667 0.02129629537037037
63 0.15 0.8518518518518519 0.03125 0.062037037037037036
60 0.803125 0.6731481481481482 0.05 0.1
28 0.7734375 0.7601851851851852 0.06197916666666667 0.12314814814814815
10 0.9182291666666667 0.8685185185185185 0.016666666666666666 0.03425925925925926
9 0.884375 0.8157407407407408 0.008854166666666666 0.018518518518518517
34 0.31927083333333334 9.259259259259259e-10 0.08385416666666666 0.08981481388888889
10 0.31614583333333335 0.7564814814814815 0.019270833333333334 0.03888888888888889
3 0.8078125 0.1638888888888889 0.08229166666666667 0.16296296296296298
25 0.7411458333333333 0.5222222222222223 0.009375 0.019444444444444445
2 0.3807291666666667 0.6287037037037037 0.017708333333333333 0.03611111111111111
55 0.5276041666666667 0.4388888888888889 0.08802083333333334 0.175
40 0.7979166666666667 0.5916666666666667 0.0578125 0.11481481481481481
44 0.046875 0.4861111111111111 0.008333333333333333 0.017592592592592594
18 0.8473958333333333 0.24444444444444444 0.06614583333333333 0.13148148148148148
34 0.003125 0.8324074074074074 0.0109375 0.023148148148148147
22 0.06145833333333333 0.2712962962962963 0.084375 0.1675925925925926
49 0.9203125 0.6648148148148149 0.009375 0.019444444444444445
58 0.171875 9.259259259259259e-10 0.06302083333333333 0.015740739814814813
