8 0.0453125 0.3425925925925926 0.016145833333333335 0.032407407407407406
52 0.7192708333333333 0.05277777777777778 0.04479166666666667 0.08888888888888889
60 0.27291666666666664 0.18703703703703703 0.06666666666666667 0.13333333333333333
7 0.13697916666666668 0.43425925925925923 0.07291666666666667 0.14537037037037037
56 0.7510416666666667 0.475 0.07239583333333334 0.14351851851851852
21 0.9375 0.5944444444444444 0.0328125 0.06574074074074074
55 0.809375 0.7296296296296296 0.06927083333333334 0.13796296296296295
17 0.9567708333333333 0.6157407407407407 0.016666666666666666 0.03425925925925926
46 0.35572916666666665 0.49074074074074076 0.09166666666666666 0.1824074074074074
37 0.24583333333333332 0.3814814814814815 0.0890625 0.17685185185185184
31 0.8895833333333333 0.28055555555555556 0.06666666666666667 0.13240740740740742
21 0.6604166666666667 0.7342592592592593 0.08125 0.16111111111111112
33 0.41041666666666665 9.259259259259259e-10 0.028125 0.03888888796296296
21 0.0484375 0.6342592592592593 0.018229166666666668 0.037037037037037035
6 0.5885416666666666 0.7722222222222223 0.04583333333333333 0.09074074074074075
20 0.5505208333333333 0.08981481481481482 0.019270833333333334 0.03888888888888889
37 0.08177083333333333 0.2037037037037037 0.022916666666666665 0.046296296296296294
29 0.0875 0.12777777777777777 0.06614583333333333 0.13148148148148148
59 0.7552083333333334 0.27037037037037037 0.07864583333333333 0.15648148148148147
31 0.7026041666666667 0.2101851851851852 0.04010416666666667 0.08055555555555556
