8 0.3104166666666667 0.030555555555555555 0.059895833333333336 0.11851851851851852
53 0.38645833333333335 0.24444444444444444 0.033854166666666664 0.06851851851851852
21 0.8375 0.487962962962963 0.08072916666666667 0.16018518518518518
15 0.6161458333333333 0.2101851851851852 0.04010416666666667 0.07962962962962963
31 0.0484375 0.017592592592592594 0.009895833333333333 0.020370370370370372
9 0.31354166666666666 0.7462962962962963 0.07395833333333333 0.14722222222222223
50 0.053125 0.8537037037037037 0.0046875 0.010185185185185186
30 0.7572916666666667 0.49074074074074076 0.07864583333333333 0.15648148148148147
42 0.19427083333333334 0.1 0.075 0.14907407407407408
5 0.5229166666666667 9.259259259259259e-10 0.07447916666666667 0.09444444351851852
8 0.8625 0.2777777777777778 0.07552083333333333 0.15092592592592594
17 0.7411458333333333 0.41944444444444445 0.08177083333333333 0.16296296296296298
18 0.08645833333333333 0.5796296296296296 0.005729166666666666 0.012037037037037037
29 0.5411458333333333 0.7425925925925926 0.024479166666666666 0.049074074074074076
16 0.4234375 0.2953703703703704 0.0546875 0.10833333333333334
63 0.7197916666666667 0.7157407407407408 0.07135416666666666 0.14166666666666666
50 0.678125 0.5666666666666667 0.0328125 0.06574074074074074
30 0.3765625 0.024074074074074074 0.07447916666666667 0.14814814814814814
33 0.51875 0.3351851851851852 0.07552083333333333 0.15
62 0.28177083333333336 0.030555555555555555 0.0296875 0.05925925925925926
