9 0.09895833333333333 0.3685185185185185 0.07864583333333333 0.15648148148148147
2 0.6953125 9.259259259259259e-10 0.0890625 0.022222221296296297
24 0.43697916666666664 9.259259259259259e-10 0.08645833333333333 0.05833333240740741
6 0.7494791666666667 0.7759259259259259 0.0765625 0.15185185185185185
40 0.7494791666666667 0.6907407407407408 0.03177083333333333 0.06388888888888888
61 0.171875 0.8018518518518518 0.019270833333333334 0.03981481481481482
42 0.5901041666666667 0.2518518518518518 0.025520833333333333 0.05092592592592592
11 0.3880208333333333 0.18981481481481483 0.06510416666666667 0.12962962962962962
55 0.22447916666666667 0.7472222222222222 0.010416666666666666 0.021296296296296296
11 0.8989583333333333 0.7407407407407407 0.033854166666666664 0.06851851851851852
37 0.2109375 0.7574074074074074 0.018229166666666668 0.037037037037037035
39 0.050520833333333334 0.03518518518518519 0.0125 0.025925925925925925
60 0.6885416666666667 0.5592592592592592 0.04479166666666667 0.08888888888888889
63 0.4359375 0.31296296296296294 0.04583333333333333 0.09074074074074075
18 0.43020833333333336 0.9388888888888889 0.029166666666666667 0.058333333333333334
2 0.9671875 0.1287037037037037 0.0328125 0.08425925925925926
15 0.9098958333333333 0.8703703703703703 0.03333333333333333 0.06666666666666667
62 0.5213541666666667 0.175 0.0203125 0.040740740740740744
13 0.9703125 0.41203703703703703 0.0296875 0.09537037037037037
53 0.459375 0.026851851851851852 0.0546875 0.10925925925925926
