9 0.9651041666666667 0.8111111111111111 0.015625 0.03148148148148148
9 0.14375 0.4722222222222222 0.04479166666666667 0.08981481481481482
26 0.9463541666666667 0.5648148148148148 0.034895833333333334 0.07037037037037037
63 0.6125 0.6944444444444444 0.0203125 0.040740740740740744
47 0.24322916666666666 0.6527777777777778 0.034375 0.06944444444444445
6 0.559375 0.05 0.036458333333333336 0.07314814814814814
6 0.11927083333333334 0.21388888888888888 0.04895833333333333 0.09814814814814815
15 0.4036458333333333 0.03518518518518519 0.028125 0.05648148148148148
31 0.7140625 0.8009259259259259 0.07760416666666667 0.1537037037037037
63 0.29635416666666664 0.3638888888888889 0.026041666666666668 0.05277777777777778
55 0.0375 0.14351851851851852 0.08125 0.16203703703703703
35 0.4171875 0.9027777777777778 0.01875 0.03796296296296296
48 0.4625 9.259259259259259e-10 0.09114583333333333 0.09444444351851852
2 0.20885416666666667 0.27870370370370373 0.08177083333333333 0.16296296296296298
61 0.9546875 0.25833333333333336 0.0453125 0.14444444444444443
60 0.14479166666666668 0.26944444444444443 0.027083333333333334 0.053703703703703705
18 0.16666666666666666 0.16574074074074074 0.03333333333333333 0.06759259259259259
61 0.7526041666666666 0.5574074074074075 0.033854166666666664 0.06851851851851852
63 0.34739583333333335 0.06851851851851852 0.08802083333333334 0.175
63 0.29583333333333334 0.016666666666666666 0.028645833333333332 0.05740740740740741
