9 0.25052083333333336 0.10277777777777777 0.07135416666666666 0.14166666666666666
25 0.4901041666666667 0.4759259259259259 0.021354166666666667 0.04351851851851852
10 0.528125 0.5277777777777778 0.03177083333333333 0.06388888888888888
50 0.5984375 0.4740740740740741 0.06614583333333333 0.13148148148148148
63 0.9473958333333333 0.07685185185185185 0.0140625 0.028703703703703703
20 0.37135416666666665 0.05092592592592592 0.04895833333333333 0.09814814814814815
22 0.07395833333333333 0.053703703703703705 0.05260416666666667 0.10462962962962963
57 0.9375 0.36944444444444446 0.010416666666666666 0.022222222222222223
49 0.17447916666666666 0.007407407407407408 0.09114583333333333 0.18055555555555555
51 0.9526041666666667 9.259259259259259e-10 0.04739583333333333 0.13518518425925927
7 0.08020833333333334 0.7870370370370371 0.07291666666666667 0.14444444444444443
22 0.8359375 0.9666666666666667 0.00625 0.013888888888888888
16 0.675 0.16944444444444445 0.020833333333333332 0.04259259259259259
40 0.2890625 0.787962962962963 0.06666666666666667 0.13240740740740742
17 0.196875 0.12777777777777777 0.046875 0.09351851851851851
45 0.459375 9.259259259259259e-10 0.008854166666666666 0.0074074064814814815
28 0.0828125 9.259259259259259e-10 0.06875 0.001851850925925926
21 0.5364583333333334 0.06944444444444445 0.0546875 0.10833333333333334
19 0.5088541666666667 0.5425925925925926 0.005729166666666666 0.012037037037037037
20 0.4505208333333333 0.2222222222222222 0.028125 0.05648148148148148
