9 0.5171875 0.07407407407407407 0.0875 0.17407407407407408
55 0.9458333333333333 0.6981481481481482 0.013541666666666667 0.027777777777777776
18 0.37135416666666665 0.7564814814814815 0.018229166666666668 0.03611111111111111
23 0.7015625 0.6990740740740741 0.00625 0.012962962962962963
27 0.009375 0.5166666666666667 0.026041666666666668 0.05277777777777778
13 0.027604166666666666 0.8379629629629629 0.065625 0.13055555555555556
53 0.6994791666666667 0.29814814814814816 0.005208333333333333 0.011111111111111112
5 0.9791666666666666 0.37592592592592594 0.020833333333333332 0.05185185185185185
34 0.8348958333333333 0.22592592592592592 0.06458333333333334 0.1287037037037037
63 0.95 0.3824074074074074 0.05 0.17592592592592593
48 0.6875 0.6611111111111111 0.07760416666666667 0.15462962962962962
55 0.7838541666666666 0.6583333333333333 0.0125 0.025925925925925925
51 0.7463541666666667 0.7537037037037037 0.07864583333333333 0.15648148148148147
39 0.43125 0.7240740740740741 0.0765625 0.15185185185185185
60 0.978125 0.20185185185185187 0.021875 0.11574074074074074
3 0.32135416666666666 0.649074074074074 0.030729166666666665 0.06111111111111111
14 0.9520833333333333 9.259259259259259e-10 0.04791666666666667 0.04537036944444445
6 0.6604166666666667 0.8685185185185185 0.04375 0.08796296296296297
37 0.921875 0.48148148148148145 0.020833333333333332 0.04259259259259259
3 0.6536458333333334 0.7018518518518518 0.03333333333333333 0.06759259259259259
