11 0.95625 0.5722222222222222 0.04375 0.14351851851851852
18 0.728125 0.5037037037037037 0.0859375 0.1712962962962963
62 0.4010416666666667 0.3675925925925926 0.04114583333333333 0.08148148148148149
52 0.6598958333333333 0.07685185185185185 0.08958333333333333 0.1787037037037037
9 0.04010416666666667 0.9009259259259259 0.022916666666666665 0.04537037037037037
38 0.9588541666666667 0.3685185185185185 0.015625 0.03148148148148148
45 0.7041666666666667 0.9 0.011458333333333333 0.024074074074074074
30 0.7265625 9.259259259259259e-10 0.08802083333333334 0.16574073981481482
39 0.39375 0.5074074074074074 0.007291666666666667 0.014814814814814815
26 0.45260416666666664 9.259259259259259e-10 0.04895833333333333 0.08333333240740741
54 0.4 0.32407407407407407 0.011979166666666667 0.024074074074074074
24 0.5192708333333333 0.524074074074074 0.090625 0.17962962962962964
15 0.275 0.23981481481481481 0.065625 0.13055555555555556
56 0.019270833333333334 0.899074074074074 0.0390625 0.0787037037037037
58 0.6265625 0.05925925925925926 0.0703125 0.1398148148148148
58 0.7432291666666667 9.259259259259259e-10 0.084375 0.006481480555555555
10 0.9807291666666667 0.5546296296296296 0.019270833333333334 0.175
26 0.17864583333333334 0.10092592592592593 0.08697916666666666 0.17222222222222222
57 0.7125 0.5814814814814815 0.09114583333333333 0.18055555555555555
60 0.5171875 0.5046296296296297 0.059375 0.11851851851851852
