11 0.5276041666666667 0.2537037037037037 0.016666666666666666 0.03425925925925926
23 0.825 0.13333333333333333 0.08020833333333334 0.16018518518518518
57 0.7333333333333333 0.006481481481481481 0.011979166666666667 0.024074074074074074
62 0.065625 0.3675925925925926 0.06145833333333333 0.12222222222222222
9 0.5885416666666666 0.6092592592592593 0.007291666666666667 0.01574074074074074
4 0.32760416666666664 0.046296296296296294 0.0625 0.12407407407407407
29 0.6479166666666667 0.8629629629629629 0.019791666666666666 0.03981481481481482
5 0.19270833333333334 0.10462962962962963 0.0125 0.025925925925925925
3 0.5963541666666666 0.3685185185185185 0.010416666666666666 0.021296296296296296
59 0.525 0.7490740740740741 0.09322916666666667 0.18518518518518517
39 0.8682291666666667 0.5611111111111111 0.034375 0.06851851851851852
6 0.6661458333333333 9.259259259259259e-10 0.071875 0.06388888796296296
20 0.86875 0.6194444444444445 0.09010416666666667 0.17962962962962964
46 0.15885416666666666 0.23148148148148148 0.021875 0.044444444444444446
27 0.7682291666666666 0.010185185185185186 0.059375 0.11851851851851852
14 0.2828125 0.7379629629629629 0.0484375 0.0962962962962963
38 0.11145833333333334 0.5601851851851852 0.0609375 0.12129629629629629
57 0.7651041666666667 0.46944444444444444 0.07083333333333333 0.14074074074074075
54 0.7635416666666667 0.7787037037037037 0.008854166666666666 0.018518518518518517
61 0.7734375 0.9564814814814815 0.008333333333333333 0.017592592592592594
