11 0.15 0.8583333333333333 0.07083333333333333 0.14074074074074075
27 0.0578125 0.524074074074074 0.027083333333333334 0.053703703703703705
34 0.7432291666666667 0.37037037037037035 0.0390625 0.07777777777777778
29 0.3296875 0.7592592592592593 0.027083333333333334 0.053703703703703705
63 0.5046875 0.6962962962962963 0.0067708333333333336 0.013888888888888888
26 0.7854166666666667 0.5351851851851852 0.020833333333333332 0.041666666666666664
17 0.353125 9.259259259259259e-10 0.07447916666666667 0.09166666574074074
40 0.6338541666666667 0.43333333333333335 0.05572916666666667 0.1111111111111111
40 0.6953125 0.3685185185185185 0.03125 0.06296296296296296
24 0.5973958333333333 0.32222222222222224 0.05677083333333333 0.11388888888888889
13 0.43125 0.4564814814814815 0.09270833333333334 0.18425925925925926
16 0.6052083333333333 0.5657407407407408 0.08697916666666666 0.17314814814814813
20 0.2390625 0.6268518518518519 0.078125 0.15555555555555556
53 0.27395833333333336 0.17777777777777778 0.028125 0.05648148148148148
6 0.43385416666666665 0.8694444444444445 0.010416666666666666 0.021296296296296296
9 0.9552083333333333 0.5203703703703704 0.04479166666666667 0.1398148148148148
5 0.030208333333333334 0.2722222222222222 0.05520833333333333 0.11018518518518519
39 0.9317708333333333 0.6916666666666667 0.0671875 0.13333333333333333
54 0.19479166666666667 0.8601851851851852 0.014583333333333334 0.030555555555555555
18 0.7020833333333333 0.44537037037037036 0.0140625 0.028703703703703703
