11 0.6192708333333333 0.6898148148148148 0.0765625 0.1527777777777778
31 0.2755208333333333 0.002777777777777778 0.0375 0.075
25 0.5026041666666666 0.06666666666666667 0.06927083333333334 0.13796296296296295
10 0.4578125 0.950925925925926 0.007291666666666667 0.014814814814814815
8 0.06875 0.07962962962962963 0.020833333333333332 0.041666666666666664
31 0.7432291666666667 0.001851851851851852 0.07708333333333334 0.1527777777777778
28 0.425 0.5981481481481481 0.0515625 0.10277777777777777
9 0.16666666666666666 0.20277777777777778 0.075 0.15
34 0.16979166666666667 0.6166666666666667 0.051041666666666666 0.10185185185185185
29 0.4609375 0.2324074074074074 0.06510416666666667 0.12962962962962962
22 0.7776041666666667 9.259259259259259e-10 0.029166666666666667 0.01666666574074074
52 0.06614583333333333 0.026851851851851852 0.0296875 0.05925925925925926
9 0.03177083333333333 0.42777777777777776 0.005729166666666666 0.012037037037037037
11 0.28541666666666665 0.2518518518518518 0.008333333333333333 0.017592592592592594
49 0.18697916666666667 0.5185185185185185 0.06770833333333333 0.13425925925925927
18 0.7963541666666667 0.07685185185185185 0.090625 0.18055555555555555
23 0.44479166666666664 0.600925925925926 0.04635416666666667 0.09259259259259259
26 0.5119791666666667 0.7555555555555555 0.0109375 0.022222222222222223
8 0.7515625 0.7268518518518519 0.07864583333333333 0.15648148148148147
26 0.2625 0.3175925925925926 0.04114583333333333 0.0824074074074074
