12 0.696875 0.3648148148148148 0.06666666666666667 0.13240740740740742
9 0.022395833333333334 0.3333333333333333 0.019270833333333334 0.03888888888888889
45 0.8703125 0.08055555555555556 0.007291666666666667 0.01574074074074074
53 0.5447916666666667 0.2324074074074074 0.0296875 0.05925925925925926
57 0.19635416666666666 0.009259259259259259 0.017708333333333333 0.03611111111111111
34 0.24479166666666666 0.55 0.05260416666666667 0.10462962962962963
4 0.6927083333333334 0.6064814814814815 0.0125 0.025925925925925925
54 0.09427083333333333 0.1361111111111111 0.007291666666666667 0.014814814814814815
54 0.3171875 0.0 0.059895833333333336 0.04537037037037037
34 0.2734375 0.5694444444444444 0.0375 0.07592592592592592
44 0.5416666666666666 0.7018518518518518 0.09010416666666667 0.1787037037037037
60 0.5895833333333333 0.24444444444444444 0.07604166666666666 0.15092592592592594
32 0.5338541666666666 0.3648148148148148 0.035416666666666666 0.0712962962962963
44 0.7552083333333334 0.4527777777777778 0.0578125 0.11574074074074074
50 0.44895833333333335 0.4546296296296296 0.033854166666666664 0.06759259259259259
11 0.3921875 0.0 0.06041666666666667 0.09722222222222222
41 0.4395833333333333 0.6851851851851852 0.0609375 0.12129629629629629
45 0.9703125 0.30462962962962964 0.0296875 0.06111111111111111
49 0.42552083333333335 0.8203703703703704 0.046875 0.09351851851851851
18 0.08125 0.0 0.0859375 0.08055555555555556
