12 0.0640625 0.9148148148148149 0.03177083333333333 0.06388888888888888
10 0.8869791666666667 0.687037037037037 0.03177083333333333 0.06388888888888888
40 0.984375 0.09722222222222222 0.015625 0.14722222222222223
53 0.4276041666666667 0.8277777777777777 0.0234375 0.04722222222222222
52 0.653125 0.037037037037037035 0.04010416666666667 0.08055555555555556
54 0.34322916666666664 0.0787037037037037 0.013020833333333334 0.026851851851851852
59 0.46979166666666666 0.06388888888888888 0.050520833333333334 0.10092592592592593
9 0.08489583333333334 0.1111111111111111 0.059895833333333336 0.11944444444444445
43 0.04635416666666667 0.3824074074074074 0.07708333333333334 0.1527777777777778
56 0.25729166666666664 0.562037037037037 0.09322916666666667 0.18518518518518517
14 0.1171875 0.6074074074074074 0.034895833333333334 0.06944444444444445
22 0.2609375 9.259259259259259e-10 0.057291666666666664 0.08055555462962963
14 0.15104166666666666 0.850925925925926 0.0359375 0.07222222222222222
46 0.14166666666666666 0.7916666666666666 0.08072916666666667 0.16018518518518518
36 0.051041666666666666 0.37037037037037035 0.08645833333333333 0.1712962962962963
52 0.4296875 0.5027777777777778 0.09114583333333333 0.18055555555555555
10 0.9067708333333333 0.5 0.0671875 0.13333333333333333
44 0.94375 0.6074074074074074 0.0046875 0.010185185185185186
14 0.2984375 0.25555555555555554 0.0390625 0.0787037037037037
35 0.7390625 0.5305555555555556 0.0421875 0.08425925925925926
