12 0.6630208333333333 0.24537037037037038 0.041666666666666664 0.0824074074074074
38 0.6161458333333333 0.5009259259259259 0.03802083333333333 0.07592592592592592
52 0.5994791666666667 0.31296296296296294 0.0625 0.125
15 0.4661458333333333 0.8425925925925926 0.0234375 0.04722222222222222
26 0.19114583333333332 0.7981481481481482 0.0109375 0.023148148148148147
20 0.0421875 0.06666666666666667 0.028125 0.05648148148148148
10 0.9135416666666667 0.687037037037037 0.011979166666666667 0.024074074074074074
30 0.7630208333333334 0.6898148148148148 0.041666666666666664 0.08333333333333333
36 0.3046875 0.48148148148148145 0.08125 0.16111111111111112
63 0.31875 0.7388888888888889 0.0109375 0.022222222222222223
24 0.43854166666666666 0.8027777777777778 0.08489583333333334 0.1685185185185185
12 0.32395833333333335 0.5037037037037037 0.06875 0.1361111111111111
39 0.8453125 0.18888888888888888 0.0671875 0.13425925925925927
62 0.2484375 0.41759259259259257 0.026041666666666668 0.05185185185185185
38 0.06614583333333333 0.000925925925925926 0.08177083333333333 0.16296296296296298
20 0.2755208333333333 9.259259259259259e-10 0.071875 0.04907407314814815
24 0.10885416666666667 0.6888888888888889 0.015625 0.03148148148148148
34 0.7333333333333333 9.259259259259259e-10 0.09114583333333333 0.004629628703703703
42 0.49270833333333336 0.01574074074074074 0.07864583333333333 0.15648148148148147
27 0.5541666666666667 0.8194444444444444 0.075 0.14907407407407408
