12 0.584375 0.6777777777777778 0.043229166666666666 0.08703703703703704
40 0.6854166666666667 0.44074074074074077 0.011458333333333333 0.024074074074074074
42 0.2786458333333333 0.49722222222222223 0.078125 0.15555555555555556
44 0.134375 0.4601851851851852 0.075 0.14907407407407408
44 0.6708333333333333 0.3055555555555556 0.07708333333333334 0.1537037037037037
24 0.9135416666666667 0.8435185185185186 0.06354166666666666 0.12685185185185185
18 0.5619791666666667 0.3712962962962963 0.011458333333333333 0.024074074074074074
41 0.9140625 0.8842592592592593 0.029166666666666667 0.05925925925925926
20 0.6463541666666667 0.08333333333333333 0.03177083333333333 0.06388888888888888
12 0.05 0.5212962962962963 0.023958333333333335 0.04814814814814815
13 0.8572916666666667 0.799074074074074 0.0515625 0.10277777777777777
16 0.0515625 0.11574074074074074 0.011458333333333333 0.023148148148148147
60 0.25729166666666664 0.025925925925925925 0.022395833333333334 0.04537037037037037
3 0.5072916666666667 0.17777777777777778 0.020833333333333332 0.041666666666666664
62 0.3078125 0.22962962962962963 0.021875 0.04351851851851852
3 0.7494791666666667 0.13518518518518519 0.017708333333333333 0.03611111111111111
49 0.7270833333333333 0.33611111111111114 0.07708333333333334 0.1537037037037037
18 0.6927083333333334 0.2222222222222222 0.0359375 0.07222222222222222
51 0.31145833333333334 0.8518518518518519 0.0703125 0.1398148148148148
54 0.19791666666666666 0.2361111111111111 0.06822916666666666 0.1361111111111111
