38 0.6322916666666667 0.05740740740740741 0.0828125 0.1648148148148148
16 0.9510416666666667 0.17962962962962964 0.0265625 0.053703703703703705
18 0.9609375 0.6944444444444444 0.007291666666666667 0.01574074074074074
39 0.95625 0.47685185185185186 0.04375 0.16944444444444445
46 0.4739583333333333 9.259259259259259e-10 0.0890625 0.10277777685185185
29 0.1875 0.06296296296296296 0.06302083333333333 0.1259259259259259
3 0.4395833333333333 0.03611111111111111 0.017708333333333333 0.03611111111111111
38 0.28125 0.7407407407407407 0.015104166666666667 0.030555555555555555
9 0.084375 0.11388888888888889 0.018229166666666668 0.037037037037037035
47 0.1578125 0.762962962962963 0.06458333333333334 0.1287037037037037
40 0.30364583333333334 0.6861111111111111 0.023958333333333335 0.04814814814814815
37 0.5645833333333333 0.14166666666666666 0.0296875 0.05925925925925926
38 0.9890625 0.5018518518518519 0.0109375 0.08611111111111111
29 0.9572916666666667 9.259259259259259e-10 0.0265625 0.009259258333333334
57 0.6427083333333333 0.8305555555555556 0.0609375 0.12129629629629629
31 0.050520833333333334 0.25925925925925924 0.044270833333333336 0.08888888888888889
36 0.13125 0.3990740740740741 0.07760416666666667 0.15462962962962962
48 0.7697916666666667 0.030555555555555555 0.0046875 0.010185185185185186
10 0.3984375 0.6814814814814815 0.04583333333333333 0.09074074074074075
11 0.8010416666666667 0.4203703703703704 0.024479166666666666 0.049074074074074076
