12 0.4088541666666667 0.40185185185185185 0.0234375 0.04722222222222222
42 0.5703125 0.27870370370370373 0.0890625 0.17685185185185184
48 0.9708333333333333 0.08611111111111111 0.029166666666666667 0.16018518518518518
48 0.3572916666666667 0.08425925925925926 0.06510416666666667 0.12962962962962962
49 0.10729166666666666 0.3675925925925926 0.05 0.09907407407407408
31 0.55 0.13518518518518519 0.09322916666666667 0.18425925925925926
34 0.25416666666666665 0.9388888888888889 0.029166666666666667 0.058333333333333334
48 0.7348958333333333 0.7972222222222223 0.05364583333333333 0.10648148148148148
56 0.4484375 0.22407407407407406 0.0234375 0.04814814814814815
32 0.16927083333333334 0.001851851851851852 0.029166666666666667 0.05925925925925926
59 0.6786458333333333 0.799074074074074 0.022916666666666665 0.046296296296296294
12 0.05260416666666667 9.259259259259259e-10 0.0765625 0.10277777685185185
40 0.0546875 0.9638888888888889 0.009895833333333333 0.020370370370370372
8 0.2604166666666667 0.6462962962962963 0.016145833333333335 0.03333333333333333
25 0.60625 9.259259259259259e-10 0.05260416666666667 0.08611111018518519
10 0.44479166666666664 0.7666666666666667 0.026041666666666668 0.05185185185185185
11 0.10364583333333334 0.46944444444444444 0.0234375 0.04722222222222222
44 0.35 9.259259259259259e-10 0.0515625 0.06111111018518519
50 0.6854166666666667 0.44074074074074077 0.013541666666666667 0.027777777777777776
62 0.296875 0.24444444444444444 0.03333333333333333 0.06759259259259259
