12 0.14635416666666667 0.8064814814814815 0.0390625 0.07777777777777778
44 0.5151041666666667 0.07037037037037037 0.005208333333333333 0.011111111111111112
48 0.7953125 0.575 0.090625 0.18055555555555555
21 0.5552083333333333 0.7194444444444444 0.021875 0.044444444444444446
19 0.27447916666666666 9.259259259259259e-10 0.06875 0.05555555462962963
47 0.24947916666666667 0.34814814814814815 0.03333333333333333 0.06666666666666667
36 0.078125 0.8194444444444444 0.04895833333333333 0.09722222222222222
34 0.9583333333333334 0.6074074074074074 0.041666666666666664 0.12129629629629629
17 0.08541666666666667 0.9296296296296296 0.019791666666666666 0.03981481481481482
28 0.1375 0.003703703703703704 0.03958333333333333 0.0787037037037037
10 0.8770833333333333 0.48518518518518516 0.008333333333333333 0.017592592592592594
15 0.9192708333333334 0.6231481481481481 0.053125 0.10648148148148148
57 0.053125 0.7962962962962963 0.07447916666666667 0.14814814814814814
24 0.5911458333333334 0.6833333333333333 0.026041666666666668 0.05277777777777778
46 0.5927083333333333 0.5083333333333333 0.0375 0.075
61 0.2994791666666667 0.06574074074074074 0.020833333333333332 0.041666666666666664
31 0.3572916666666667 0.37592592592592594 0.04010416666666667 0.07962962962962963
15 0.6536458333333334 0.5509259259259259 0.05 0.09907407407407408
32 0.26927083333333335 9.259259259259259e-10 0.06875 0.0935185175925926
38 0.984375 0.23796296296296296 0.015625 0.06481481481481481
