38 0.6598958333333333 9.259259259259259e-10 0.00625 0.0027777768518518517
21 0.19427083333333334 0.05185185185185185 0.059375 0.11851851851851852
3 0.48489583333333336 0.3314814814814815 0.09114583333333333 0.18055555555555555
51 0.1796875 0.07685185185185185 0.05260416666666667 0.10462962962962963
28 0.7369791666666666 0.6388888888888888 0.028645833333333332 0.05740740740740741
7 0.9546875 9.259259259259259e-10 0.022916666666666665 0.01018518425925926
23 0.9895833333333334 0.675 0.010416666666666666 0.028703703703703703
54 0.06927083333333334 0.5574074074074075 0.005729166666666666 0.012037037037037037
60 0.21145833333333333 9.259259259259259e-10 0.06666666666666667 0.11203703611111111
8 0.9364583333333333 0.8731481481481481 0.057291666666666664 0.11388888888888889
41 0.06302083333333333 0.023148148148148147 0.04479166666666667 0.08981481481481482
21 0.10572916666666667 0.10462962962962963 0.0734375 0.14537037037037037
16 0.22083333333333333 0.5287037037037037 0.057291666666666664 0.11388888888888889
10 0.15625 0.637962962962963 0.03229166666666667 0.06481481481481481
51 0.103125 0.3435185185185185 0.051041666666666666 0.10185185185185185
28 0.0828125 0.30925925925925923 0.04635416666666667 0.09259259259259259
42 0.47239583333333335 0.7185185185185186 0.0890625 0.17685185185185184
53 0.4625 0.38796296296296295 0.0296875 0.06018518518518518
51 0.38385416666666666 0.700925925925926 0.04583333333333333 0.09166666666666666
59 0.9421875 0.29444444444444445 0.03958333333333333 0.07962962962962963
