12 0.9322916666666666 0.899074074074074 0.0375 0.075
23 0.3177083333333333 0.024074074074074074 0.08645833333333333 0.17222222222222222
22 0.22395833333333334 0.562962962962963 0.020833333333333332 0.041666666666666664
25 0.7307291666666667 0.7898148148148149 0.042708333333333334 0.08518518518518518
31 0.134375 0.7685185185185185 0.0234375 0.04722222222222222
17 0.16354166666666667 0.762962962962963 0.03802083333333333 0.07592592592592592
43 0.925 0.4074074074074074 0.018229166666666668 0.037037037037037035
18 0.21875 0.1935185185185185 0.04739583333333333 0.09444444444444444
47 0.7364583333333333 0.6148148148148148 0.06979166666666667 0.1388888888888889
24 0.503125 0.1537037037037037 0.024479166666666666 0.049074074074074076
62 0.47239583333333335 0.25 0.04479166666666667 0.08981481481481482
13 0.61875 0.6527777777777778 0.07708333333333334 0.1537037037037037
36 0.09114583333333333 0.21203703703703702 0.06822916666666666 0.1361111111111111
41 0.25416666666666665 0.7240740740740741 0.059895833333333336 0.11944444444444445
24 0.24270833333333333 0.45740740740740743 0.019791666666666666 0.03981481481481482
60 0.33697916666666666 0.85 0.058333333333333334 0.11574074074074074
28 0.7046875 0.044444444444444446 0.065625 0.13055555555555556
44 0.8380208333333333 0.21203703703703702 0.0734375 0.14537037037037037
53 0.4640625 0.3212962962962963 0.04114583333333333 0.0824074074074074
25 0.15416666666666667 0.35462962962962963 0.0703125 0.1398148148148148
