12 0.04635416666666667 0.43796296296296294 0.025520833333333333 0.05092592592592592
50 0.25625 0.3111111111111111 0.009895833333333333 0.020370370370370372
13 0.7442708333333333 9.259259259259259e-10 0.030208333333333334 0.059259258333333335
59 0.9677083333333333 0.40555555555555556 0.0046875 0.010185185185185186
3 0.9328125 0.21296296296296297 0.059375 0.11851851851851852
54 0.2994791666666667 0.22407407407407406 0.05364583333333333 0.10648148148148148
33 0.9171875 0.1574074074074074 0.041666666666666664 0.08333333333333333
10 0.43697916666666664 0.4101851851851852 0.08177083333333333 0.16296296296296298
42 0.8270833333333333 0.11296296296296296 0.0067708333333333336 0.013888888888888888
15 0.8036458333333333 0.662962962962963 0.0734375 0.14537037037037037
33 0.19583333333333333 0.6833333333333333 0.016145833333333335 0.032407407407407406
15 0.028645833333333332 0.07592592592592592 0.05364583333333333 0.10648148148148148
48 0.23072916666666668 0.02962962962962963 0.06822916666666666 0.13518518518518519
10 0.9869791666666666 0.5453703703703704 0.013020833333333334 0.03148148148148148
63 0.55 0.8694444444444445 0.005729166666666666 0.012037037037037037
55 0.1296875 0.7175925925925926 0.022395833333333334 0.04537037037037037
42 0.15677083333333333 0.3574074074074074 0.08645833333333333 0.1712962962962963
9 0.7005208333333334 0.1648148148148148 0.027604166666666666 0.05555555555555555
28 0.7979166666666667 0.36666666666666664 0.0140625 0.028703703703703703
32 0.8765625 0.9111111111111111 0.019791666666666666 0.040740740740740744
