12 0.7125 9.259259259259259e-10 0.03333333333333333 0.015740739814814813
26 0.6598958333333333 0.20277777777777778 0.05520833333333333 0.11018518518518519
17 0.7005208333333334 0.7759259259259259 0.028125 0.05648148148148148
23 0.428125 0.7453703703703703 0.08854166666666667 0.17592592592592593
44 0.24583333333333332 0.8592592592592593 0.0625 0.12407407407407407
14 0.8 0.26851851851851855 0.024479166666666666 0.049074074074074076
62 0.5375 0.3296296296296296 0.04895833333333333 0.09814814814814815
33 0.42239583333333336 0.6453703703703704 0.020833333333333332 0.041666666666666664
26 0.4109375 0.5074074074074074 0.059895833333333336 0.11944444444444445
27 0.49166666666666664 0.4222222222222222 0.05677083333333333 0.11296296296296296
47 0.965625 0.21296296296296297 0.005208333333333333 0.011111111111111112
27 0.06510416666666667 0.1537037037037037 0.07760416666666667 0.15462962962962962
3 0.8916666666666667 0.33611111111111114 0.08072916666666667 0.16018518518518518
47 0.8291666666666667 0.03611111111111111 0.005208333333333333 0.012037037037037037
49 0.7015625 0.1962962962962963 0.043229166666666666 0.08611111111111111
21 0.8036458333333333 0.025 0.0625 0.12407407407407407
27 0.9734375 0.46296296296296297 0.0265625 0.125
28 0.9432291666666667 0.34444444444444444 0.034375 0.06944444444444445
7 0.34791666666666665 0.8490740740740741 0.040625 0.08148148148148149
35 0.9890625 9.259259259259259e-10 0.0109375 0.08425925833333334
