38 0.5947916666666667 0.3888888888888889 0.0671875 0.13333333333333333
27 0.821875 0.3148148148148148 0.09322916666666667 0.18518518518518517
22 0.4817708333333333 0.4740740740740741 0.08333333333333333 0.16574074074074074
2 0.2760416666666667 0.8870370370370371 0.041666666666666664 0.08333333333333333
14 0.9734375 0.3388888888888889 0.0265625 0.16574074074074074
53 0.4973958333333333 0.512962962962963 0.058854166666666666 0.1175925925925926
23 0.58125 0.5657407407407408 0.028645833333333332 0.05740740740740741
36 0.1171875 0.019444444444444445 0.03333333333333333 0.06759259259259259
41 0.3015625 0.41759259259259257 0.019270833333333334 0.03888888888888889
36 0.7630208333333334 0.41203703703703703 0.05677083333333333 0.11296296296296296
4 0.8760416666666667 0.34074074074074073 0.075 0.14907407407407408
9 0.17708333333333334 0.2851851851851852 0.041666666666666664 0.08333333333333333
20 0.3338541666666667 0.38796296296296295 0.052083333333333336 0.1037037037037037
5 0.09583333333333334 0.049074074074074076 0.058854166666666666 0.1175925925925926
63 0.7265625 0.8518518518518519 0.0421875 0.08425925925925926
54 0.11927083333333334 0.5712962962962963 0.0453125 0.09074074074074075
42 0.042708333333333334 0.3490740740740741 0.04010416666666667 0.08055555555555556
56 0.5296875 0.7453703703703703 0.008854166666666666 0.018518518518518517
17 0.030729166666666665 0.10185185185185185 0.052083333333333336 0.1037037037037037
40 0.1453125 0.5638888888888889 0.0515625 0.10277777777777777
