12 0.6833333333333333 0.2814814814814815 0.0515625 0.10277777777777777
55 0.8203125 0.03981481481481482 0.0515625 0.10277777777777777
8 0.23177083333333334 0.8101851851851852 0.07083333333333333 0.14074074074074075
10 0.016666666666666666 0.6537037037037037 0.06666666666666667 0.13240740740740742
27 0.925 0.26851851851851855 0.0390625 0.0787037037037037
43 0.2125 0.12314814814814815 0.078125 0.15555555555555556
22 0.18177083333333333 0.4722222222222222 0.011979166666666667 0.025
17 0.8229166666666666 0.046296296296296294 0.03177083333333333 0.06388888888888888
48 0.5276041666666667 0.5601851851851852 0.03697916666666667 0.07407407407407407
46 0.7505208333333333 0.0712962962962963 0.044270833333333336 0.08796296296296297
37 0.125 0.39444444444444443 0.06197916666666667 0.12314814814814815
44 0.209375 0.4842592592592593 0.0859375 0.17037037037037037
24 0.7578125 0.7185185185185186 0.03333333333333333 0.06666666666666667
33 0.5015625 0.7277777777777777 0.07604166666666666 0.15185185185185185
15 0.5276041666666667 0.44166666666666665 0.049479166666666664 0.09814814814814815
50 0.10833333333333334 0.1361111111111111 0.08385416666666666 0.16574074074074074
18 0.03229166666666667 0.3425925925925926 0.03697916666666667 0.07407407407407407
39 0.421875 0.9018518518518519 0.040625 0.08148148148148149
5 0.8901041666666667 0.5018518518518519 0.051041666666666666 0.10185185185185185
36 0.22447916666666667 0.4425925925925926 0.08697916666666666 0.17314814814814813
