12 0.2947916666666667 0.44537037037037036 0.030729166666666665 0.062037037037037036
29 0.8354166666666667 0.20833333333333334 0.0067708333333333336 0.014814814814814815
44 0.834375 9.259259259259259e-10 0.0703125 0.125925925
36 0.0953125 0.06388888888888888 0.08229166666666667 0.16296296296296298
46 0.821875 0.5425925925925926 0.08541666666666667 0.16944444444444445
32 0.7213541666666666 0.6564814814814814 0.007291666666666667 0.01574074074074074
49 0.19270833333333334 0.42685185185185187 0.0765625 0.1527777777777778
21 0.8260416666666667 0.3972222222222222 0.052083333333333336 0.1037037037037037
47 0.6255208333333333 0.6712962962962963 0.053125 0.10555555555555556
8 0.60625 0.45185185185185184 0.057291666666666664 0.11481481481481481
24 0.20520833333333333 0.7462962962962963 0.06875 0.13703703703703704
36 0.18020833333333333 0.362962962962963 0.06614583333333333 0.13148148148148148
36 0.0296875 0.29074074074074074 0.025 0.05
32 0.044270833333333336 9.259259259259259e-10 0.06770833333333333 0.13055555462962964
25 0.4703125 0.8398148148148148 0.0421875 0.08425925925925926
2 0.484375 0.3212962962962963 0.018229166666666668 0.037037037037037035
17 0.24270833333333333 9.259259259259259e-10 0.06770833333333333 0.11203703611111111
17 0.5817708333333333 0.06388888888888888 0.018229166666666668 0.037037037037037035
58 0.8010416666666667 0.7916666666666666 0.05260416666666667 0.10462962962962963
7 0.0067708333333333336 0.5398148148148149 0.0140625 0.028703703703703703
