12 0.49635416666666665 0.15185185185185185 0.015104166666666667 0.030555555555555555
33 0.9380208333333333 0.34814814814814815 0.06197916666666667 0.15925925925925927
20 0.9901041666666667 0.17037037037037037 0.009895833333333333 0.14444444444444443
61 0.8208333333333333 0.425 0.03854166666666667 0.07685185185185185
41 0.3307291666666667 0.046296296296296294 0.06041666666666667 0.12037037037037036
14 0.7447916666666666 0.837037037037037 0.06458333333333334 0.12777777777777777
39 0.6619791666666667 0.25833333333333336 0.0453125 0.09074074074074075
58 0.6520833333333333 0.42407407407407405 0.030208333333333334 0.06111111111111111
38 0.3411458333333333 0.7611111111111111 0.06979166666666667 0.1388888888888889
46 0.6026041666666667 0.6703703703703704 0.078125 0.15462962962962962
19 0.0421875 0.2 0.059375 0.11851851851851852
12 0.0125 0.017592592592592594 0.07135416666666666 0.14166666666666666
17 0.09427083333333333 0.2611111111111111 0.0546875 0.10833333333333334
40 0.8286458333333333 0.29907407407407405 0.07604166666666666 0.15185185185185185
62 0.29791666666666666 0.6351851851851852 0.03177083333333333 0.06388888888888888
27 0.7776041666666667 0.712037037037037 0.04739583333333333 0.09444444444444444
48 0.0125 0.1111111111111111 0.0234375 0.04722222222222222
14 0.275 0.3111111111111111 0.0578125 0.11481481481481481
22 0.6520833333333333 0.3055555555555556 0.04635416666666667 0.09259259259259259
52 0.16927083333333334 0.4324074074074074 0.06614583333333333 0.13148148148148148
