13 0.6416666666666667 0.6666666666666666 0.09270833333333334 0.18425925925925926
46 0.18645833333333334 0.3398148148148148 0.08958333333333333 0.17777777777777778
52 0.28541666666666665 0.44907407407407407 0.00625 0.013888888888888888
38 0.09010416666666667 0.3351851851851852 0.043229166666666666 0.08611111111111111
59 0.15520833333333334 0.8064814814814815 0.0859375 0.1712962962962963
49 0.5057291666666667 0.4925925925925926 0.016145833333333335 0.032407407407407406
23 0.8333333333333334 0.12222222222222222 0.020833333333333332 0.041666666666666664
38 0.06770833333333333 9.259259259259259e-10 0.0609375 0.02777777685185185
55 0.9885416666666667 0.5305555555555556 0.011458333333333333 0.07314814814814814
17 0.2484375 0.6157407407407407 0.058333333333333334 0.11574074074074074
45 0.08958333333333333 0.375 0.03802083333333333 0.07592592592592592
58 0.5776041666666667 9.259259259259259e-10 0.07708333333333334 0.09444444351851852
39 0.17135416666666667 0.5925925925925926 0.05416666666666667 0.10833333333333334
32 0.5015625 9.259259259259259e-10 0.0828125 0.07685185092592593
62 0.14427083333333332 0.9629629629629629 0.016666666666666666 0.03333333333333333
2 0.371875 0.3675925925925926 0.08854166666666667 0.17592592592592593
49 0.22552083333333334 0.009259259259259259 0.0921875 0.18333333333333332
5 0.03229166666666667 0.053703703703703705 0.0671875 0.13333333333333333
55 0.5052083333333334 0.2101851851851852 0.009375 0.019444444444444445
53 0.0515625 0.3648148148148148 0.008333333333333333 0.017592592592592594
