39 0.5098958333333333 9.259259259259259e-10 0.090625 0.17870370277777778
49 0.42916666666666664 0.32037037037037036 0.0546875 0.10833333333333334
30 0.55 0.725925925925926 0.0067708333333333336 0.014814814814814815
3 0.008854166666666666 0.362962962962963 0.07239583333333334 0.14444444444444443
40 0.13802083333333334 0.7361111111111112 0.0234375 0.04722222222222222
18 0.8994791666666667 0.7018518518518518 0.065625 0.13055555555555556
2 0.6890625 0.5888888888888889 0.04739583333333333 0.09444444444444444
56 0.396875 0.6453703703703704 0.01875 0.03796296296296296
8 0.8734375 0.03888888888888889 0.01875 0.03796296296296296
32 0.14947916666666666 0.08333333333333333 0.008854166666666666 0.018518518518518517
56 0.5244791666666667 0.8675925925925926 0.0125 0.025925925925925925
41 0.1265625 0.11481481481481481 0.0265625 0.05277777777777778
55 0.5177083333333333 0.4185185185185185 0.0328125 0.06574074074074074
10 0.059375 0.75 0.0703125 0.1398148148148148
50 0.0484375 0.5037037037037037 0.0375 0.075
21 0.8255208333333334 0.6444444444444445 0.08072916666666667 0.16018518518518518
4 0.5291666666666667 0.05555555555555555 0.057291666666666664 0.11388888888888889
46 0.6708333333333333 0.9222222222222223 0.024479166666666666 0.049074074074074076
54 0.221875 9.259259259259259e-10 0.084375 0.10740740648148149
17 0.7947916666666667 0.44814814814814813 0.084375 0.1675925925925926
