39 0.6078125 0.21296296296296297 0.019791666666666666 0.040740740740740744
23 0.8359375 0.7731481481481481 0.07760416666666667 0.15462962962962962
21 0.8239583333333333 0.5722222222222222 0.0921875 0.1824074074074074
63 0.022916666666666665 0.19907407407407407 0.09270833333333334 0.18425925925925926
23 0.4953125 0.7981481481481482 0.03177083333333333 0.06388888888888888
45 0.18333333333333332 0.5074074074074074 0.08645833333333333 0.17222222222222222
27 0.3177083333333333 0.19814814814814816 0.0328125 0.06574074074074074
42 0.22552083333333334 0.007407407407407408 0.040625 0.08148148148148149
20 0.6755208333333333 0.9388888888888889 0.025520833333333333 0.05092592592592592
63 0.15520833333333334 0.14907407407407408 0.03854166666666667 0.07685185185185185
13 0.2546875 0.001851851851851852 0.033854166666666664 0.06851851851851852
22 0.17708333333333334 0.20925925925925926 0.05677083333333333 0.11296296296296296
4 0.4375 0.587037037037037 0.07395833333333333 0.14722222222222223
39 0.959375 0.8981481481481481 0.007291666666666667 0.014814814814814815
54 0.8625 0.5787037037037037 0.0453125 0.09074074074074075
20 0.6958333333333333 0.3907407407407407 0.04739583333333333 0.09444444444444444
42 0.81875 0.26851851851851855 0.09270833333333334 0.18425925925925926
5 0.578125 0.03888888888888889 0.028125 0.05648148148148148
26 0.33645833333333336 0.8101851851851852 0.0578125 0.11481481481481481
14 0.4734375 9.259259259259259e-10 0.08177083333333333 0.06481481388888889
