39 0.11197916666666667 9.259259259259259e-10 0.08697916666666666 0.06388888796296296
29 0.446875 0.125 0.027083333333333334 0.05462962962962963
38 0.0765625 0.12685185185185185 0.0453125 0.08981481481481482
50 0.76875 9.259259259259259e-10 0.051041666666666666 0.037037036111111116
6 0.553125 0.37407407407407406 0.059375 0.1175925925925926
11 0.8552083333333333 0.725 0.05364583333333333 0.10740740740740741
32 0.603125 0.43333333333333335 0.03177083333333333 0.06296296296296296
17 0.22760416666666666 0.5861111111111111 0.07708333333333334 0.1537037037037037
13 0.8015625 0.004629629629629629 0.07395833333333333 0.14722222222222223
56 0.4984375 0.7611111111111111 0.0203125 0.041666666666666664
40 0.5223958333333333 0.43333333333333335 0.0640625 0.12777777777777777
40 0.8661458333333333 0.38425925925925924 0.0890625 0.17685185185185184
35 0.8671875 0.4009259259259259 0.06041666666666667 0.12037037037037036
24 0.5489583333333333 0.8231481481481482 0.026041666666666668 0.05277777777777778
50 0.5307291666666667 0.5120370370370371 0.009895833333333333 0.020370370370370372
63 0.6359375 0.6277777777777778 0.08645833333333333 0.17222222222222222
24 0.14635416666666667 0.3592592592592593 0.0625 0.125
46 0.12239583333333333 0.26944444444444443 0.05572916666666667 0.1111111111111111
40 0.8479166666666667 0.026851851851851852 0.059895833333333336 0.11851851851851852
30 0.7348958333333333 0.10462962962962963 0.0765625 0.1527777777777778
