39 0.20989583333333334 0.175 0.06354166666666666 0.12685185185185185
29 0.803125 0.7342592592592593 0.0546875 0.10925925925925926
57 0.4666666666666667 0.7379629629629629 0.08489583333333334 0.1685185185185185
13 0.25 0.05277777777777778 0.0625 0.12407407407407407
48 0.32135416666666666 0.2490740740740741 0.03802083333333333 0.07685185185185185
47 0.2526041666666667 0.08796296296296297 0.058333333333333334 0.11666666666666667
21 0.44427083333333334 0.7435185185185185 0.025520833333333333 0.05185185185185185
31 0.37395833333333334 0.35833333333333334 0.0515625 0.10277777777777777
38 0.8005208333333333 0.5981481481481481 0.0734375 0.14629629629629629
49 0.6020833333333333 0.11666666666666667 0.0625 0.125
27 0.9609375 0.8296296296296296 0.03125 0.06296296296296296
10 0.32083333333333336 0.03888888888888889 0.0828125 0.1648148148148148
32 0.7963541666666667 0.5824074074074074 0.008333333333333333 0.016666666666666666
51 0.503125 0.6648148148148149 0.09114583333333333 0.1814814814814815
36 0.4921875 0.11388888888888889 0.058854166666666666 0.11666666666666667
7 0.7177083333333333 0.6972222222222222 0.03333333333333333 0.06759259259259259
34 0.24583333333333332 0.062037037037037036 0.024479166666666666 0.05
48 0.7119791666666667 0.14537037037037037 0.016145833333333335 0.03333333333333333
22 0.265625 9.259259259259259e-10 0.09270833333333334 0.10740740648148149
24 0.9604166666666667 0.42962962962962964 0.0390625 0.07777777777777778
