13 0.30833333333333335 0.2740740740740741 0.0265625 0.05277777777777778
57 0.39427083333333335 0.6722222222222223 0.009895833333333333 0.020370370370370372
62 0.6713541666666667 0.11944444444444445 0.044270833333333336 0.08796296296296297
39 0.646875 0.8324074074074074 0.058854166666666666 0.1175925925925926
10 0.3885416666666667 0.2824074074074074 0.0328125 0.06574074074074074
34 0.23645833333333333 0.7555555555555555 0.046875 0.09351851851851851
55 0.33697916666666666 9.259259259259259e-10 0.018229166666666668 0.037037036111111116
8 0.5739583333333333 0.587037037037037 0.051041666666666666 0.10185185185185185
35 0.11145833333333334 0.38333333333333336 0.04583333333333333 0.09166666666666666
55 0.1359375 0.5555555555555556 0.06354166666666666 0.12685185185185185
49 0.4401041666666667 0.36666666666666664 0.06979166666666667 0.1388888888888889
19 0.575 0.6472222222222223 0.09322916666666667 0.18518518518518517
35 0.49895833333333334 0.9546296296296296 0.021354166666666667 0.04351851851851852
4 0.5317708333333333 0.26944444444444443 0.025 0.05092592592592592
49 0.23489583333333333 0.700925925925926 0.09322916666666667 0.18518518518518517
47 0.6916666666666667 0.4537037037037037 0.06354166666666666 0.12685185185185185
16 0.946875 0.41944444444444445 0.015625 0.03148148148148148
9 0.246875 0.10833333333333334 0.0609375 0.12129629629629629
42 0.5817708333333333 0.6601851851851852 0.0875 0.17314814814814813
9 0.8104166666666667 0.016666666666666666 0.0203125 0.041666666666666664
