39 0.13229166666666667 0.47962962962962963 0.019270833333333334 0.03981481481481482
34 0.3385416666666667 0.23333333333333334 0.050520833333333334 0.10092592592592593
23 0.6661458333333333 0.48518518518518516 0.041666666666666664 0.08333333333333333
38 0.4348958333333333 0.6027777777777777 0.08229166666666667 0.1638888888888889
14 0.9760416666666667 0.2 0.023958333333333335 0.15555555555555556
41 0.5458333333333333 0.3 0.025 0.05
19 0.7859375 0.4675925925925926 0.050520833333333334 0.10092592592592593
62 0.036458333333333336 0.8361111111111111 0.0578125 0.11481481481481481
32 0.027604166666666666 0.030555555555555555 0.08645833333333333 0.17222222222222222
20 0.8015625 0.32685185185185184 0.0921875 0.1824074074074074
10 0.5520833333333334 0.7907407407407407 0.0546875 0.10833333333333334
16 0.9473958333333333 0.11574074074074074 0.011458333333333333 0.024074074074074074
50 0.5026041666666666 0.6064814814814815 0.008333333333333333 0.017592592592592594
40 0.11041666666666666 0.4898148148148148 0.07604166666666666 0.15092592592592594
7 0.14375 0.6962962962962963 0.0171875 0.03425925925925926
18 0.30625 0.8222222222222222 0.05677083333333333 0.11296296296296296
63 0.2713541666666667 0.17592592592592593 0.015625 0.03148148148148148
39 0.8473958333333333 0.03796296296296296 0.08489583333333334 0.1685185185185185
10 0.9661458333333334 0.1 0.033854166666666664 0.09259259259259259
47 0.3385416666666667 0.29074074074074074 0.07135416666666666 0.14166666666666666
