39 0.9223958333333333 0.6833333333333333 0.016666666666666666 0.03425925925925926
35 0.7630208333333334 0.03981481481481482 0.090625 0.18055555555555555
38 0.9197916666666667 0.525 0.005208333333333333 0.011111111111111112
48 0.5114583333333333 0.05462962962962963 0.05520833333333333 0.10925925925925926
62 0.026041666666666668 9.259259259259259e-10 0.050520833333333334 0.06018518425925926
14 0.2765625 0.041666666666666664 0.075 0.14907407407407408
16 0.5453125 0.6805555555555556 0.07604166666666666 0.15092592592592594
13 0.27760416666666665 0.21666666666666667 0.046875 0.09351851851851851
43 0.13333333333333333 9.259259259259259e-10 0.0859375 0.11111111018518519
9 0.3651041666666667 0.25833333333333336 0.053125 0.10648148148148148
56 0.21770833333333334 0.225 0.08802083333333334 0.175
11 0.6494791666666667 0.687962962962963 0.0171875 0.03425925925925926
37 0.3958333333333333 0.5268518518518519 0.03229166666666667 0.06481481481481481
32 0.3385416666666667 0.5055555555555555 0.09166666666666666 0.1824074074074074
3 0.8296875 0.017592592592592594 0.08229166666666667 0.16296296296296298
11 0.5072916666666667 0.6601851851851852 0.0484375 0.0962962962962963
5 0.6734375 9.259259259259259e-10 0.06197916666666667 0.02499999907407407
52 0.7036458333333333 9.259259259259259e-10 0.0609375 0.10648148055555556
9 0.8807291666666667 0.5 0.08333333333333333 0.16574074074074074
11 0.08020833333333334 0.18611111111111112 0.013020833333333334 0.025925925925925925
