39 0.5208333333333334 0.6851851851851852 0.09166666666666666 0.1824074074074074
62 0.8026041666666667 0.8166666666666667 0.0609375 0.12129629629629629
63 0.6333333333333333 0.3490740740740741 0.07760416666666667 0.1537037037037037
11 0.8979166666666667 0.6055555555555555 0.017708333333333333 0.03611111111111111
43 0.5989583333333334 0.25092592592592594 0.03177083333333333 0.06388888888888888
39 0.8640625 0.7185185185185186 0.06875 0.13703703703703704
63 0.321875 0.2064814814814815 0.07447916666666667 0.14814814814814814
51 0.20989583333333334 9.259259259259259e-10 0.08072916666666667 0.08703703611111112
39 0.615625 0.2722222222222222 0.05 0.09907407407407408
57 0.33645833333333336 0.11666666666666667 0.07083333333333333 0.14166666666666666
52 0.7640625 0.7842592592592592 0.0453125 0.08981481481481482
48 0.3234375 0.3509259259259259 0.011979166666666667 0.025
50 0.6786458333333333 0.3787037037037037 0.023958333333333335 0.049074074074074076
35 0.39739583333333334 0.5111111111111111 0.07604166666666666 0.15185185185185185
34 0.7578125 0.3148148148148148 0.05572916666666667 0.1111111111111111
60 0.22395833333333334 0.7453703703703703 0.0796875 0.15833333333333333
34 0.4276041666666667 0.09722222222222222 0.06875 0.13703703703703704
59 0.9171875 0.2777777777777778 0.0828125 0.1638888888888889
54 0.9723958333333333 0.3537037037037037 0.0109375 0.023148148148148147
11 0.5109375 0.2796296296296296 0.043229166666666666 0.08611111111111111
