B 0.03802083333333333 0.8046296296296296 0.052083333333333336 1.712962962962963
Z 0.6630208333333333 0 0.06354166666666666 -0.028703703703703703
j 0.1125 0.3175925925925926 0.05677083333333333 0.7490740740740741
1 0.7166666666666667 0.42777777777777776 0.011979166666666667 0.8805555555555555
B 0.4796875 0.22592592592592592 0.03333333333333333 0.5185185185185185
k 0.028125 0.575925925925926 0.03125 1.2138888888888888
Y 0.5359375 0.8296296296296296 0.030208333333333334 1.7194444444444446
9 0.934375 0.4027777777777778 0.06354166666666666 0.9324074074074075
g 0.9333333333333333 0.7037037037037037 0.035416666666666666 1.4777777777777779
B 0.590625 0 0.046875 -0.007407407407407408
H 0.8864583333333333 0.8611111111111112 0.06666666666666667 1.8546296296296296
D 0.007291666666666667 0 0.08854166666666667 0.032407407407407406
q 0.3171875 0.24351851851851852 0.021354166666666667 0.5305555555555556
K 0.16458333333333333 0.5851851851851851 0.046875 1.2638888888888888
3 0.6390625 0.4462962962962963 0.07916666666666666 1.049074074074074
x 0.9635416666666666 0.06851851851851852 0.0203125 0.1787037037037037
r 0.94375 0.2759259259259259 0.058854166666666666 0.6685185185185185
Z 0.04791666666666667 0.5796296296296296 0.022395833333333334 1.2046296296296297
t 0.5317708333333333 0.587037037037037 0.028125 1.2305555555555556
r 0.028645833333333332 0.21388888888888888 0.06979166666666667 0.5666666666666667
