40 0.1765625 0.1388888888888889 0.084375 0.1675925925925926
10 0.8609375 0.5787037037037037 0.052083333333333336 0.1037037037037037
9 0.9947916666666666 9.259259259259259e-10 0.005208333333333333 0.01018518425925926
46 0.06666666666666667 0.7796296296296297 0.05520833333333333 0.11018518518518519
32 0.5791666666666667 0.15833333333333333 0.07291666666666667 0.14537037037037037
29 0.7791666666666667 0.3175925925925926 0.084375 0.1675925925925926
63 0.7651041666666667 0.5592592592592592 0.026041666666666668 0.05185185185185185
2 0.065625 0.6907407407407408 0.0515625 0.1037037037037037
39 0.7078125 0.20185185185185187 0.03333333333333333 0.06759259259259259
46 0.04791666666666667 0.1398148148148148 0.057291666666666664 0.11481481481481481
38 0.3020833333333333 0.03796296296296296 0.015625 0.032407407407407406
55 0.1921875 0.14814814814814814 0.0359375 0.07222222222222222
44 0.15520833333333334 0.7842592592592592 0.05625 0.11203703703703703
51 0.41458333333333336 0.775 0.0203125 0.040740740740740744
52 0.6260416666666667 0.2074074074074074 0.06302083333333333 0.125
44 0.14635416666666667 0.8388888888888889 0.01875 0.03796296296296296
20 0.5083333333333333 0.024074074074074074 0.0609375 0.12129629629629629
15 0.6317708333333333 0.39351851851851855 0.0921875 0.18333333333333332
26 0.7604166666666666 0.1824074074074074 0.029166666666666667 0.058333333333333334
20 0.8453125 0.24259259259259258 0.05520833333333333 0.11018518518518519
