14 0.18958333333333333 0.5453703703703704 0.0796875 0.15833333333333333
41 0.0953125 0.13055555555555556 0.04635416666666667 0.09166666666666666
13 0.86875 0.3861111111111111 0.023958333333333335 0.04814814814814815
43 0.0171875 9.259259259259259e-10 0.0734375 0.12037036944444444
28 0.8630208333333333 0.8 0.022916666666666665 0.046296296296296294
40 0.8677083333333333 0.33055555555555555 0.06197916666666667 0.12314814814814815
55 0.09739583333333333 0.48518518518518516 0.07916666666666666 0.1574074074074074
23 0.8401041666666667 0.25462962962962965 0.0796875 0.15833333333333333
38 0.8197916666666667 0.5527777777777778 0.0671875 0.13333333333333333
47 0.3723958333333333 0.8722222222222222 0.06041666666666667 0.12037037037037036
2 0.8291666666666667 0.6129629629629629 0.04739583333333333 0.09444444444444444
34 0.6229166666666667 0.42685185185185187 0.06041666666666667 0.12037037037037036
32 0.259375 0.38055555555555554 0.023958333333333335 0.04814814814814815
55 0.5567708333333333 0.6824074074074075 0.09114583333333333 0.18055555555555555
13 0.09947916666666666 0.899074074074074 0.016666666666666666 0.03425925925925926
2 0.4635416666666667 0.4046296296296296 0.07395833333333333 0.14722222222222223
38 0.1453125 9.259259259259259e-10 0.07760416666666667 0.15185185092592593
27 0.5541666666666667 0.6944444444444444 0.009895833333333333 0.020370370370370372
36 0.9078125 0.5009259259259259 0.0140625 0.028703703703703703
50 0.1015625 9.259259259259259e-10 0.027604166666666666 0.034259258333333334
