40 0.48333333333333334 0.11944444444444445 0.0171875 0.03425925925925926
15 0.3880208333333333 0.29907407407407405 0.07604166666666666 0.15092592592592594
43 0.7416666666666667 0.6638888888888889 0.07083333333333333 0.14074074074074075
12 0.9708333333333333 0.28888888888888886 0.029166666666666667 0.12777777777777777
16 0.7473958333333334 0.2898148148148148 0.022395833333333334 0.04537037037037037
32 0.4244791666666667 0.37592592592592594 0.03802083333333333 0.07592592592592592
53 0.5854166666666667 9.259259259259259e-10 0.05416666666666667 0.01018518425925926
63 0.025 0.1037037037037037 0.05520833333333333 0.11018518518518519
52 0.2796875 0.31851851851851853 0.0609375 0.12129629629629629
33 0.021875 0.1962962962962963 0.06197916666666667 0.12407407407407407
57 0.7453125 0.08981481481481482 0.0067708333333333336 0.013888888888888888
52 0.3953125 0.33425925925925926 0.029166666666666667 0.058333333333333334
29 0.9697916666666667 0.8453703703703703 0.030208333333333334 0.10925925925925926
18 0.2390625 0.4842592592592593 0.05572916666666667 0.11018518518518519
45 0.9578125 0.9462962962962963 0.007291666666666667 0.014814814814814815
24 0.2833333333333333 0.19722222222222222 0.03958333333333333 0.0787037037037037
50 0.2859375 0.030555555555555555 0.019791666666666666 0.03981481481481482
24 0.40260416666666665 0.5342592592592592 0.05260416666666667 0.10555555555555556
41 0.121875 0.7638888888888888 0.06041666666666667 0.12037037037037036
35 0.38125 0.17407407407407408 0.011979166666666667 0.025
