14 0.7020833333333333 0.46944444444444444 0.0609375 0.12129629629629629
44 0.021354166666666667 0.6527777777777778 0.018229166666666668 0.037037037037037035
8 0.7729166666666667 0.2037037037037037 0.03697916666666667 0.07407407407407407
17 0.1390625 0.6805555555555556 0.07447916666666667 0.14814814814814814
13 0.8161458333333333 0.1824074074074074 0.034375 0.06851851851851852
27 0.09635416666666667 0.1712962962962963 0.07760416666666667 0.15462962962962962
37 0.5760416666666667 0.2351851851851852 0.005729166666666666 0.012037037037037037
37 0.7838541666666666 0.32314814814814813 0.08020833333333334 0.15925925925925927
4 0.9296875 0.8925925925925926 0.05364583333333333 0.10648148148148148
36 0.4708333333333333 0.26481481481481484 0.08229166666666667 0.16296296296296298
43 0.1234375 0.1287037037037037 0.014583333333333334 0.030555555555555555
4 0.6630208333333333 9.259259259259259e-10 0.0796875 0.15277777685185184
24 0.18489583333333334 0.1675925925925926 0.0265625 0.053703703703703705
4 0.5729166666666666 0.5277777777777778 0.050520833333333334 0.10092592592592593
32 0.79375 0.2861111111111111 0.0375 0.075
10 0.8338541666666667 0.6648148148148149 0.09322916666666667 0.18518518518518517
18 0.3734375 0.058333333333333334 0.08958333333333333 0.17777777777777778
44 0.88125 0.07962962962962963 0.07708333333333334 0.1537037037037037
25 0.5177083333333333 0.5703703703703704 0.05260416666666667 0.10555555555555556
30 0.6348958333333333 9.259259259259259e-10 0.022916666666666665 0.04074073981481482
