40 0.42916666666666664 0.8472222222222222 0.0296875 0.06018518518518518
48 0.5109375 0.7222222222222222 0.075 0.14907407407407408
45 0.76875 0.025925925925925925 0.07604166666666666 0.15185185185185185
56 0.4979166666666667 0.75 0.0625 0.125
27 0.07552083333333333 0.4601851851851852 0.015625 0.032407407407407406
26 0.1046875 0.20092592592592592 0.09114583333333333 0.18055555555555555
29 0.2578125 0.6861111111111111 0.0296875 0.05925925925925926
10 0.65625 9.259259259259259e-10 0.08177083333333333 0.10740740648148149
6 0.8067708333333333 0.06388888888888888 0.0734375 0.14537037037037037
37 0.18802083333333333 0.9166666666666666 0.028645833333333332 0.05740740740740741
9 0.2953125 0.5175925925925926 0.041666666666666664 0.08333333333333333
31 0.6880208333333333 0.005555555555555556 0.058854166666666666 0.11666666666666667
15 0.3151041666666667 0.11944444444444445 0.05625 0.11203703703703703
8 0.31197916666666664 0.5546296296296296 0.040625 0.08148148148148149
44 0.08020833333333334 0.24259259259259258 0.08541666666666667 0.16944444444444445
57 0.971875 0.8416666666666667 0.028125 0.12685185185185185
60 0.9265625 0.9462962962962963 0.0046875 0.011111111111111112
9 0.9802083333333333 0.38333333333333336 0.019791666666666666 0.11018518518518519
50 0.8614583333333333 0.6148148148148148 0.042708333333333334 0.08518518518518518
60 0.965625 0.3824074074074074 0.034375 0.10648148148148148
