40 0.014583333333333334 0.3435185185185185 0.005729166666666666 0.012037037037037037
27 0.9109375 0.44074074074074077 0.036458333333333336 0.07314814814814814
61 0.9776041666666667 9.259259259259259e-10 0.022395833333333334 0.012962962037037038
51 0.46822916666666664 0.5768518518518518 0.08489583333333334 0.1685185185185185
18 0.7760416666666666 9.259259259259259e-10 0.0671875 0.006481480555555555
20 0.0046875 0.6824074074074075 0.08385416666666666 0.16666666666666666
59 0.22916666666666666 0.2537037037037037 0.0125 0.025925925925925925
48 0.5010416666666667 0.6805555555555556 0.08072916666666667 0.16018518518518518
42 0.06875 0.675 0.036458333333333336 0.07314814814814814
19 0.13333333333333333 9.259259259259259e-10 0.0328125 0.000925925
8 0.540625 0.837037037037037 0.06666666666666667 0.13240740740740742
33 0.7302083333333333 0.7138888888888889 0.08697916666666666 0.17222222222222222
12 0.7510416666666667 0.3527777777777778 0.08333333333333333 0.16574074074074074
13 0.5541666666666667 9.259259259259259e-10 0.0828125 0.14074073981481483
9 0.26666666666666666 0.8166666666666667 0.023958333333333335 0.049074074074074076
15 0.7348958333333333 0.4824074074074074 0.023958333333333335 0.04814814814814815
34 0.5703125 0.2972222222222222 0.051041666666666666 0.10092592592592593
30 0.6416666666666667 0.1361111111111111 0.043229166666666666 0.08611111111111111
45 0.6604166666666667 0.33055555555555555 0.029166666666666667 0.058333333333333334
61 0.7546875 0.5731481481481482 0.058333333333333334 0.11574074074074074
