14 0.33229166666666665 0.4148148148148148 0.0609375 0.12222222222222222
33 0.7598958333333333 0.8703703703703703 0.0609375 0.12129629629629629
53 0.2947916666666667 9.259259259259259e-10 0.08489583333333334 0.04444444351851852
44 0.17604166666666668 0.7731481481481481 0.026041666666666668 0.05277777777777778
24 0.23541666666666666 0.23425925925925925 0.04895833333333333 0.09814814814814815
22 0.5192708333333333 0.06111111111111111 0.015625 0.032407407407407406
60 0.33541666666666664 0.49444444444444446 0.07552083333333333 0.15
45 0.7317708333333334 0.3111111111111111 0.0484375 0.09722222222222222
2 0.0984375 0.13796296296296295 0.04635416666666667 0.09259259259259259
22 0.1765625 0.7435185185185185 0.050520833333333334 0.10092592592592593
31 0.25104166666666666 0.4685185185185185 0.0140625 0.028703703703703703
14 0.909375 0.20925925925925926 0.0546875 0.10925925925925926
53 0.8875 0.5981481481481481 0.013541666666666667 0.026851851851851852
42 0.89375 0.5046296296296297 0.021354166666666667 0.04259259259259259
54 0.5723958333333333 0.5027777777777778 0.044270833333333336 0.08888888888888889
24 0.896875 0.812962962962963 0.05520833333333333 0.11018518518518519
13 0.8447916666666667 0.37222222222222223 0.0109375 0.022222222222222223
62 0.2557291666666667 9.259259259259259e-10 0.041666666666666664 0.02129629537037037
25 0.9270833333333334 0.27870370370370373 0.013541666666666667 0.027777777777777776
21 0.4546875 0.600925925925926 0.08697916666666666 0.17314814814814813
