14 0.3125 0.4759259259259259 0.07552083333333333 0.15
62 0.07135416666666666 0.3574074074074074 0.090625 0.18055555555555555
50 0.6864583333333333 0.8546296296296296 0.058854166666666666 0.1175925925925926
3 0.46770833333333334 0.6722222222222223 0.04635416666666667 0.09259259259259259
39 0.053125 0.2388888888888889 0.07864583333333333 0.15648148148148147
11 0.9786458333333333 0.6175925925925926 0.021354166666666667 0.04722222222222222
60 0.334375 0.38981481481481484 0.010416666666666666 0.021296296296296296
4 0.734375 0.3638888888888889 0.057291666666666664 0.11388888888888889
49 0.653125 0.14907407407407408 0.075 0.14907407407407408
32 0.6708333333333333 0.38333333333333336 0.043229166666666666 0.08703703703703704
42 0.8015625 0.21296296296296297 0.090625 0.17962962962962964
63 0.11979166666666667 0.14629629629629629 0.07083333333333333 0.14074074074074075
63 0.28802083333333334 0.9314814814814815 0.0203125 0.040740740740740744
4 0.39010416666666664 0.3888888888888889 0.08229166666666667 0.16296296296296298
31 0.8135416666666667 0.5638888888888889 0.09114583333333333 0.18055555555555555
15 0.016145833333333335 0.7601851851851852 0.016666666666666666 0.03425925925925926
30 0.115625 0.8240740740740741 0.04895833333333333 0.09814814814814815
34 0.43020833333333336 0.18518518518518517 0.0265625 0.05277777777777778
8 0.5692708333333333 0.7462962962962963 0.0203125 0.040740740740740744
60 0.821875 0.44166666666666665 0.0265625 0.053703703703703705
