41 0.28489583333333335 0.5740740740740741 0.028645833333333332 0.058333333333333334
4 0.3614583333333333 9.259259259259259e-10 0.07864583333333333 0.10185185092592593
12 0.4348958333333333 0.8 0.05677083333333333 0.11388888888888889
20 0.971875 0.5064814814814815 0.028125 0.1037037037037037
29 0.9776041666666667 0.26481481481481484 0.022395833333333334 0.11851851851851852
30 0.18541666666666667 9.259259259259259e-10 0.024479166666666666 0.037962962037037036
26 0.8536458333333333 0.5685185185185185 0.01875 0.03796296296296296
45 0.8052083333333333 0.11944444444444445 0.06145833333333333 0.12222222222222222
6 0.5390625 0.4898148148148148 0.0671875 0.13333333333333333
34 0.7963541666666667 0.17314814814814813 0.028125 0.05648148148148148
55 0.9442708333333333 0.9203703703703704 0.008333333333333333 0.016666666666666666
63 0.1765625 0.4027777777777778 0.07916666666666666 0.15648148148148147
33 0.38697916666666665 0.04351851851851852 0.059895833333333336 0.11944444444444445
21 0.5015625 0.2740740740740741 0.0453125 0.09074074074074075
33 0.5234375 9.259259259259259e-10 0.06770833333333333 0.03888888796296296
44 0.9588541666666667 0.13796296296296295 0.03958333333333333 0.07962962962962963
42 0.0578125 0.21944444444444444 0.044270833333333336 0.08796296296296297
63 0.48802083333333335 0.7731481481481481 0.024479166666666666 0.049074074074074076
5 0.7453125 0.20462962962962963 0.08541666666666667 0.16944444444444445
63 0.5270833333333333 0.32037037037037036 0.011458333333333333 0.023148148148148147
