15 0.7494791666666667 9.259259259259259e-10 0.09270833333333334 0.11759259166666666
4 0.8859375 0.674074074074074 0.027083333333333334 0.053703703703703705
6 0.3697916666666667 0.4537037037037037 0.04479166666666667 0.08981481481481482
53 0.8479166666666667 0.4666666666666667 0.043229166666666666 0.08611111111111111
15 0.2375 0.1962962962962963 0.023958333333333335 0.04814814814814815
21 0.9114583333333334 0.12222222222222222 0.015104166666666667 0.030555555555555555
5 0.48854166666666665 0.7981481481481482 0.011979166666666667 0.025
42 0.36822916666666666 0.48703703703703705 0.05572916666666667 0.1111111111111111
15 0.9692708333333333 0.2935185185185185 0.0140625 0.028703703703703703
8 0.04375 0.2916666666666667 0.06666666666666667 0.13240740740740742
58 0.6083333333333333 0.7824074074074074 0.07916666666666666 0.1574074074074074
11 0.9276041666666667 0.6481481481481481 0.03333333333333333 0.06666666666666667
12 0.14895833333333333 0.48518518518518516 0.08385416666666666 0.16666666666666666
30 0.5338541666666666 0.6990740740740741 0.04791666666666667 0.09537037037037037
25 0.5057291666666667 0.6481481481481481 0.0640625 0.12777777777777777
42 0.0234375 0.09537037037037037 0.0796875 0.15833333333333333
2 0.7875 0.6435185185185185 0.0765625 0.1527777777777778
31 0.3541666666666667 0.14074074074074075 0.0328125 0.06574074074074074
29 0.590625 0.1787037037037037 0.07239583333333334 0.14444444444444443
20 0.39427083333333335 0.11481481481481481 0.03333333333333333 0.06666666666666667
