15 0.2125 0.425 0.014583333333333334 0.02962962962962963
11 0.8078125 0.1685185185185185 0.0390625 0.0787037037037037
27 0.15833333333333333 0.024074074074074074 0.078125 0.15555555555555556
26 0.35833333333333334 9.259259259259259e-10 0.017708333333333333 0.012962962037037038
44 0.5708333333333333 0.49537037037037035 0.017708333333333333 0.03611111111111111
42 0.4635416666666667 0.8935185185185185 0.026041666666666668 0.05277777777777778
20 0.04479166666666667 0.887962962962963 0.028125 0.05648148148148148
40 0.9375 0.3037037037037037 0.021354166666666667 0.04351851851851852
19 0.21770833333333334 0.9 0.008333333333333333 0.017592592592592594
22 0.9302083333333333 0.16944444444444445 0.008333333333333333 0.016666666666666666
62 0.5088541666666667 0.7018518518518518 0.08333333333333333 0.16574074074074074
12 0.3515625 0.7157407407407408 0.06145833333333333 0.12222222222222222
55 0.5286458333333334 0.38981481481481484 0.059375 0.11851851851851852
49 0.7192708333333333 0.4305555555555556 0.005729166666666666 0.012037037037037037
44 0.8067708333333333 0.887962962962963 0.04010416666666667 0.07962962962962963
2 0.9125 0.5324074074074074 0.06927083333333334 0.13796296296296295
45 0.16770833333333332 0.9277777777777778 0.011458333333333333 0.023148148148148147
32 0.6208333333333333 9.259259259259259e-10 0.04375 0.04351851759259259
6 0.8276041666666667 0.85 0.07083333333333333 0.14074074074074075
54 0.23958333333333334 0.5777777777777777 0.046875 0.09444444444444444
