41 0.07552083333333333 0.9203703703703704 0.009375 0.019444444444444445
14 0.9927083333333333 0.4861111111111111 0.007291666666666667 0.03611111111111111
58 0.053125 0.42962962962962964 0.07135416666666666 0.14166666666666666
15 0.3927083333333333 9.259259259259259e-10 0.0421875 0.034259258333333334
10 0.7604166666666666 9.259259259259259e-10 0.049479166666666664 0.06574073981481482
40 0.06666666666666667 0.4824074074074074 0.0484375 0.09722222222222222
16 0.3234375 0.1814814814814815 0.04895833333333333 0.09814814814814815
48 0.6401041666666667 0.0712962962962963 0.016666666666666666 0.03425925925925926
54 0.13645833333333332 0.6398148148148148 0.0671875 0.13333333333333333
27 0.903125 9.259259259259259e-10 0.03125 0.041666665740740745
26 0.5828125 0.3972222222222222 0.0171875 0.03518518518518519
17 0.5057291666666667 0.8027777777777778 0.07864583333333333 0.15555555555555556
53 0.17760416666666667 9.259259259259259e-10 0.04010416666666667 0.07314814722222222
61 0.228125 0.10092592592592593 0.052083333333333336 0.1037037037037037
29 0.7864583333333334 0.22314814814814815 0.0453125 0.08981481481481482
46 0.9526041666666667 9.259259259259259e-10 0.04739583333333333 0.08611111018518519
38 0.020833333333333332 0.12962962962962962 0.0765625 0.15185185185185185
46 0.6619791666666667 0.2851851851851852 0.041666666666666664 0.08333333333333333
29 0.8776041666666666 0.15092592592592594 0.04114583333333333 0.0824074074074074
29 0.7869791666666667 0.05740740740740741 0.09114583333333333 0.1814814814814815
