15 0.39114583333333336 0.2675925925925926 0.05572916666666667 0.1111111111111111
45 0.16770833333333332 0.2361111111111111 0.041666666666666664 0.0824074074074074
16 0.9020833333333333 0.6805555555555556 0.019270833333333334 0.03888888888888889
38 0.8994791666666667 0.8481481481481481 0.010416666666666666 0.021296296296296296
50 0.43020833333333336 9.259259259259259e-10 0.058854166666666666 0.01851851759259259
53 0.9208333333333333 9.259259259259259e-10 0.033854166666666664 0.013888887962962964
6 0.4192708333333333 9.259259259259259e-10 0.013020833333333334 0.020370369444444442
9 0.016145833333333335 0.3055555555555556 0.0203125 0.041666666666666664
21 0.5557291666666667 0.5824074074074074 0.019791666666666666 0.03981481481481482
25 0.5734375 0.2851851851851852 0.0140625 0.028703703703703703
53 0.3692708333333333 0.2972222222222222 0.03125 0.062037037037037036
59 0.26510416666666664 0.23333333333333334 0.0609375 0.12129629629629629
47 0.8270833333333333 0.05925925925925926 0.025520833333333333 0.05185185185185185
54 0.9348958333333334 0.5833333333333334 0.06510416666666667 0.13425925925925927
26 0.4401041666666667 0.37777777777777777 0.005208333333333333 0.011111111111111112
59 0.25104166666666666 0.3972222222222222 0.03229166666666667 0.06481481481481481
22 0.8630208333333333 9.259259259259259e-10 0.06354166666666666 0.011111110185185185
9 0.6989583333333333 0.5583333333333333 0.014583333333333334 0.02962962962962963
48 0.8854166666666666 0.06759259259259259 0.022395833333333334 0.04537037037037037
36 0.2265625 0.6231481481481481 0.020833333333333332 0.04259259259259259
