15 0.8614583333333333 0.19074074074074074 0.0109375 0.022222222222222223
29 0.7135416666666666 0.4185185185185185 0.0046875 0.010185185185185186
8 0.39479166666666665 9.259259259259259e-10 0.08697916666666666 0.09537036944444445
14 0.6203125 0.2564814814814815 0.044270833333333336 0.08888888888888889
13 0.12239583333333333 0.48333333333333334 0.06614583333333333 0.13240740740740742
56 0.21614583333333334 0.7555555555555555 0.09010416666666667 0.1787037037037037
55 0.6942708333333333 0.4666666666666667 0.016666666666666666 0.03425925925925926
55 0.6989583333333333 0.06018518518518518 0.058333333333333334 0.11574074074074074
61 0.9453125 0.7083333333333334 0.0546875 0.1259259259259259
45 0.9109375 0.6333333333333333 0.0796875 0.15925925925925927
45 0.8734375 0.008333333333333333 0.06145833333333333 0.12314814814814815
8 0.9411458333333333 0.899074074074074 0.049479166666666664 0.09907407407407408
20 0.63125 0.2222222222222222 0.0390625 0.07777777777777778
22 0.5942708333333333 0.6185185185185185 0.09010416666666667 0.17962962962962964
54 0.696875 0.700925925925926 0.0171875 0.03518518518518519
48 0.6661458333333333 0.35833333333333334 0.033854166666666664 0.06759259259259259
22 0.23229166666666667 0.21574074074074073 0.033854166666666664 0.06759259259259259
50 0.9244791666666666 0.8962962962962963 0.0359375 0.0712962962962963
13 0.4046875 0.6712962962962963 0.0296875 0.06018518518518518
11 0.051041666666666666 0.5296296296296297 0.057291666666666664 0.11481481481481481
