15 0.7072916666666667 0.4074074074074074 0.08802083333333334 0.175
32 0.29583333333333334 0.041666666666666664 0.049479166666666664 0.09907407407407408
20 0.6817708333333333 0.1527777777777778 0.05625 0.11203703703703703
63 0.7854166666666667 0.23055555555555557 0.06302083333333333 0.1259259259259259
29 0.090625 0.4212962962962963 0.065625 0.13055555555555556
19 0.07083333333333333 0.3861111111111111 0.075 0.14907407407407408
19 0.5578125 0.812037037037037 0.07552083333333333 0.15
20 0.9177083333333333 0.8222222222222222 0.0640625 0.12777777777777777
53 0.8869791666666667 9.259259259259259e-10 0.08541666666666667 0.13703703611111112
39 0.8244791666666667 0.412962962962963 0.040625 0.08055555555555556
47 0.7395833333333334 0.3 0.04635416666666667 0.09259259259259259
41 0.41302083333333334 9.259259259259259e-10 0.03802083333333333 0.02129629537037037
35 0.778125 0.7814814814814814 0.0859375 0.1712962962962963
46 0.08385416666666666 0.799074074074074 0.06614583333333333 0.13148148148148148
35 0.0625 0.022222222222222223 0.04635416666666667 0.09259259259259259
17 0.43333333333333335 0.2601851851851852 0.027083333333333334 0.053703703703703705
7 0.7520833333333333 0.4824074074074074 0.026041666666666668 0.05277777777777778
14 0.11510416666666666 0.12037037037037036 0.04583333333333333 0.09074074074074075
3 0.8791666666666667 0.34814814814814815 0.0578125 0.11574074074074074
13 0.746875 0.6527777777777778 0.03854166666666667 0.07685185185185185
