41 0.15208333333333332 0.10092592592592593 0.03177083333333333 0.06388888888888888
35 0.6765625 9.259259259259259e-10 0.07760416666666667 0.03518518425925926
3 0.5453125 0.3925925925925926 0.0828125 0.1648148148148148
62 0.04010416666666667 0.3074074074074074 0.06979166666666667 0.1388888888888889
25 0.9166666666666666 0.33611111111111114 0.057291666666666664 0.11481481481481481
61 0.6416666666666667 0.33240740740740743 0.058854166666666666 0.1175925925925926
57 0.06822916666666666 0.8462962962962963 0.050520833333333334 0.10092592592592593
46 0.5234375 0.7925925925925926 0.0375 0.075
19 0.6114583333333333 0.030555555555555555 0.03958333333333333 0.07962962962962963
12 0.7270833333333333 0.23981481481481481 0.07447916666666667 0.14722222222222223
15 0.340625 0.5092592592592593 0.0359375 0.07222222222222222
24 0.0265625 0.9388888888888889 0.029166666666666667 0.058333333333333334
41 0.08489583333333334 0.43796296296296294 0.03177083333333333 0.06388888888888888
59 0.4859375 0.8583333333333333 0.025 0.05092592592592592
24 0.29375 9.259259259259259e-10 0.08229166666666667 0.11388888796296297
34 0.8020833333333334 0.46296296296296297 0.028125 0.05648148148148148
57 0.10260416666666666 0.6935185185185185 0.030729166666666665 0.062037037037037036
44 0.9432291666666667 0.2824074074074074 0.05677083333333333 0.11388888888888889
48 0.09479166666666666 0.6407407407407407 0.071875 0.14351851851851852
24 0.5052083333333334 0.23796296296296296 0.06302083333333333 0.1259259259259259
