42 0.7364583333333333 0.05 0.0484375 0.09722222222222222
2 0.29739583333333336 0.25 0.0171875 0.03518518518518519
37 0.7942708333333334 0.375 0.06822916666666666 0.1361111111111111
21 0.971875 0.6907407407407408 0.028125 0.07777777777777778
56 0.4421875 0.34814814814814815 0.0859375 0.17037037037037037
35 0.28541666666666665 0.2851851851851852 0.04583333333333333 0.09166666666666666
48 0.7901041666666667 0.39351851851851855 0.025 0.05
61 0.10208333333333333 0.774074074074074 0.071875 0.1425925925925926
20 0.6239583333333333 0.3277777777777778 0.050520833333333334 0.10092592592592593
15 0.26979166666666665 0.5055555555555555 0.00625 0.012962962962962963
9 0.06979166666666667 0.37037037037037035 0.0484375 0.0962962962962963
7 0.228125 0.27685185185185185 0.011458333333333333 0.023148148148148147
18 0.946875 0.2574074074074074 0.043229166666666666 0.08703703703703704
37 0.146875 0.8935185185185185 0.041666666666666664 0.0824074074074074
52 0.4192708333333333 0.65 0.07708333333333334 0.1527777777777778
11 0.45729166666666665 0.5185185185185185 0.04114583333333333 0.0824074074074074
10 0.14375 0.812962962962963 0.07291666666666667 0.14537037037037037
4 0.9895833333333334 9.259259259259259e-10 0.010416666666666666 0.022222221296296297
56 0.7307291666666667 0.3648148148148148 0.03125 0.062037037037037036
56 0.771875 0.6537037037037037 0.08489583333333334 0.1685185185185185
