42 0.7848958333333333 0.3037037037037037 0.030208333333333334 0.06111111111111111
9 0.9796875 0.6537037037037037 0.0203125 0.08796296296296297
59 0.8895833333333333 0.6953703703703704 0.027083333333333334 0.05462962962962963
5 0.1796875 0.5805555555555556 0.07916666666666666 0.1574074074074074
9 0.515625 0.5898148148148148 0.0859375 0.17037037037037037
43 0.34270833333333334 0.6842592592592592 0.053125 0.10648148148148148
45 0.7578125 0.4398148148148148 0.017708333333333333 0.03611111111111111
58 0.0390625 0.8083333333333333 0.04791666666666667 0.09537037037037037
17 0.29739583333333336 0.13148148148148148 0.05677083333333333 0.11296296296296296
44 0.934375 0.0 0.065625 0.0962962962962963
50 0.69375 0.5944444444444444 0.022395833333333334 0.04537037037037037
2 0.8583333333333333 0.12037037037037036 0.071875 0.1425925925925926
47 0.11822916666666666 0.7944444444444444 0.030729166666666665 0.06111111111111111
62 0.86875 0.7203703703703703 0.07135416666666666 0.1425925925925926
33 0.20885416666666667 0.0787037037037037 0.046875 0.09351851851851851
32 0.3770833333333333 0.8916666666666667 0.0125 0.025925925925925925
47 0.9479166666666666 0.28888888888888886 0.052083333333333336 0.14074074074074075
20 0.6171875 0.0 0.08854166666666667 0.05925925925925926
21 0.46041666666666664 0.2324074074074074 0.0796875 0.15833333333333333
33 0.9072916666666667 0.0 0.05677083333333333 0.0
