16 0.6604166666666667 0.18796296296296297 0.08125 0.16203703703703703
42 0.2390625 0.30092592592592593 0.008333333333333333 0.017592592592592594
12 0.16770833333333332 0.4537037037037037 0.0484375 0.0962962962962963
10 0.2552083333333333 0.48333333333333334 0.06770833333333333 0.13425925925925927
18 0.4203125 0.0 0.0546875 0.032407407407407406
33 0.47760416666666666 0.46944444444444444 0.014583333333333334 0.02962962962962963
53 0.7614583333333333 0.7018518518518518 0.026041666666666668 0.05185185185185185
12 0.6171875 0.5425925925925926 0.07239583333333334 0.14351851851851852
8 0.19270833333333334 0.4324074074074074 0.08489583333333334 0.1685185185185185
5 0.7088541666666667 0.7842592592592592 0.0328125 0.06574074074074074
7 0.3703125 0.11944444444444445 0.03333333333333333 0.06759259259259259
20 0.8296875 0.06944444444444445 0.084375 0.1675925925925926
60 0.26458333333333334 0.32592592592592595 0.024479166666666666 0.049074074074074076
49 0.165625 0.5685185185185185 0.03125 0.06296296296296296
17 0.7130208333333333 0.6990740740740741 0.0546875 0.10925925925925926
35 0.15989583333333332 0.18611111111111112 0.050520833333333334 0.10092592592592593
55 0.9697916666666667 0.7944444444444444 0.00625 0.013888888888888888
42 0.2390625 0.005555555555555556 0.07760416666666667 0.1537037037037037
28 0.8614583333333333 0.29814814814814816 0.036458333333333336 0.07314814814814814
31 0.7807291666666667 0.387037037037037 0.019270833333333334 0.03888888888888889
