16 0.5510416666666667 0.9435185185185185 0.019270833333333334 0.03888888888888889
18 0.6432291666666666 0.39814814814814814 0.0390625 0.0787037037037037
58 0.925 0.5962962962962963 0.028645833333333332 0.058333333333333334
28 0.48541666666666666 0.675 0.049479166666666664 0.09907407407407408
61 0.578125 0.2851851851851852 0.020833333333333332 0.04259259259259259
11 0.2598958333333333 0.4824074074074074 0.0046875 0.011111111111111112
21 0.7151041666666667 0.2898148148148148 0.07395833333333333 0.14722222222222223
24 0.48489583333333336 0.6231481481481481 0.07552083333333333 0.15
49 0.525 0.85 0.06770833333333333 0.13518518518518519
27 0.6515625 0.09166666666666666 0.04479166666666667 0.08888888888888889
7 0.23385416666666667 0.0712962962962963 0.0640625 0.12685185185185185
54 0.60625 0.6703703703703704 0.08333333333333333 0.16574074074074074
60 0.20104166666666667 9.259259259259259e-10 0.08020833333333334 0.06666666574074075
47 0.3307291666666667 0.7833333333333333 0.04739583333333333 0.09444444444444444
35 0.20833333333333334 0.001851851851851852 0.08385416666666666 0.16666666666666666
9 0.86875 0.062037037037037036 0.029166666666666667 0.058333333333333334
58 0.54375 0.7435185185185185 0.0453125 0.09074074074074075
36 0.8671875 0.3592592592592593 0.084375 0.1675925925925926
24 0.06510416666666667 0.5009259259259259 0.016666666666666666 0.03333333333333333
29 0.5765625 9.259259259259259e-10 0.0515625 0.06944444351851851
