42 0.7614583333333333 0.4305555555555556 0.008854166666666666 0.018518518518518517
31 0.27395833333333336 0.12407407407407407 0.07552083333333333 0.15
53 0.24010416666666667 0.11481481481481481 0.0078125 0.01574074074074074
44 0.925 0.10185185185185185 0.009895833333333333 0.020370370370370372
25 0.5583333333333333 0.4185185185185185 0.01875 0.03796296296296296
17 0.09166666666666666 9.259259259259259e-10 0.08125 0.09074073981481481
25 0.2682291666666667 0.6712962962962963 0.06302083333333333 0.1259259259259259
42 0.978125 9.259259259259259e-10 0.021875 0.13148148055555556
58 0.3125 0.06759259259259259 0.06666666666666667 0.13333333333333333
21 0.25052083333333336 0.7638888888888888 0.0171875 0.03425925925925926
63 0.5958333333333333 0.3527777777777778 0.06458333333333334 0.1287037037037037
32 0.8 9.259259259259259e-10 0.09270833333333334 0.14074073981481483
41 0.018229166666666668 0.9111111111111111 0.024479166666666666 0.049074074074074076
54 0.7229166666666667 0.5064814814814815 0.0234375 0.04722222222222222
38 0.6458333333333334 0.03611111111111111 0.07916666666666666 0.1574074074074074
24 0.5484375 0.44814814814814813 0.09010416666666667 0.1787037037037037
56 0.19166666666666668 0.11203703703703703 0.0296875 0.05925925925925926
61 0.6994791666666667 9.259259259259259e-10 0.059375 -9.259259259259259e-10
20 0.9307291666666667 0.09166666666666666 0.04375 0.08703703703703704
52 0.5369791666666667 0.125 0.040625 0.08148148148148149
