16 0.8255208333333334 0.5351851851851852 0.08125 0.16111111111111112
60 0.14479166666666668 0.7981481481481482 0.08697916666666666 0.17314814814814813
46 0.2421875 0.47129629629629627 0.021875 0.044444444444444446
63 0.5786458333333333 0.08981481481481482 0.059895833333333336 0.11944444444444445
9 0.7104166666666667 0.3148148148148148 0.034895833333333334 0.06944444444444445
24 0.2786458333333333 0.6620370370370371 0.011979166666666667 0.024074074074074074
55 0.44375 0.3 0.008333333333333333 0.017592592592592594
51 0.6510416666666666 0.39166666666666666 0.059895833333333336 0.11944444444444445
19 0.64375 0.3037037037037037 0.0421875 0.08425925925925926
46 0.4890625 0.5657407407407408 0.07916666666666666 0.1574074074074074
37 0.9572916666666667 0.13240740740740742 0.020833333333333332 0.041666666666666664
12 0.309375 9.259259259259259e-10 0.01875 0.034259258333333334
55 0.521875 0.6444444444444445 0.0890625 0.17685185185185184
14 0.4588541666666667 0.7759259259259259 0.03333333333333333 0.06666666666666667
48 0.26614583333333336 0.45092592592592595 0.009375 0.019444444444444445
44 0.6692708333333334 0.1425925925925926 0.007291666666666667 0.01574074074074074
2 0.37864583333333335 0.5592592592592592 0.0609375 0.12129629629629629
20 0.6104166666666667 9.259259259259259e-10 0.06354166666666666 0.09444444351851852
56 0.9932291666666667 0.5990740740740741 0.0067708333333333336 0.18333333333333332
31 0.09635416666666667 0.8342592592592593 0.0109375 0.022222222222222223
