43 0.9765625 9.259259259259259e-10 0.0234375 0.10462962870370371
3 0.41041666666666665 0.5185185185185185 0.04739583333333333 0.09444444444444444
2 0.2859375 0.34074074074074073 0.071875 0.14351851851851852
34 0.9859375 0.6861111111111111 0.0140625 0.03888888888888889
25 0.5338541666666666 0.5231481481481481 0.0046875 0.011111111111111112
38 0.440625 0.6407407407407407 0.07239583333333334 0.14444444444444443
50 0.8276041666666667 0.5564814814814815 0.00625 0.012962962962962963
62 0.6265625 0.5925925925925926 0.03229166666666667 0.06481481481481481
59 0.3614583333333333 0.32407407407407407 0.0109375 0.022222222222222223
51 0.17395833333333333 0.4648148148148148 0.034895833333333334 0.07037037037037037
29 0.209375 0.9518518518518518 0.014583333333333334 0.02962962962962963
47 0.036458333333333336 0.5324074074074074 0.021354166666666667 0.04259259259259259
16 0.44166666666666665 0.8435185185185186 0.021875 0.044444444444444446
16 0.8213541666666667 0.8083333333333333 0.08072916666666667 0.16111111111111112
3 0.5208333333333334 0.6111111111111112 0.04739583333333333 0.09537037037037037
3 0.6822916666666666 0.29907407407407405 0.0703125 0.1398148148148148
51 0.9833333333333333 0.3138888888888889 0.0078125 0.01574074074074074
59 0.7994791666666666 0.18333333333333332 0.0890625 0.17685185185185184
62 0.38645833333333335 0.13425925925925927 0.06197916666666667 0.12407407407407407
4 0.571875 0.25925925925925924 0.07291666666666667 0.14537037037037037
