17 0.503125 0.03518518518518519 0.005208333333333333 0.012037037037037037
5 0.4666666666666667 9.259259259259259e-10 0.0734375 0.11111111018518519
30 0.9901041666666667 9.259259259259259e-10 0.009895833333333333 0.025925925
33 0.47604166666666664 0.7777777777777778 0.05520833333333333 0.11018518518518519
12 0.3645833333333333 0.011111111111111112 0.0125 0.025
50 0.7770833333333333 0.8629629629629629 0.034895833333333334 0.06944444444444445
62 0.36354166666666665 0.7972222222222223 0.05572916666666667 0.1111111111111111
28 0.8229166666666666 0.7361111111111112 0.071875 0.1425925925925926
13 0.9661458333333334 0.6759259259259259 0.033854166666666664 0.16666666666666666
13 0.4583333333333333 0.12129629629629629 0.08072916666666667 0.16111111111111112
26 0.6744791666666666 9.259259259259259e-10 0.0546875 0.0722222212962963
39 0.2125 0.6157407407407407 0.036458333333333336 0.07314814814814814
19 0.9067708333333333 0.175 0.0890625 0.17685185185185184
6 0.8848958333333333 0.562037037037037 0.078125 0.15555555555555556
46 0.7286458333333333 0.9027777777777778 0.020833333333333332 0.041666666666666664
47 0.45989583333333334 0.030555555555555555 0.0109375 0.022222222222222223
25 0.240625 0.8722222222222222 0.023958333333333335 0.04814814814814815
39 0.5369791666666667 0.3824074074074074 0.005729166666666666 0.012962962962962963
50 0.690625 0.125 0.07864583333333333 0.15648148148148147
59 0.19479166666666667 0.24814814814814815 0.0296875 0.05925925925925926
