17 0.3536458333333333 0.6083333333333333 0.07864583333333333 0.15648148148148147
5 0.7697916666666667 0.9712962962962963 0.0078125 0.01574074074074074
27 0.16458333333333333 0.6953703703703704 0.008333333333333333 0.017592592592592594
11 0.9458333333333333 0.8425925925925926 0.05416666666666667 0.15555555555555556
36 0.6416666666666667 0.5342592592592592 0.04375 0.08703703703703704
7 0.44427083333333334 0.14629629629629629 0.021875 0.044444444444444446
18 0.8979166666666667 0.020370370370370372 0.06354166666666666 0.12685185185185185
59 0.45989583333333334 0.7425925925925926 0.009375 0.019444444444444445
19 0.7026041666666667 0.12962962962962962 0.0578125 0.11574074074074074
52 0.8130208333333333 0.6148148148148148 0.0625 0.125
39 0.4119791666666667 0.4648148148148148 0.007291666666666667 0.014814814814814815
22 0.2869791666666667 0.39537037037037037 0.06302083333333333 0.125
33 0.4786458333333333 0.7944444444444444 0.08489583333333334 0.1685185185185185
56 0.5739583333333333 0.9777777777777777 0.0046875 0.011111111111111112
57 0.11458333333333333 0.41759259259259257 0.03125 0.06296296296296296
26 0.6869791666666667 0.15 0.07864583333333333 0.15648148148148147
24 0.2526041666666667 0.1398148148148148 0.08645833333333333 0.1712962962962963
44 0.12916666666666668 0.5175925925925926 0.0390625 0.07777777777777778
36 0.06197916666666667 0.8148148148148148 0.028645833333333332 0.058333333333333334
25 0.5385416666666667 0.3287037037037037 0.014583333333333334 0.02962962962962963
