43 0.1203125 0.47314814814814815 0.008854166666666666 0.018518518518518517
14 0.34479166666666666 0.2777777777777778 0.040625 0.08148148148148149
61 0.8630208333333333 9.259259259259259e-10 0.03958333333333333 0.02777777685185185
15 0.7479166666666667 0.26851851851851855 0.0140625 0.028703703703703703
58 0.8208333333333333 0.1638888888888889 0.0125 0.025925925925925925
11 0.39166666666666666 0.5675925925925925 0.024479166666666666 0.05
20 0.9947916666666666 0.3962962962962963 0.005208333333333333 0.16203703703703703
51 0.03177083333333333 9.259259259259259e-10 0.046875 0.08888888796296296
5 0.7973958333333333 0.05462962962962963 0.014583333333333334 0.02962962962962963
16 0.1703125 0.21851851851851853 0.0484375 0.09722222222222222
4 0.5291666666666667 0.1259259259259259 0.0328125 0.06574074074074074
30 0.5739583333333333 0.3888888888888889 0.06145833333333333 0.12222222222222222
35 0.525 0.062037037037037036 0.03229166666666667 0.06481481481481481
57 0.8973958333333333 0.7861111111111111 0.0265625 0.05277777777777778
2 0.56875 0.774074074074074 0.043229166666666666 0.08611111111111111
57 0.17291666666666666 0.13240740740740742 0.0046875 0.010185185185185186
3 0.0953125 0.7240740740740741 0.0171875 0.03518518518518519
53 0.7114583333333333 0.11851851851851852 0.08645833333333333 0.1712962962962963
45 0.8567708333333334 0.887962962962963 0.028645833333333332 0.05740740740740741
10 0.1671875 0.9407407407407408 0.0046875 0.010185185185185186
