17 0.9447916666666667 0.33425925925925926 0.05260416666666667 0.10462962962962963
42 0.125 0.35833333333333334 0.08541666666666667 0.17037037037037037
26 0.3734375 0.08981481481481482 0.078125 0.15555555555555556
16 0.6864583333333333 0.6259259259259259 0.065625 0.13055555555555556
30 0.23385416666666667 0.05092592592592592 0.013020833333333334 0.026851851851851852
52 0.5109375 0.6407407407407407 0.0890625 0.17685185185185184
18 0.2484375 0.5990740740740741 0.06041666666666667 0.11944444444444445
51 0.9505208333333334 9.259259259259259e-10 0.0328125 0.009259258333333334
53 0.6354166666666666 0.8453703703703703 0.058854166666666666 0.11666666666666667
18 0.050520833333333334 0.07592592592592592 0.043229166666666666 0.08611111111111111
62 0.12916666666666668 0.5583333333333333 0.008854166666666666 0.018518518518518517
21 0.85625 0.3296296296296296 0.0265625 0.053703703703703705
37 0.9296875 0.8064814814814815 0.0375 0.075
29 0.6088541666666667 0.5092592592592593 0.022916666666666665 0.046296296296296294
38 0.1671875 0.7657407407407407 0.022395833333333334 0.044444444444444446
46 0.13489583333333333 0.5481481481481482 0.0703125 0.1398148148148148
34 0.6890625 0.6037037037037037 0.05520833333333333 0.11018518518518519
62 0.9572916666666667 0.7018518518518518 0.042708333333333334 0.175
56 0.0328125 0.7666666666666667 0.021354166666666667 0.04351851851851852
17 0.0796875 0.03796296296296296 0.07239583333333334 0.14351851851851852
