17 0.0125 0.7074074074074074 0.015104166666666667 0.030555555555555555
43 0.14635416666666667 0.14722222222222223 0.0921875 0.18333333333333332
6 0.5848958333333333 0.40370370370370373 0.0390625 0.07777777777777778
47 0.5552083333333333 0.887962962962963 0.016666666666666666 0.03425925925925926
15 0.06510416666666667 0.6166666666666667 0.07916666666666666 0.1574074074074074
19 0.9145833333333333 0.25925925925925924 0.016145833333333335 0.032407407407407406
37 0.4640625 0.5444444444444444 0.075 0.15
36 0.7895833333333333 0.24722222222222223 0.09114583333333333 0.1814814814814815
37 0.21770833333333334 0.9027777777777778 0.03177083333333333 0.06388888888888888
34 0.0125 0.4898148148148148 0.028645833333333332 0.05740740740740741
26 0.6296875 0.06388888888888888 0.0109375 0.022222222222222223
7 0.8697916666666666 0.4981481481481482 0.04635416666666667 0.09259259259259259
33 0.6088541666666667 0.5425925925925926 0.049479166666666664 0.09814814814814815
15 0.403125 0.19722222222222222 0.042708333333333334 0.08518518518518518
30 0.08125 9.259259259259259e-10 0.034895833333333334 0.046296295370370374
10 0.41041666666666665 0.6481481481481481 0.05677083333333333 0.11296296296296296
37 0.7067708333333333 0.9175925925925926 0.040625 0.08055555555555556
47 0.8369791666666667 0.5509259259259259 0.059895833333333336 0.11944444444444445
58 0.2833333333333333 0.4046296296296296 0.06145833333333333 0.12222222222222222
48 0.7041666666666667 0.3925925925925926 0.07239583333333334 0.14444444444444443
