17 0.18697916666666667 0.05 0.06875 0.13703703703703704
50 0.14791666666666667 0.3435185185185185 0.09270833333333334 0.18425925925925926
55 0.5583333333333333 0.8185185185185185 0.04479166666666667 0.08981481481481482
7 0.16979166666666667 0.31203703703703706 0.06197916666666667 0.12314814814814815
34 0.5614583333333333 0.3037037037037037 0.025520833333333333 0.05092592592592592
19 0.9140625 0.001851851851851852 0.04895833333333333 0.09722222222222222
30 0.08802083333333334 0.30277777777777776 0.044270833333333336 0.08796296296296297
20 0.6375 0.3 0.059375 0.11851851851851852
5 0.7875 0.5083333333333333 0.07708333333333334 0.1537037037037037
24 0.9348958333333334 0.887962962962963 0.030208333333333334 0.06111111111111111
54 0.09895833333333333 0.4537037037037037 0.029166666666666667 0.058333333333333334
54 0.8515625 0.7814814814814814 0.008333333333333333 0.017592592592592594
50 0.6989583333333333 0.4351851851851852 0.05520833333333333 0.10925925925925926
54 0.16979166666666667 0.7611111111111111 0.06302083333333333 0.1259259259259259
54 0.065625 0.29814814814814816 0.08385416666666666 0.16574074074074074
54 0.12291666666666666 0.5092592592592593 0.046875 0.09351851851851851
20 0.0375 9.259259259259259e-10 0.041666666666666664 0.04444444351851852
52 0.2869791666666667 0.23796296296296296 0.04739583333333333 0.09537037037037037
6 0.8875 0.46111111111111114 0.015104166666666667 0.030555555555555555
33 0.39479166666666665 0.16944444444444445 0.05677083333333333 0.11296296296296296
