17 0.375 0.5787037037037037 0.09114583333333333 0.18055555555555555
25 0.39010416666666664 0.4101851851851852 0.0421875 0.08425925925925926
15 0.6213541666666667 0.5120370370370371 0.043229166666666666 0.08611111111111111
27 0.9328125 0.1574074074074074 0.033854166666666664 0.06759259259259259
57 0.2875 0.4935185185185185 0.0546875 0.10925925925925926
25 0.3255208333333333 0.8444444444444444 0.03958333333333333 0.0787037037037037
46 0.36875 0.35833333333333334 0.053125 0.10648148148148148
24 0.0328125 0.6731481481481482 0.08125 0.16111111111111112
13 0.5286458333333334 9.259259259259259e-10 0.04114583333333333 0.05370370277777778
36 0.5598958333333334 0.8083333333333333 0.0890625 0.17685185185185184
42 0.7442708333333333 0.4212962962962963 0.07708333333333334 0.1527777777777778
14 0.1859375 9.259259259259259e-10 0.0515625 0.09629629537037038
63 0.6505208333333333 0.8648148148148148 0.033854166666666664 0.06851851851851852
54 0.7994791666666666 0.5648148148148148 0.090625 0.17962962962962964
53 0.7520833333333333 0.8768518518518519 0.0171875 0.03518518518518519
9 0.2989583333333333 0.41944444444444445 0.090625 0.18055555555555555
23 0.3729166666666667 0.5574074074074075 0.022395833333333334 0.04537037037037037
7 0.23177083333333334 0.14351851851851852 0.06875 0.13703703703703704
27 0.40260416666666665 0.05092592592592592 0.07916666666666666 0.1574074074074074
4 0.020833333333333332 0.41388888888888886 0.05572916666666667 0.1111111111111111
