43 0.9333333333333333 9.259259259259259e-10 0.053125 0.07407407314814815
30 0.19583333333333333 0.7611111111111111 0.0203125 0.041666666666666664
36 0.2557291666666667 0.6694444444444444 0.029166666666666667 0.058333333333333334
27 0.4078125 0.20092592592592592 0.04739583333333333 0.09444444444444444
46 0.24010416666666667 0.5194444444444445 0.09166666666666666 0.1824074074074074
30 0.0026041666666666665 0.7101851851851851 0.021875 0.044444444444444446
55 0.6395833333333333 0.36574074074074076 0.06614583333333333 0.13148148148148148
26 0.18958333333333333 0.18888888888888888 0.058333333333333334 0.11574074074074074
34 0.38385416666666666 0.31203703703703706 0.016145833333333335 0.032407407407407406
44 0.865625 0.95 0.022395833333333334 0.044444444444444446
27 0.33697916666666666 0.27870370370370373 0.06458333333333334 0.1287037037037037
3 0.4875 0.4305555555555556 0.009375 0.019444444444444445
34 0.6098958333333333 0.7916666666666666 0.05677083333333333 0.11296296296296296
34 0.953125 0.6777777777777778 0.046875 0.1259259259259259
28 0.6588541666666666 0.34444444444444444 0.025520833333333333 0.05092592592592592
6 0.29375 0.07685185185185185 0.058854166666666666 0.1175925925925926
15 0.5541666666666667 0.08055555555555556 0.07239583333333334 0.14351851851851852
12 0.22708333333333333 0.7018518518518518 0.05677083333333333 0.11388888888888889
23 0.09791666666666667 0.3 0.028125 0.05648148148148148
51 0.6291666666666667 0.2638888888888889 0.005729166666666666 0.012037037037037037
