17 0.7625 0.5861111111111111 0.06822916666666666 0.1361111111111111
34 0.41822916666666665 0.24351851851851852 0.09322916666666667 0.18518518518518517
59 0.6776041666666667 0.39814814814814814 0.011979166666666667 0.025
41 0.8973958333333333 0.33240740740740743 0.025 0.05092592592592592
50 0.5109375 0.575925925925926 0.058854166666666666 0.11666666666666667
16 0.9505208333333334 0.21944444444444444 0.016666666666666666 0.03425925925925926
62 0.8651041666666667 0.32222222222222224 0.021875 0.044444444444444446
44 0.7380208333333333 0.2324074074074074 0.059895833333333336 0.11944444444444445
47 0.6541666666666667 0.09444444444444444 0.021354166666666667 0.04351851851851852
14 0.029166666666666667 0.3592592592592593 0.042708333333333334 0.08518518518518518
59 0.6057291666666667 0.2972222222222222 0.0484375 0.09722222222222222
51 0.5677083333333334 0.5648148148148148 0.09322916666666667 0.18518518518518517
21 0.6276041666666666 0.4305555555555556 0.071875 0.14351851851851852
32 0.5276041666666667 9.259259259259259e-10 0.0625 0.054629628703703706
58 0.13541666666666666 0.6055555555555555 0.0390625 0.0787037037037037
12 0.8229166666666666 9.259259259259259e-10 0.06458333333333334 0.06481481388888889
50 0.11302083333333333 0.4537037037037037 0.06614583333333333 0.13148148148148148
3 0.265625 0.23425925925925925 0.0859375 0.17037037037037037
33 0.22083333333333333 0.2175925925925926 0.0046875 0.010185185185185186
47 0.3177083333333333 0.7046296296296296 0.04114583333333333 0.0824074074074074
