43 0.7802083333333333 9.259259259259259e-10 0.04375 0.07685185092592593
61 0.90625 9.259259259259259e-10 0.030729166666666665 0.024074073148148148
24 0.284375 9.259259259259259e-10 0.08125 0.059259258333333335
42 0.5927083333333333 0.22314814814814815 0.007291666666666667 0.01574074074074074
19 0.5296875 0.6648148148148149 0.09114583333333333 0.18055555555555555
20 0.9859375 0.9120370370370371 0.0140625 0.06111111111111111
43 0.6005208333333333 0.3074074074074074 0.022395833333333334 0.044444444444444446
17 0.765625 0.19722222222222222 0.06145833333333333 0.12222222222222222
36 0.48125 0.38981481481481484 0.021875 0.04351851851851852
50 0.39479166666666665 0.36666666666666664 0.05 0.1
30 0.4828125 0.13148148148148148 0.07135416666666666 0.14166666666666666
42 0.5333333333333333 0.8666666666666667 0.0609375 0.12129629629629629
46 0.22135416666666666 0.32037037037037036 0.059895833333333336 0.11944444444444445
6 0.4630208333333333 0.2037037037037037 0.06979166666666667 0.1388888888888889
62 0.23177083333333334 0.41203703703703703 0.06458333333333334 0.1287037037037037
13 0.7088541666666667 9.259259259259259e-10 0.044270833333333336 0.04999999907407408
45 0.5744791666666667 0.04537037037037037 0.05677083333333333 0.11296296296296296
51 0.0359375 0.8740740740740741 0.04583333333333333 0.09166666666666666
18 0.42552083333333335 0.005555555555555556 0.05416666666666667 0.10833333333333334
50 0.9739583333333334 0.06388888888888888 0.023958333333333335 0.049074074074074076
