17 0.06822916666666666 0.20833333333333334 0.022916666666666665 0.046296296296296294
36 0.22916666666666666 0.22037037037037038 0.015104166666666667 0.030555555555555555
21 0.934375 0.3685185185185185 0.04791666666666667 0.09537037037037037
60 0.7234375 0.49907407407407406 0.0515625 0.10277777777777777
47 0.7572916666666667 0.9212962962962963 0.030729166666666665 0.06111111111111111
39 0.3958333333333333 0.8425925925925926 0.0734375 0.14629629629629629
38 0.7697916666666667 0.3851851851851852 0.03802083333333333 0.07592592592592592
54 0.44166666666666665 0.48148148148148145 0.0921875 0.18333333333333332
6 0.06666666666666667 0.5203703703703704 0.059375 0.1175925925925926
39 0.9473958333333333 0.46111111111111114 0.024479166666666666 0.05
49 0.5244791666666667 9.259259259259259e-10 0.08489583333333334 0.01481481388888889
29 0.3416666666666667 0.10277777777777777 0.050520833333333334 0.1
62 0.50625 0.7685185185185185 0.0796875 0.15833333333333333
59 0.05 0.9277777777777778 0.034375 0.06944444444444445
24 0.06979166666666667 0.6722222222222223 0.0078125 0.016666666666666666
36 0.321875 9.259259259259259e-10 0.03802083333333333 0.050925925000000004
16 0.9541666666666667 0.000925925925925926 0.042708333333333334 0.08518518518518518
24 0.5260416666666666 0.2777777777777778 0.009375 0.019444444444444445
42 0.7380208333333333 0.2972222222222222 0.0578125 0.11481481481481481
60 0.03697916666666667 0.3425925925925926 0.05260416666666667 0.10462962962962963
