44 0.9635416666666666 0.3425925925925926 0.0067708333333333336 0.013888888888888888
4 0.221875 0.47129629629629627 0.015625 0.03148148148148148
14 0.9104166666666667 9.259259259259259e-10 0.0640625 0.07777777685185186
20 0.6057291666666667 0.041666666666666664 0.05416666666666667 0.10740740740740741
33 0.08489583333333334 0.35 0.015625 0.03148148148148148
58 0.5114583333333333 0.6592592592592592 0.030208333333333334 0.06111111111111111
53 0.2546875 0.7472222222222222 0.0625 0.125
42 0.6411458333333333 0.6083333333333333 0.05677083333333333 0.11388888888888889
57 0.09322916666666667 0.7546296296296297 0.0453125 0.09074074074074075
44 0.32135416666666666 0.2212962962962963 0.09322916666666667 0.18518518518518517
59 0.95 0.5194444444444445 0.017708333333333333 0.03611111111111111
27 0.5875 0.5027777777777778 0.0859375 0.17037037037037037
37 0.6203125 0.6666666666666666 0.019791666666666666 0.040740740740740744
58 0.14010416666666667 0.5518518518518518 0.05364583333333333 0.10740740740740741
12 0.1984375 0.017592592592592594 0.04739583333333333 0.09444444444444444
54 0.7015625 0.7444444444444445 0.08854166666666667 0.175
17 0.2578125 0.7972222222222223 0.027604166666666666 0.05462962962962963
18 0.9140625 0.1388888888888889 0.0234375 0.04722222222222222
41 0.46458333333333335 0.45185185185185184 0.03854166666666667 0.07777777777777778
58 0.9458333333333333 0.275 0.05416666666666667 0.14351851851851852
