18 0.95625 9.259259259259259e-10 0.04375 0.06481481388888889
7 0.5223958333333333 0.4675925925925926 0.011979166666666667 0.025
24 0.378125 9.259259259259259e-10 0.043229166666666666 0.02777777685185185
53 0.1515625 0.7537037037037037 0.09010416666666667 0.17962962962962964
34 0.15729166666666666 0.537962962962963 0.0875 0.17407407407407408
35 5.208333333333333e-10 0.43425925925925923 0.0114583328125 0.023148148148148147
53 0.21302083333333333 0.6148148148148148 0.059895833333333336 0.11944444444444445
54 0.459375 0.15092592592592594 0.08697916666666666 0.17314814814814813
50 0.7583333333333333 0.8712962962962963 0.049479166666666664 0.09907407407407408
11 0.6744791666666666 0.44074074074074077 0.07291666666666667 0.14537037037037037
44 0.058854166666666666 0.85 0.058854166666666666 0.11666666666666667
43 0.5359375 0.7157407407407408 0.022395833333333334 0.04537037037037037
6 0.10364583333333334 0.39351851851851855 0.0578125 0.11481481481481481
14 0.9765625 0.1712962962962963 0.0234375 0.12222222222222222
35 0.8463541666666666 0.6648148148148149 0.0578125 0.11574074074074074
41 0.21354166666666666 0.31574074074074077 0.07135416666666666 0.14166666666666666
59 0.21979166666666666 0.8037037037037037 0.0640625 0.12685185185185185
48 0.1125 0.28703703703703703 0.08333333333333333 0.16574074074074074
39 0.7567708333333333 0.3592592592592593 0.0921875 0.1824074074074074
35 0.3536458333333333 0.8231481481481482 0.057291666666666664 0.11388888888888889
