44 0.671875 0.028703703703703703 0.0328125 0.06574074074074074
9 0.45416666666666666 0.3574074074074074 0.016666666666666666 0.03425925925925926
41 0.2859375 0.7101851851851851 0.025520833333333333 0.05185185185185185
4 0.4140625 0.6111111111111112 0.06927083333333334 0.13796296296296295
16 0.703125 9.259259259259259e-10 0.08697916666666666 0.16944444351851853
34 0.6963541666666667 0.7490740740740741 0.0484375 0.0962962962962963
36 0.6880208333333333 0.2212962962962963 0.007291666666666667 0.01574074074074074
34 0.46197916666666666 9.259259259259259e-10 0.084375 0.0296296287037037
12 0.7317708333333334 0.22777777777777777 0.0234375 0.04722222222222222
22 0.007291666666666667 0.17407407407407408 0.07135416666666666 0.14166666666666666
31 0.9307291666666667 0.4722222222222222 0.016145833333333335 0.032407407407407406
43 0.9213541666666667 0.3277777777777778 0.026041666666666668 0.05185185185185185
34 0.18020833333333333 0.028703703703703703 0.0546875 0.10925925925925926
42 0.8796875 0.2916666666666667 0.013541666666666667 0.027777777777777776
27 0.628125 0.2759259259259259 0.019791666666666666 0.040740740740740744
41 0.4015625 0.43703703703703706 0.09166666666666666 0.1824074074074074
27 0.9213541666666667 0.7425925925925926 0.07864583333333333 0.1648148148148148
37 0.2546875 0.05555555555555555 0.08958333333333333 0.17777777777777778
18 0.05677083333333333 0.13518518518518519 0.0796875 0.15833333333333333
20 0.7484375 0.2759259259259259 0.029166666666666667 0.058333333333333334
