44 0.22916666666666666 0.14351851851851852 0.078125 0.15462962962962962
41 0.17291666666666666 0.5861111111111111 0.024479166666666666 0.049074074074074076
15 0.9151041666666667 0.7796296296296297 0.050520833333333334 0.10092592592592593
15 0.5635416666666667 0.6944444444444444 0.044270833333333336 0.08796296296296297
51 0.05 0.7518518518518519 0.09322916666666667 0.18518518518518517
10 0.4864583333333333 0.35833333333333334 0.0703125 0.1398148148148148
58 0.3614583333333333 0.18333333333333332 0.06354166666666666 0.1259259259259259
20 0.7552083333333334 0.09444444444444444 0.020833333333333332 0.041666666666666664
14 0.5197916666666667 0.8398148148148148 0.06041666666666667 0.12037037037037036
32 0.196875 0.15092592592592594 0.08385416666666666 0.16666666666666666
46 0.2453125 0.7333333333333333 0.059895833333333336 0.11944444444444445
14 0.759375 0.8759259259259259 0.008333333333333333 0.017592592592592594
23 0.09791666666666667 0.7222222222222222 0.016666666666666666 0.03425925925925926
16 0.5453125 0.5564814814814815 0.015104166666666667 0.030555555555555555
15 0.40208333333333335 0.5935185185185186 0.0421875 0.08425925925925926
42 0.25885416666666666 0.4166666666666667 0.0078125 0.016666666666666666
37 0.6026041666666667 0.14351851851851852 0.034895833333333334 0.06944444444444445
22 0.6197916666666666 9.259259259259259e-10 0.03854166666666667 0.017592591666666664
38 0.6208333333333333 0.7546296296296297 0.030729166666666665 0.062037037037037036
22 0.9979166666666667 0.39444444444444443 0.0020833333333333333 0.0787037037037037
