44 0.4890625 0.4398148148148148 0.0359375 0.07222222222222222
18 0.5369791666666667 9.259259259259259e-10 0.059895833333333336 0.04999999907407408
32 0.4583333333333333 0.5990740740740741 0.08697916666666666 0.17314814814814813
45 0.46822916666666664 0.14907407407407408 0.013541666666666667 0.027777777777777776
49 0.27239583333333334 0.7722222222222223 0.09322916666666667 0.18518518518518517
15 0.409375 0.4861111111111111 0.058333333333333334 0.11574074074074074
11 0.15572916666666667 0.5537037037037037 0.015625 0.03148148148148148
6 0.5036458333333333 0.5398148148148149 0.050520833333333334 0.1
14 0.5755208333333334 0.6351851851851852 0.033854166666666664 0.06851851851851852
33 0.75625 0.18796296296296297 0.09166666666666666 0.1824074074074074
52 0.7947916666666667 0.3972222222222222 0.06822916666666666 0.13518518518518519
57 0.23333333333333334 0.9287037037037037 0.025 0.05092592592592592
58 0.8463541666666666 0.05925925925925926 0.053125 0.10555555555555556
52 0.6828125 0.6388888888888888 0.0484375 0.09722222222222222
5 0.43802083333333336 0.5768518518518518 0.051041666666666666 0.10185185185185185
23 0.27760416666666665 0.3472222222222222 0.07083333333333333 0.14074074074074075
41 0.228125 0.1814814814814815 0.0171875 0.03518518518518519
46 0.4322916666666667 9.259259259259259e-10 0.06979166666666667 0.07685185092592593
44 0.3958333333333333 0.1814814814814815 0.0296875 0.05925925925925926
17 0.4578125 0.1675925925925926 0.06770833333333333 0.13425925925925927
