18 0.7083333333333334 0.7027777777777777 0.053125 0.10648148148148148
23 0.6375 0.7925925925925926 0.08333333333333333 0.16574074074074074
16 0.21458333333333332 0.225 0.08125 0.16111111111111112
15 0.6489583333333333 0.30462962962962964 0.05677083333333333 0.11388888888888889
25 0.8333333333333334 0.45092592592592595 0.06354166666666666 0.12685185185185185
23 0.4171875 0.787962962962963 0.040625 0.08148148148148149
57 0.9010416666666666 0.12037037037037036 0.08020833333333334 0.15925925925925927
4 0.3072916666666667 0.725 0.05260416666666667 0.10462962962962963
27 0.8984375 0.06944444444444445 0.0546875 0.10925925925925926
35 0.9947916666666666 0.5101851851851852 0.005208333333333333 0.18425925925925926
54 0.15 0.11574074074074074 0.0765625 0.1527777777777778
15 0.10625 0.22685185185185186 0.017708333333333333 0.03611111111111111
22 0.9963541666666667 0.07407407407407407 0.0036458333333333334 0.1
20 0.8859375 0.8435185185185186 0.06979166666666667 0.1388888888888889
8 0.3828125 0.3194444444444444 0.011458333333333333 0.023148148148148147
48 0.43802083333333336 0.6731481481481482 0.06197916666666667 0.12314814814814815
49 0.60625 0.44907407407407407 0.08958333333333333 0.17777777777777778
39 0.21354166666666666 0.7962962962962963 0.06875 0.1361111111111111
35 0.03125 0.7444444444444445 0.07604166666666666 0.15092592592592594
61 0.38333333333333336 0.41388888888888886 0.021354166666666667 0.04259259259259259
