18 0.9432291666666667 0.2953703703703704 0.05677083333333333 0.1361111111111111
49 0.2557291666666667 9.259259259259259e-10 0.07760416666666667 0.09907407314814815
8 0.8140625 0.812962962962963 0.0067708333333333336 0.013888888888888888
56 0.26927083333333335 0.524074074074074 0.05416666666666667 0.10833333333333334
62 0.6958333333333333 0.0962962962962963 0.010416666666666666 0.021296296296296296
61 0.11614583333333334 0.3296296296296296 0.05364583333333333 0.10740740740740741
28 0.4083333333333333 0.16111111111111112 0.008854166666666666 0.018518518518518517
22 0.5265625 0.5990740740740741 0.010416666666666666 0.021296296296296296
47 0.9770833333333333 0.09351851851851851 0.022916666666666665 0.10833333333333334
13 0.9416666666666667 0.18888888888888888 0.058333333333333334 0.1814814814814815
48 0.2942708333333333 0.09166666666666666 0.0484375 0.09722222222222222
53 0.8520833333333333 9.259259259259259e-10 0.08072916666666667 0.03981481388888889
48 0.18854166666666666 0.6425925925925926 0.03333333333333333 0.06666666666666667
15 0.7166666666666667 0.44537037037037036 0.053125 0.10555555555555556
63 0.3567708333333333 0.1259259259259259 0.025520833333333333 0.05185185185185185
44 0.7354166666666667 9.259259259259259e-10 0.06875 0.0722222212962963
46 0.2546875 0.8111111111111111 0.0578125 0.11574074074074074
58 0.5484375 0.0962962962962963 0.06145833333333333 0.12222222222222222
38 0.121875 0.06296296296296296 0.0875 0.17407407407407408
31 0.6296875 0.9287037037037037 0.028645833333333332 0.058333333333333334
