18 0.5734375 0.053703703703703705 0.04479166666666667 0.08981481481481482
24 0.2203125 0.6444444444444445 0.0109375 0.023148148148148147
23 0.5578125 0.48148148148148145 0.024479166666666666 0.049074074074074076
57 0.084375 0.5722222222222222 0.0578125 0.11481481481481481
14 0.7661458333333333 0.9027777777777778 0.025520833333333333 0.05092592592592592
47 0.6125 0.39166666666666666 0.046875 0.09351851851851851
36 0.6635416666666667 9.259259259259259e-10 0.0328125 0.0074074064814814815
32 0.6703125 0.5046296296296297 0.049479166666666664 0.09907407407407408
49 0.8197916666666667 0.27314814814814814 0.030729166666666665 0.062037037037037036
16 0.8265625 0.6703703703703704 0.07395833333333333 0.14722222222222223
7 0.8052083333333333 0.7907407407407407 0.013541666666666667 0.026851851851851852
50 0.21614583333333334 0.21203703703703702 0.059375 0.1175925925925926
15 0.78125 0.6907407407407408 0.06302083333333333 0.125
55 0.09375 9.259259259259259e-10 0.08125 0.15925925833333335
63 0.016145833333333335 0.7648148148148148 0.0359375 0.07222222222222222
27 0.684375 0.24537037037037038 0.06822916666666666 0.1361111111111111
11 0.41458333333333336 0.5305555555555556 0.03854166666666667 0.07685185185185185
12 0.6614583333333334 0.5138888888888888 0.08489583333333334 0.1685185185185185
32 0.15052083333333333 0.44722222222222224 0.015625 0.03148148148148148
45 0.5296875 9.259259259259259e-10 0.058854166666666666 0.04444444351851852
