g 0.44427083333333334 -0.08148148148148149 0.08072916666666667 -0.002777777777777778
Q 0.44427083333333334 -0.08148148148148149 0.08072916666666667 -0.002777777777777778
N 0.44427083333333334 -0.08148148148148149 0.08072916666666667 -0.002777777777777778
v 0.44427083333333334 -0.08148148148148149 0.08072916666666667 -0.002777777777777778
O 0.44427083333333334 -0.08148148148148149 0.08072916666666667 -0.002777777777777778
v 0.44427083333333334 -0.08148148148148149 0.08072916666666667 -0.002777777777777778
N 0.44427083333333334 -0.08148148148148149 0.08072916666666667 -0.002777777777777778
A 0.44427083333333334 -0.08148148148148149 0.08072916666666667 -0.002777777777777778
C 0.44427083333333334 -0.08148148148148149 0.08072916666666667 -0.002777777777777778
c 0.44427083333333334 -0.08148148148148149 0.08072916666666667 -0.002777777777777778
4 0.44427083333333334 -0.08148148148148149 0.08072916666666667 -0.002777777777777778
G 0.44427083333333334 -0.08148148148148149 0.08072916666666667 -0.002777777777777778
1 0.44427083333333334 -0.08148148148148149 0.08072916666666667 -0.002777777777777778
M 0.44427083333333334 -0.08148148148148149 0.08072916666666667 -0.002777777777777778
I 0.44427083333333334 -0.08148148148148149 0.08072916666666667 -0.002777777777777778
1 0.44427083333333334 -0.08148148148148149 0.08072916666666667 -0.002777777777777778
H 0.44427083333333334 -0.08148148148148149 0.08072916666666667 -0.002777777777777778
O 0.44427083333333334 -0.08148148148148149 0.08072916666666667 -0.002777777777777778
E 0.44427083333333334 -0.08148148148148149 0.08072916666666667 -0.002777777777777778
F 0.44427083333333334 -0.08148148148148149 0.08072916666666667 -0.002777777777777778
