19 0.5859375 0.6824074074074075 0.0078125 0.016666666666666666
2 0.45677083333333335 0.6592592592592592 0.0421875 0.08425925925925926
3 0.634375 0.7111111111111111 0.0828125 0.1638888888888889
42 0.1109375 0.5314814814814814 0.04479166666666667 0.08981481481481482
28 0.024479166666666666 0.17037037037037037 0.016666666666666666 0.03425925925925926
14 0.29739583333333336 0.9259259259259259 0.011458333333333333 0.023148148148148147
23 0.6119791666666666 0.5925925925925926 0.0453125 0.09074074074074075
7 0.9828125 0.07962962962962963 0.0171875 0.07777777777777778
20 0.8213541666666667 0.11851851851851852 0.017708333333333333 0.03611111111111111
54 0.215625 0.15185185185185185 0.04010416666666667 0.08055555555555556
41 0.2078125 9.259259259259259e-10 0.07239583333333334 0.024074073148148148
17 0.46458333333333335 0.17592592592592593 0.04635416666666667 0.09259259259259259
7 0.4635416666666667 0.007407407407407408 0.0796875 0.15833333333333333
10 0.2859375 0.19444444444444445 0.00625 0.013888888888888888
7 0.3723958333333333 0.10462962962962963 0.005208333333333333 0.012037037037037037
17 0.22291666666666668 0.1259259259259259 0.008854166666666666 0.018518518518518517
31 0.7859375 0.16666666666666666 0.04114583333333333 0.0824074074074074
4 0.5338541666666666 0.11666666666666667 0.019270833333333334 0.03888888888888889
62 0.43072916666666666 0.5083333333333333 0.058854166666666666 0.1175925925925926
44 0.22395833333333334 0.3101851851851852 0.0125 0.025
