19 0.6713541666666667 0.5398148148148149 0.058854166666666666 0.1175925925925926
3 0.33958333333333335 0.2388888888888889 0.015104166666666667 0.030555555555555555
8 0.7078125 0.5787037037037037 0.021875 0.044444444444444446
48 0.6411458333333333 0.25925925925925924 0.046875 0.09351851851851851
11 0.7151041666666667 0.7194444444444444 0.027083333333333334 0.05462962962962963
63 0.6463541666666667 0.44351851851851853 0.08229166666666667 0.16296296296296298
25 0.14739583333333334 0.06388888888888888 0.019791666666666666 0.03981481481481482
41 0.43697916666666664 9.259259259259259e-10 0.0921875 0.037037036111111116
56 0.21458333333333332 0.49074074074074076 0.021354166666666667 0.04351851851851852
30 0.6489583333333333 0.42685185185185187 0.0171875 0.03518518518518519
42 0.7760416666666666 0.7472222222222222 0.022916666666666665 0.046296296296296294
13 0.6859375 0.8185185185185185 0.040625 0.08148148148148149
15 0.12604166666666666 0.6037037037037037 0.09010416666666667 0.17962962962962964
12 0.4010416666666667 0.25277777777777777 0.07916666666666666 0.1574074074074074
24 0.215625 0.42407407407407405 0.0625 0.12407407407407407
2 0.39166666666666666 0.37407407407407406 0.016666666666666666 0.03425925925925926
41 0.36354166666666665 0.020370370370370372 0.07239583333333334 0.14444444444444443
23 0.3229166666666667 0.09814814814814815 0.08645833333333333 0.17222222222222222
60 0.43125 0.032407407407407406 0.07604166666666666 0.15092592592592594
33 0.6026041666666667 0.649074074074074 0.06458333333333334 0.12777777777777777
