45 0.9536458333333333 0.32407407407407407 0.03125 0.062037037037037036
12 0.37395833333333334 0.7564814814814815 0.07135416666666666 0.14166666666666666
39 0.5458333333333333 0.03148148148148148 0.0703125 0.1398148148148148
22 0.31145833333333334 0.002777777777777778 0.013541666666666667 0.027777777777777776
15 0.30833333333333335 0.7083333333333334 0.06979166666666667 0.1388888888888889
24 0.9932291666666667 0.7842592592592592 0.0067708333333333336 0.09351851851851851
45 0.5020833333333333 0.12037037037037036 0.07552083333333333 0.15092592592592594
55 0.09479166666666666 0.22592592592592592 0.058854166666666666 0.11666666666666667
14 0.42135416666666664 0.10092592592592593 0.07291666666666667 0.14537037037037037
49 0.9630208333333333 0.6333333333333333 0.03697916666666667 0.15648148148148147
47 0.2046875 0.6157407407407407 0.05260416666666667 0.10555555555555556
25 0.15520833333333334 0.7796296296296297 0.08697916666666666 0.17314814814814813
63 0.5994791666666667 0.07407407407407407 0.0265625 0.053703703703703705
35 0.29270833333333335 0.17777777777777778 0.0796875 0.15833333333333333
11 0.5010416666666667 0.5777777777777777 0.019270833333333334 0.03981481481481482
19 0.5734375 0.20185185185185187 0.013020833333333334 0.026851851851851852
3 0.7630208333333334 0.20462962962962963 0.06614583333333333 0.13240740740740742
11 0.5484375 0.6953703703703704 0.029166666666666667 0.05925925925925926
54 0.40572916666666664 0.6 0.07395833333333333 0.14722222222222223
10 0.08958333333333333 0.0 0.042708333333333334 0.002777777777777778
