19 0.7645833333333333 0.7379629629629629 0.0578125 0.11481481481481481
14 0.5984375 0.7703703703703704 0.0328125 0.06574074074074074
27 0.03177083333333333 0.8490740740740741 0.0375 0.075
45 0.35 0.6518518518518519 0.053125 0.10555555555555556
13 0.5421875 0.2388888888888889 0.04635416666666667 0.09166666666666666
52 0.678125 0.7425925925925926 0.03854166666666667 0.07685185185185185
41 0.8036458333333333 0.8898148148148148 0.0234375 0.04722222222222222
55 0.6348958333333333 0.6351851851851852 0.005729166666666666 0.012037037037037037
47 0.8614583333333333 9.259259259259259e-10 0.0640625 0.03333333240740741
45 0.665625 0.42314814814814816 0.0546875 0.10925925925925926
34 0.7192708333333333 0.3194444444444444 0.07864583333333333 0.15648148148148147
23 0.0734375 0.08611111111111111 0.07083333333333333 0.14074074074074075
58 0.2109375 0.3037037037037037 0.059375 0.1175925925925926
19 0.7036458333333333 0.3435185185185185 0.08385416666666666 0.16666666666666666
27 0.9260416666666667 9.259259259259259e-10 0.030729166666666665 0.0296296287037037
60 0.19270833333333334 0.1388888888888889 0.0234375 0.04722222222222222
38 0.2484375 0.3731481481481482 0.049479166666666664 0.09814814814814815
59 0.865625 0.8537037037037037 0.021354166666666667 0.04259259259259259
47 0.3880208333333333 0.6675925925925926 0.0734375 0.14629629629629629
41 0.24375 0.19537037037037036 0.08020833333333334 0.15925925925925927
