45 0.17395833333333333 0.4648148148148148 0.07447916666666667 0.14814814814814814
19 0.5114583333333333 0.4777777777777778 0.06302083333333333 0.125
27 0.019791666666666666 0.5046296296296297 0.07708333333333334 0.1527777777777778
38 0.834375 0.9694444444444444 0.010416666666666666 0.021296296296296296
32 0.0171875 0.7324074074074074 0.0578125 0.11481481481481481
11 0.6479166666666667 0.674074074074074 0.04479166666666667 0.08981481481481482
58 0.016666666666666666 0.05462962962962963 0.0078125 0.016666666666666666
6 0.9020833333333333 0.562962962962963 0.016145833333333335 0.032407407407407406
14 0.6572916666666667 0.2462962962962963 0.08177083333333333 0.16296296296296298
62 0.8125 9.259259259259259e-10 0.08802083333333334 0.06481481388888889
3 0.6510416666666666 9.259259259259259e-10 0.06458333333333334 0.11111111018518519
33 0.5286458333333334 0.04537037037037037 0.0421875 0.08425925925925926
60 0.7380208333333333 0.262037037037037 0.04635416666666667 0.09259259259259259
60 0.26666666666666666 0.42962962962962964 0.010416666666666666 0.022222222222222223
58 0.04583333333333333 0.7379629629629629 0.05260416666666667 0.10462962962962963
48 0.2604166666666667 0.20092592592592592 0.04739583333333333 0.09444444444444444
19 0.45364583333333336 0.16111111111111112 0.03697916666666667 0.07407407407407407
59 0.4552083333333333 0.3611111111111111 0.0109375 0.022222222222222223
61 0.7401041666666667 0.16018518518518518 0.016145833333333335 0.03333333333333333
15 0.35260416666666666 0.44166666666666665 0.0640625 0.12777777777777777
