45 0.6401041666666667 0.45740740740740743 0.0421875 0.08425925925925926
45 0.19010416666666666 0.7111111111111111 0.06770833333333333 0.13425925925925927
24 0.2 0.6111111111111112 0.04895833333333333 0.09722222222222222
22 0.3828125 0.6435185185185185 0.0625 0.125
55 0.9552083333333333 0.562037037037037 0.04479166666666667 0.17222222222222222
47 0.10208333333333333 0.7351851851851852 0.08072916666666667 0.16111111111111112
7 0.49895833333333334 0.8083333333333333 0.008854166666666666 0.018518518518518517
15 0.6041666666666666 0.36574074074074076 0.06770833333333333 0.13518518518518519
15 0.7552083333333334 0.5592592592592592 0.022395833333333334 0.04537037037037037
27 0.85625 0.8870370370370371 0.016145833333333335 0.03333333333333333
23 0.5140625 0.09166666666666666 0.078125 0.15555555555555556
43 0.24791666666666667 0.07777777777777778 0.04583333333333333 0.09166666666666666
28 0.5838541666666667 0.4425925925925926 0.05 0.1
41 0.6114583333333333 9.259259259259259e-10 0.06354166666666666 0.04907407314814815
2 0.3125 0.4759259259259259 0.04479166666666667 0.08981481481481482
63 0.19010416666666666 0.08611111111111111 0.0046875 0.011111111111111112
63 0.128125 9.259259259259259e-10 0.09166666666666666 0.01481481388888889
50 0.28854166666666664 0.26481481481481484 0.009375 0.020370370370370372
21 0.5171875 9.259259259259259e-10 0.03697916666666667 0.04537036944444445
54 0.7588541666666667 9.259259259259259e-10 0.04895833333333333 0.03333333240740741
