45 0.6864583333333333 0.7388888888888889 0.009375 0.019444444444444445
46 0.22239583333333332 0.1 0.058854166666666666 0.1175925925925926
19 0.9598958333333333 0.6953703703703704 0.04010416666666667 0.1814814814814815
27 0.9916666666666667 0.6064814814814815 0.008333333333333333 0.020370370370370372
44 0.8885416666666667 0.1425925925925926 0.034375 0.06944444444444445
27 0.4473958333333333 0.18518518518518517 0.05416666666666667 0.10740740740740741
24 0.5005208333333333 0.18703703703703703 0.06145833333333333 0.12222222222222222
63 0.9734375 0.825 0.0265625 0.11574074074074074
31 0.175 0.525 0.046875 0.09351851851851851
61 0.7109375 9.259259259259259e-10 0.022916666666666665 0.037037036111111116
29 0.5729166666666666 0.5370370370370371 0.00625 0.013888888888888888
49 0.2640625 0.17592592592592593 0.057291666666666664 0.11481481481481481
2 0.4161458333333333 0.24166666666666667 0.0875 0.17407407407407408
62 0.24375 0.4101851851851852 0.043229166666666666 0.08611111111111111
15 0.9421875 0.1787037037037037 0.04739583333333333 0.09537037037037037
3 0.8890625 0.10648148148148148 0.0828125 0.1638888888888889
6 0.8671875 0.6916666666666667 0.0421875 0.08425925925925926
58 0.08072916666666667 0.6212962962962963 0.0609375 0.12129629629629629
49 0.103125 0.3148148148148148 0.04583333333333333 0.09074074074074075
17 0.9791666666666666 0.5138888888888888 0.020833333333333332 0.09259259259259259
