45 0.19583333333333333 0.6935185185185185 0.022395833333333334 0.04537037037037037
57 0.6994791666666667 0.1259259259259259 0.051041666666666666 0.10185185185185185
60 0.26510416666666664 0.275 0.0125 0.025925925925925925
10 0.6713541666666667 0.6611111111111111 0.07604166666666666 0.15185185185185185
50 0.04583333333333333 0.04351851851851852 0.058333333333333334 0.11666666666666667
7 0.7177083333333333 0.4685185185185185 0.09270833333333334 0.18425925925925926
54 0.7546875 0.5370370370370371 0.026041666666666668 0.05277777777777778
43 0.4432291666666667 0.5814814814814815 0.05260416666666667 0.10555555555555556
51 0.13489583333333333 0.16111111111111112 0.009375 0.019444444444444445
39 0.9515625 0.1527777777777778 0.027604166666666666 0.05555555555555555
51 0.7260416666666667 0.5388888888888889 0.03125 0.06296296296296296
14 0.9489583333333333 0.43425925925925923 0.023958333333333335 0.04814814814814815
55 0.7557291666666667 0.6574074074074074 0.07239583333333334 0.14444444444444443
43 0.47239583333333335 0.24351851851851852 0.042708333333333334 0.08611111111111111
13 0.6130208333333333 0.5231481481481481 0.03854166666666667 0.07685185185185185
56 0.9432291666666667 0.25092592592592594 0.04791666666666667 0.09537037037037037
7 0.49635416666666665 0.7407407407407407 0.00625 0.013888888888888888
24 0.16875 0.8398148148148148 0.05416666666666667 0.10833333333333334
18 0.99375 0.5907407407407408 0.00625 0.13425925925925927
30 0.51875 0.05 0.021875 0.04351851851851852
