19 0.26927083333333335 0.35 0.058333333333333334 0.11666666666666667
61 0.06302083333333333 0.43796296296296294 0.071875 0.1425925925925926
29 0.2078125 0.3111111111111111 0.0515625 0.10277777777777777
34 0.7880208333333333 9.259259259259259e-10 0.065625 0.05740740648148148
63 0.5546875 0.24444444444444444 0.0828125 0.1648148148148148
30 0.8994791666666667 0.587037037037037 0.09114583333333333 0.1814814814814815
36 0.3703125 9.259259259259259e-10 0.07239583333333334 0.09999999907407407
43 0.9604166666666667 0.8768518518518519 0.026041666666666668 0.05185185185185185
22 0.043229166666666666 0.08888888888888889 0.03333333333333333 0.06666666666666667
22 0.40520833333333334 0.512962962962963 0.0796875 0.15833333333333333
23 0.23489583333333333 0.4703703703703704 0.0265625 0.053703703703703705
56 0.07291666666666667 0.5944444444444444 0.07604166666666666 0.15092592592592594
12 0.9953125 0.7731481481481481 0.0046875 0.028703703703703703
44 0.703125 0.8240740740740741 0.0671875 0.13425925925925927
4 0.29635416666666664 9.259259259259259e-10 0.07552083333333333 0.13425925833333333
42 0.8203125 0.7953703703703704 0.015104166666666667 0.03148148148148148
62 0.12447916666666667 0.1287037037037037 0.024479166666666666 0.049074074074074076
29 0.15625 9.259259259259259e-10 0.029166666666666667 -9.259259259259259e-10
52 0.5223958333333333 9.259259259259259e-10 0.09114583333333333 0.06481481388888889
42 0.23229166666666667 0.825 0.005729166666666666 0.012037037037037037
