20 0.9973958333333334 0.5518518518518518 0.0026041666666666665 0.17314814814814813
6 0.778125 0.24814814814814815 0.0671875 0.13333333333333333
43 0.43385416666666665 0.4046296296296296 0.010416666666666666 0.021296296296296296
60 0.0953125 9.259259259259259e-10 0.059375 0.08055555462962963
38 0.4317708333333333 0.45740740740740743 0.08229166666666667 0.16296296296296298
11 0.5296875 9.259259259259259e-10 0.09270833333333334 0.1296296287037037
8 0.44635416666666666 0.24537037037037038 0.0375 0.075
10 0.36354166666666665 0.21388888888888888 0.03229166666666667 0.06388888888888888
62 0.4869791666666667 0.5611111111111111 0.058333333333333334 0.11574074074074074
34 0.041666666666666664 0.38055555555555554 0.0796875 0.15833333333333333
36 0.06354166666666666 9.259259259259259e-10 0.0671875 0.06759259166666667
42 0.465625 0.03888888888888889 0.021354166666666667 0.04259259259259259
9 0.6567708333333333 0.42777777777777776 0.0453125 0.08981481481481482
39 0.5833333333333334 0.8842592592592593 0.017708333333333333 0.03611111111111111
61 0.9864583333333333 0.04259259259259259 0.013541666666666667 0.125
30 0.940625 0.44166666666666665 0.025 0.05092592592592592
40 0.8666666666666667 0.6527777777777778 0.030729166666666665 0.06111111111111111
62 0.4354166666666667 0.42314814814814816 0.0890625 0.17685185185185184
15 0.4890625 0.08055555555555556 0.046875 0.09351851851851851
41 0.3229166666666667 0.2037037037037037 0.053125 0.10555555555555556
