46 0.36041666666666666 0.5555555555555556 0.075 0.14907407407407408
6 0.15416666666666667 0.6342592592592593 0.07291666666666667 0.14444444444444443
27 0.7760416666666666 0.45092592592592595 0.04583333333333333 0.09166666666666666
16 0.09583333333333334 0.1824074074074074 0.06197916666666667 0.12407407407407407
4 0.7463541666666667 0.7962962962962963 0.026041666666666668 0.05277777777777778
56 0.1921875 0.33611111111111114 0.07604166666666666 0.15092592592592594
44 0.34791666666666665 0.8722222222222222 0.009375 0.020370370370370372
6 0.7921875 0.2537037037037037 0.0265625 0.05277777777777778
21 0.453125 0.24814814814814815 0.046875 0.09351851851851851
56 0.23645833333333333 0.10277777777777777 0.050520833333333334 0.1
25 0.9229166666666667 0.6046296296296296 0.07083333333333333 0.14074074074074075
17 0.8375 0.7805555555555556 0.022916666666666665 0.046296296296296294
21 0.203125 0.44907407407407407 0.0265625 0.053703703703703705
55 0.0921875 0.1037037037037037 0.0484375 0.09722222222222222
16 0.6880208333333333 0.30833333333333335 0.019791666666666666 0.03981481481481482
49 0.8744791666666667 0.4962962962962963 0.08802083333333334 0.175
41 0.3338541666666667 0.0 0.09010416666666667 0.08518518518518518
21 0.5588541666666667 0.4064814814814815 0.0734375 0.14629629629629629
35 0.2359375 0.700925925925926 0.04739583333333333 0.09444444444444444
15 0.4203125 0.0 0.07604166666666666 0.06388888888888888
