46 0.915625 9.259259259259259e-10 0.058333333333333334 0.09907407314814815
9 0.69375 0.5537037037037037 0.00625 0.013888888888888888
16 0.7932291666666667 0.7481481481481481 0.08333333333333333 0.16574074074074074
43 0.7307291666666667 0.29814814814814816 0.071875 0.1425925925925926
13 0.22395833333333334 0.47685185185185186 0.008333333333333333 0.017592592592592594
30 0.5213541666666667 0.21944444444444444 0.0875 0.17314814814814813
35 0.09635416666666667 0.175 0.07447916666666667 0.14814814814814814
40 0.9520833333333333 0.31296296296296294 0.04791666666666667 0.10555555555555556
4 0.16041666666666668 0.600925925925926 0.09322916666666667 0.18518518518518517
51 0.9427083333333334 0.9629629629629629 0.013541666666666667 0.027777777777777776
18 0.8723958333333334 9.259259259259259e-10 0.024479166666666666 0.0027777768518518517
56 0.45625 0.33796296296296297 0.0453125 0.08981481481481482
37 0.7770833333333333 0.39537037037037037 0.029166666666666667 0.058333333333333334
25 0.7973958333333333 0.6074074074074074 0.07916666666666666 0.1574074074074074
48 0.6078125 0.8694444444444445 0.03333333333333333 0.06666666666666667
10 0.5395833333333333 0.31666666666666665 0.07604166666666666 0.15092592592592594
61 0.41822916666666665 0.6240740740740741 0.06354166666666666 0.12685185185185185
50 0.38958333333333334 0.5046296296296297 0.033854166666666664 0.06759259259259259
50 0.8729166666666667 0.17222222222222222 0.025520833333333333 0.05185185185185185
13 0.6104166666666667 0.7861111111111111 0.059375 0.1175925925925926
