46 0.8744791666666667 0.03888888888888889 0.08645833333333333 0.17222222222222222
14 0.15 0.06481481481481481 0.0765625 0.1527777777777778
21 0.6223958333333334 0.5712962962962963 0.020833333333333332 0.041666666666666664
42 0.37552083333333336 0.0824074074074074 0.014583333333333334 0.030555555555555555
33 0.9755208333333333 9.259259259259259e-10 0.024479166666666666 0.12685185092592594
61 0.5880208333333333 0.4638888888888889 0.0067708333333333336 0.014814814814814815
49 0.9651041666666667 0.8305555555555556 0.034895833333333334 0.10740740740740741
7 0.021875 0.08611111111111111 0.05625 0.11203703703703703
52 0.03958333333333333 0.5166666666666667 0.07708333333333334 0.1527777777777778
3 0.06666666666666667 0.02962962962962963 0.021354166666666667 0.04259259259259259
22 0.017708333333333333 0.24537037037037038 0.019270833333333334 0.03888888888888889
41 0.5557291666666667 0.2490740740740741 0.03177083333333333 0.06388888888888888
18 0.034375 0.1361111111111111 0.059895833333333336 0.11944444444444445
36 0.6609375 0.45185185185185184 0.08854166666666667 0.17592592592592593
49 0.8854166666666666 0.6148148148148148 0.030208333333333334 0.06018518518518518
50 0.24270833333333333 0.12407407407407407 0.015625 0.03148148148148148
2 0.7578125 0.38981481481481484 0.043229166666666666 0.08611111111111111
15 0.06458333333333334 9.259259259259259e-10 0.0296875 0.04907407314814815
49 0.6421875 0.4009259259259259 0.00625 0.013888888888888888
50 0.8744791666666667 0.8379629629629629 0.036458333333333336 0.07314814814814814
