20 0.846875 0.5287037037037037 0.06354166666666666 0.1259259259259259
17 0.5109375 0.02962962962962963 0.084375 0.1675925925925926
10 0.0640625 0.6685185185185185 0.090625 0.18055555555555555
9 0.3020833333333333 0.26666666666666666 0.0859375 0.17037037037037037
60 0.0734375 0.5814814814814815 0.07239583333333334 0.14351851851851852
55 0.35833333333333334 0.33425925925925926 0.03958333333333333 0.0787037037037037
15 0.1390625 0.7768518518518519 0.06770833333333333 0.13425925925925927
19 0.4557291666666667 0.10462962962962963 0.04114583333333333 0.0824074074074074
59 0.9546875 0.5046296296296297 0.0125 0.025925925925925925
8 0.3953125 0.37777777777777777 0.0078125 0.016666666666666666
45 0.4114583333333333 9.259259259259259e-10 0.0828125 0.017592591666666664
14 0.31302083333333336 0.862037037037037 0.057291666666666664 0.11388888888888889
52 0.6348958333333333 0.4888888888888889 0.051041666666666666 0.10185185185185185
58 0.14791666666666667 0.774074074074074 0.07604166666666666 0.15092592592592594
20 0.5760416666666667 0.10648148148148148 0.0453125 0.09074074074074075
61 0.9307291666666667 0.05 0.028125 0.05648148148148148
11 0.15572916666666667 0.8453703703703703 0.05677083333333333 0.11388888888888889
51 0.7765625 0.8787037037037037 0.008854166666666666 0.018518518518518517
48 0.90625 0.6925925925925925 0.08125 0.16111111111111112
24 0.37395833333333334 0.525 0.04010416666666667 0.07962962962962963
