46 0.7942708333333334 0.28055555555555556 0.06927083333333334 0.13796296296296295
45 0.17864583333333334 0.47962962962962963 0.059895833333333336 0.11851851851851852
50 0.546875 0.7916666666666666 0.09322916666666667 0.18518518518518517
49 0.7338541666666667 9.259259259259259e-10 0.08697916666666666 0.13518518425925927
31 0.7359375 9.259259259259259e-10 0.07864583333333333 0.1296296287037037
16 0.3302083333333333 0.4027777777777778 0.07083333333333333 0.14074074074074075
63 0.3484375 0.8527777777777777 0.07083333333333333 0.14074074074074075
57 0.34375 0.19166666666666668 0.034375 0.06944444444444445
17 0.6989583333333333 0.6064814814814815 0.06666666666666667 0.13333333333333333
5 0.9260416666666667 0.7074074074074074 0.020833333333333332 0.041666666666666664
30 0.8838541666666667 0.29074074074074074 0.011979166666666667 0.025
41 0.6994791666666667 0.049074074074074076 0.06875 0.13703703703703704
10 0.996875 0.29814814814814816 0.003125 0.10925925925925926
55 0.7572916666666667 0.5481481481481482 0.05416666666666667 0.10833333333333334
19 0.521875 0.27037037037037037 0.058333333333333334 0.11666666666666667
28 0.9567708333333333 0.3972222222222222 0.023958333333333335 0.04814814814814815
48 0.5463541666666667 0.7731481481481481 0.023958333333333335 0.04814814814814815
58 0.23177083333333334 0.6287037037037037 0.015104166666666667 0.03148148148148148
16 0.7583333333333333 0.7777777777777778 0.0171875 0.03518518518518519
7 0.31302083333333336 0.5444444444444444 0.08333333333333333 0.16574074074074074
