20 0.00625 0.23981481481481481 0.011979166666666667 0.024074074074074074
52 0.1953125 0.24444444444444444 0.03697916666666667 0.07407407407407407
50 0.06354166666666666 9.259259259259259e-10 0.08072916666666667 0.08425925833333334
35 0.8197916666666667 0.13333333333333333 0.022916666666666665 0.046296296296296294
35 0.959375 0.030555555555555555 0.016666666666666666 0.03333333333333333
60 0.0036458333333333334 0.3731481481481482 0.0921875 0.1824074074074074
17 0.5510416666666667 0.43148148148148147 0.021875 0.044444444444444446
41 0.25364583333333335 0.25555555555555554 0.07864583333333333 0.15648148148148147
12 0.5807291666666666 0.08611111111111111 0.03229166666666667 0.06388888888888888
7 0.1859375 0.33055555555555555 0.010416666666666666 0.021296296296296296
45 0.9489583333333333 0.6092592592592593 0.0484375 0.09722222222222222
36 0.7291666666666666 9.259259259259259e-10 0.07708333333333334 0.009259258333333334
15 0.55 0.5842592592592593 0.06041666666666667 0.12037037037037036
42 0.19375 0.6157407407407407 0.058854166666666666 0.11666666666666667
52 0.22291666666666668 0.7583333333333333 0.0375 0.075
23 0.3375 0.2935185185185185 0.0171875 0.03425925925925926
42 0.5979166666666667 0.8398148148148148 0.028125 0.05648148148148148
22 0.3651041666666667 9.259259259259259e-10 0.08802083333333334 0.16944444351851853
18 0.096875 0.4824074074074074 0.0890625 0.17777777777777778
57 0.44635416666666666 0.8740740740740741 0.05572916666666667 0.1111111111111111
