47 0.8697916666666666 0.39537037037037037 0.013020833333333334 0.025925925925925925
3 0.04010416666666667 0.6824074074074075 0.058854166666666666 0.11666666666666667
12 0.27708333333333335 0.36574074074074076 0.084375 0.1675925925925926
29 0.4510416666666667 0.5833333333333334 0.0828125 0.1648148148148148
19 0.22239583333333332 9.259259259259259e-10 0.0671875 0.0074074064814814815
36 0.7375 0.7314814814814815 0.05364583333333333 0.10648148148148148
45 0.828125 9.259259259259259e-10 0.059895833333333336 0.020370369444444442
60 0.8869791666666667 0.337037037037037 0.08229166666666667 0.16296296296296298
5 0.5302083333333333 0.9203703703703704 0.0046875 0.010185185185185186
55 0.35989583333333336 0.6787037037037037 0.043229166666666666 0.08611111111111111
52 0.46875 0.775 0.090625 0.18055555555555555
38 0.6807291666666667 0.7722222222222223 0.03177083333333333 0.06388888888888888
20 0.6604166666666667 0.023148148148148147 0.08177083333333333 0.16296296296296298
24 0.7729166666666667 0.5203703703703704 0.0609375 0.12129629629629629
10 0.2046875 0.23981481481481481 0.05572916666666667 0.1111111111111111
37 0.946875 0.1787037037037037 0.053125 0.1425925925925926
28 0.45729166666666665 0.044444444444444446 0.040625 0.08148148148148149
9 0.5526041666666667 0.3388888888888889 0.07708333333333334 0.1537037037037037
38 0.6416666666666667 0.6277777777777778 0.09010416666666667 0.1787037037037037
18 0.6796875 9.259259259259259e-10 0.017708333333333333 0.0027777768518518517
