21 0.515625 0.5120370370370371 0.0125 0.025925925925925925
19 0.08697916666666666 0.05092592592592592 0.009375 0.019444444444444445
4 0.5453125 0.8009259259259259 0.06145833333333333 0.12222222222222222
32 0.0421875 0.4722222222222222 0.0125 0.025
16 0.4432291666666667 0.825925925925926 0.05520833333333333 0.11018518518518519
37 0.5447916666666667 0.46574074074074073 0.034895833333333334 0.07037037037037037
63 0.31666666666666665 0.8472222222222222 0.010416666666666666 0.021296296296296296
24 0.18125 0.6351851851851852 0.06979166666666667 0.1388888888888889
27 0.15885416666666666 0.7222222222222222 0.07916666666666666 0.1574074074074074
55 0.3109375 0.5 0.017708333333333333 0.03611111111111111
5 0.628125 0.47314814814814815 0.013541666666666667 0.027777777777777776
63 0.8421875 0.21203703703703702 0.065625 0.13055555555555556
53 0.9625 0.15185185185185185 0.0375 0.09814814814814815
15 0.9588541666666667 0.08148148148148149 0.04114583333333333 0.11388888888888889
23 0.21875 0.08055555555555556 0.0359375 0.07222222222222222
58 0.5614583333333333 0.549074074074074 0.07708333333333334 0.1537037037037037
40 0.69375 0.6925925925925925 0.03802083333333333 0.07592592592592592
62 0.09583333333333334 0.562037037037037 0.07291666666666667 0.14537037037037037
7 0.6328125 0.21481481481481482 0.035416666666666666 0.0712962962962963
46 0.9625 0.4583333333333333 0.0375 0.1574074074074074
