21 0.665625 0.5879629629629629 0.034375 0.06851851851851852
23 0.35520833333333335 0.44907407407407407 0.09114583333333333 0.18055555555555555
31 0.8916666666666667 0.3925925925925926 0.021875 0.044444444444444446
26 0.9197916666666667 0.5842592592592593 0.06614583333333333 0.13148148148148148
40 0.8296875 0.32407407407407407 0.0765625 0.1527777777777778
55 0.7140625 9.259259259259259e-10 0.044270833333333336 0.03148148055555556
55 0.7109375 0.5787037037037037 0.06041666666666667 0.12037037037037036
56 0.19322916666666667 9.259259259259259e-10 0.059375 0.03518518425925926
28 0.3223958333333333 0.7138888888888889 0.08072916666666667 0.16111111111111112
49 0.04791666666666667 0.19907407407407407 0.015104166666666667 0.030555555555555555
54 0.6723958333333333 9.259259259259259e-10 0.052083333333333336 0.004629628703703703
10 0.39427083333333335 0.5425925925925926 0.034895833333333334 0.07037037037037037
39 0.20625 0.33425925925925926 0.07760416666666667 0.1537037037037037
22 0.18333333333333332 0.5842592592592593 0.025 0.05
21 0.26510416666666664 0.4546296296296296 0.06927083333333334 0.13796296296296295
36 0.40572916666666664 0.03333333333333333 0.024479166666666666 0.049074074074074076
34 0.4354166666666667 0.6046296296296296 0.025520833333333333 0.05185185185185185
36 0.5458333333333333 0.3333333333333333 0.07760416666666667 0.15462962962962962
4 0.10520833333333333 0.7379629629629629 0.030729166666666665 0.062037037037037036
27 0.9557291666666666 0.7527777777777778 0.044270833333333336 0.12222222222222222
