47 0.3776041666666667 0.03518518518518519 0.009375 0.019444444444444445
26 0.1046875 0.6333333333333333 0.059375 0.11851851851851852
16 0.6015625 0.2564814814814815 0.03333333333333333 0.06666666666666667
16 0.3234375 0.5064814814814815 0.08385416666666666 0.16666666666666666
4 0.7744791666666667 0.7212962962962963 0.009895833333333333 0.020370370370370372
32 0.8739583333333333 0.612037037037037 0.046875 0.09351851851851851
39 0.7536458333333333 0.45 0.05 0.1
8 0.25729166666666664 0.6953703703703704 0.08854166666666667 0.17592592592592593
10 0.19479166666666667 0.5268518518518519 0.022395833333333334 0.04537037037037037
46 0.22291666666666668 0.6666666666666666 0.0703125 0.1398148148148148
51 0.5864583333333333 0.4398148148148148 0.06875 0.13703703703703704
14 0.9645833333333333 0.6972222222222222 0.034895833333333334 0.07037037037037037
27 0.17447916666666666 0.9194444444444444 0.011458333333333333 0.023148148148148147
48 0.6015625 0.1574074074074074 0.019791666666666666 0.040740740740740744
25 0.041666666666666664 0.0824074074074074 0.03697916666666667 0.07407407407407407
15 0.7354166666666667 0.4981481481481482 0.08541666666666667 0.17037037037037037
63 0.06197916666666667 0.7222222222222222 0.06510416666666667 0.12962962962962962
57 0.1375 0.9416666666666667 0.0109375 0.022222222222222223
60 0.071875 0.6592592592592592 0.09322916666666667 0.18425925925925926
47 0.0234375 0.562962962962963 0.023958333333333335 0.04814814814814815
