47 0.465625 0.05462962962962963 0.014583333333333334 0.02962962962962963
53 0.13125 0.12037037037037036 0.057291666666666664 0.11388888888888889
44 0.146875 0.44722222222222224 0.07447916666666667 0.14814814814814814
44 0.8708333333333333 0.3212962962962963 0.07135416666666666 0.1425925925925926
44 0.033854166666666664 0.19537037037037036 0.0125 0.025925925925925925
31 0.0546875 9.259259259259259e-10 0.08385416666666666 0.07314814722222222
19 0.49270833333333336 0.7972222222222223 0.034375 0.06944444444444445
60 0.221875 0.7 0.030208333333333334 0.06018518518518518
34 0.146875 0.30092592592592593 0.0703125 0.1398148148148148
53 0.5260416666666666 0.05462962962962963 0.044270833333333336 0.08796296296296297
47 0.022395833333333334 0.3648148148148148 0.090625 0.17962962962962964
31 0.8552083333333333 0.3925925925925926 0.05625 0.11296296296296296
43 0.019270833333333334 0.9212962962962963 0.013541666666666667 0.027777777777777776
55 0.14791666666666667 0.14074074074074075 0.027083333333333334 0.05462962962962963
58 0.9911458333333333 0.16944444444444445 0.008854166666666666 0.07037037037037037
28 0.46875 9.259259259259259e-10 0.07552083333333333 0.14629629537037037
20 0.03333333333333333 0.3212962962962963 0.07239583333333334 0.14351851851851852
46 0.7375 0.31203703703703706 0.034895833333333334 0.06944444444444445
14 0.7010416666666667 9.259259259259259e-10 0.08645833333333333 0.0472222212962963
17 0.43697916666666664 0.8694444444444445 0.04114583333333333 0.08148148148148149
