21 0.85 0.4685185185185185 0.06770833333333333 0.13518518518518519
31 0.4703125 0.09259259259259259 0.0515625 0.10277777777777777
43 0.035416666666666666 0.09537037037037037 0.07708333333333334 0.1537037037037037
56 0.8875 9.259259259259259e-10 0.07135416666666666 0.0027777768518518517
31 0.3828125 0.5472222222222223 0.08385416666666666 0.16666666666666666
60 0.3729166666666667 0.23796296296296296 0.07604166666666666 0.15092592592592594
43 0.2453125 0.006481481481481481 0.053125 0.10648148148148148
47 0.6635416666666667 9.259259259259259e-10 0.06354166666666666 0.09629629537037038
61 0.246875 0.3574074074074074 0.051041666666666666 0.10185185185185185
26 0.10052083333333334 0.7759259259259259 0.040625 0.08055555555555556
7 0.4661458333333333 0.05185185185185185 0.08541666666666667 0.17037037037037037
36 0.6177083333333333 9.259259259259259e-10 0.08072916666666667 0.020370369444444442
37 0.027604166666666666 0.5944444444444444 0.0234375 0.04722222222222222
62 0.3984375 0.7138888888888889 0.04791666666666667 0.09537037037037037
41 0.36770833333333336 0.7814814814814814 0.08333333333333333 0.16574074074074074
52 0.8723958333333334 0.42685185185185187 0.015625 0.03148148148148148
60 0.8489583333333334 0.8768518518518519 0.0578125 0.11574074074074074
15 0.6385416666666667 9.259259259259259e-10 0.0921875 0.09999999907407407
34 0.4119791666666667 0.09259259259259259 0.0828125 0.1648148148148148
5 0.9713541666666666 0.7453703703703703 0.028645833333333332 0.10833333333333334
