47 0.4244791666666667 0.003703703703703704 0.08229166666666667 0.1638888888888889
59 0.43802083333333336 0.47314814814814815 0.0640625 0.12777777777777777
42 0.003125 0.85 0.022916666666666665 0.046296296296296294
48 0.15833333333333333 0.2759259259259259 0.027604166666666666 0.05555555555555555
35 0.19375 0.34074074074074073 0.08020833333333334 0.15925925925925927
42 0.684375 0.4203703703703704 0.0921875 0.18333333333333332
2 0.27447916666666666 0.7694444444444445 0.07239583333333334 0.14351851851851852
51 0.9598958333333333 0.006481481481481481 0.04010416666666667 0.15
36 0.28020833333333334 0.3574074074074074 0.09270833333333334 0.18425925925925926
14 0.55 0.0787037037037037 0.08489583333333334 0.16944444444444445
41 0.275 0.40185185185185185 0.024479166666666666 0.049074074074074076
7 0.24583333333333332 0.9833333333333333 0.0046875 0.010185185185185186
46 0.31302083333333336 0.7129629629629629 0.036458333333333336 0.07314814814814814
44 0.07239583333333334 0.07592592592592592 0.0109375 0.022222222222222223
49 0.6729166666666667 0.7555555555555555 0.029166666666666667 0.058333333333333334
54 0.21197916666666666 0.7777777777777778 0.015625 0.03148148148148148
37 0.6854166666666667 0.36018518518518516 0.078125 0.15462962962962962
17 0.7723958333333333 0.4888888888888889 0.011458333333333333 0.024074074074074074
10 0.6369791666666667 9.259259259259259e-10 0.0765625 0.07685185092592593
63 0.5958333333333333 0.6416666666666667 0.08958333333333333 0.17777777777777778
