21 0.34791666666666665 0.6342592592592593 0.0515625 0.10277777777777777
62 0.016666666666666666 0.2537037037037037 0.03333333333333333 0.06666666666666667
49 0.0765625 0.8657407407407407 0.04010416666666667 0.08055555555555556
51 0.8052083333333333 0.30462962962962964 0.036458333333333336 0.07314814814814814
58 0.9552083333333333 0.5018518518518519 0.04479166666666667 0.12037037037037036
25 0.6604166666666667 0.5212962962962963 0.0890625 0.17685185185185184
56 0.19895833333333332 0.6851851851851852 0.078125 0.15462962962962962
28 0.5604166666666667 0.3648148148148148 0.022395833333333334 0.04537037037037037
13 0.4125 0.7351851851851852 0.005208333333333333 0.011111111111111112
19 0.3848958333333333 0.5611111111111111 0.020833333333333332 0.04259259259259259
35 0.6270833333333333 0.6564814814814814 0.05572916666666667 0.1111111111111111
16 0.08125 9.259259259259259e-10 0.07916666666666666 0.11388888796296297
27 0.024479166666666666 0.41203703703703703 0.043229166666666666 0.08611111111111111
33 0.8885416666666667 0.38333333333333336 0.07708333333333334 0.1537037037037037
11 0.8463541666666666 0.75 0.05520833333333333 0.11018518518518519
49 0.6119791666666666 0.3648148148148148 0.050520833333333334 0.1
51 0.17395833333333333 0.5537037037037037 0.0796875 0.15833333333333333
20 0.34322916666666664 0.5333333333333333 0.03802083333333333 0.07592592592592592
61 0.7208333333333333 0.7861111111111111 0.017708333333333333 0.03611111111111111
34 0.2984375 9.259259259259259e-10 0.08125 0.0722222212962963
