48 0.5421875 0.1037037037037037 0.08645833333333333 0.1712962962962963
42 0.028125 0.5027777777777778 0.017708333333333333 0.03518518518518519
54 0.0921875 9.259259259259259e-10 0.0484375 0.046296295370370374
12 0.2328125 9.259259259259259e-10 0.0609375 0.08703703611111112
20 0.0484375 9.259259259259259e-10 0.08229166666666667 0.03611111018518519
31 0.9171875 0.7166666666666667 0.08229166666666667 0.16296296296296298
13 0.446875 0.7787037037037037 0.06822916666666666 0.13518518518518519
24 0.06510416666666667 0.03796296296296296 0.021354166666666667 0.04351851851851852
29 0.19635416666666666 0.20925925925925926 0.0078125 0.01574074074074074
46 0.7182291666666667 0.0824074074074074 0.090625 0.18055555555555555
55 0.3125 0.562037037037037 0.0171875 0.03425925925925926
6 0.175 0.7685185185185185 0.09114583333333333 0.1814814814814815
6 0.7911458333333333 0.6046296296296296 0.016145833333333335 0.03333333333333333
21 0.3536458333333333 0.8435185185185186 0.019791666666666666 0.040740740740740744
49 0.3671875 0.18611111111111112 0.034375 0.06944444444444445
23 0.5453125 9.259259259259259e-10 0.08489583333333334 0.07407407314814815
59 0.7265625 0.06388888888888888 0.0671875 0.13333333333333333
30 0.29739583333333336 0.1175925925925926 0.049479166666666664 0.09907407407407408
20 0.4671875 0.47314814814814815 0.090625 0.17962962962962964
61 0.9291666666666667 0.8361111111111111 0.07083333333333333 0.15462962962962962
