22 0.6619791666666667 9.259259259259259e-10 0.0625 0.11388888796296297
50 0.3104166666666667 0.5527777777777778 0.08385416666666666 0.16666666666666666
18 0.7744791666666667 0.31203703703703706 0.049479166666666664 0.09907407407407408
28 0.8109375 9.259259259259259e-10 0.09114583333333333 0.08240740648148148
35 0.6895833333333333 0.18425925925925926 0.075 0.14907407407407408
59 0.5041666666666667 0.30092592592592593 0.021875 0.044444444444444446
21 0.2947916666666667 9.259259259259259e-10 0.09166666666666666 0.09259259166666667
5 0.30364583333333334 0.44074074074074077 0.04895833333333333 0.09814814814814815
32 0.05260416666666667 0.8657407407407407 0.0067708333333333336 0.014814814814814815
44 0.6244791666666667 0.23333333333333334 0.015625 0.032407407407407406
32 0.16875 9.259259259259259e-10 0.08541666666666667 0.12777777685185185
20 0.5380208333333333 0.8018518518518518 0.0796875 0.15833333333333333
53 0.0265625 9.259259259259259e-10 0.06614583333333333 0.012962962037037038
18 0.4557291666666667 9.259259259259259e-10 0.0796875 0.1287037027777778
58 0.6322916666666667 0.49074074074074076 0.03177083333333333 0.06388888888888888
13 0.45260416666666664 0.46574074074074073 0.0921875 0.1824074074074074
29 0.11822916666666666 0.175 0.0421875 0.08425925925925926
41 0.54375 0.04814814814814815 0.0765625 0.15185185185185185
4 0.1734375 0.18055555555555555 0.08125 0.16111111111111112
40 0.9177083333333333 0.6851851851851852 0.044270833333333336 0.08796296296296297
