48 0.44166666666666665 0.4787037037037037 0.0703125 0.1398148148148148
51 0.0328125 0.18425925925925926 0.01875 0.03796296296296296
54 0.27760416666666665 0.525 0.05677083333333333 0.11296296296296296
51 0.47760416666666666 0.09722222222222222 0.007291666666666667 0.014814814814814815
46 0.6255208333333333 0.5972222222222222 0.0609375 0.12129629629629629
26 0.03125 0.03981481481481482 0.015104166666666667 0.030555555555555555
8 0.146875 0.2537037037037037 0.06979166666666667 0.13796296296296295
35 0.2984375 0.18888888888888888 0.04479166666666667 0.08888888888888889
28 0.09427083333333333 0.412962962962963 0.04791666666666667 0.0962962962962963
53 0.43333333333333335 9.259259259259259e-10 0.04583333333333333 0.011111110185185185
43 0.24583333333333332 0.5268518518518519 0.011979166666666667 0.024074074074074074
51 0.8348958333333333 0.2935185185185185 0.025520833333333333 0.05185185185185185
41 0.38697916666666665 0.8870370370370371 0.04010416666666667 0.08055555555555556
4 0.7713541666666667 9.259259259259259e-10 0.0453125 0.011111110185185185
11 0.14635416666666667 0.899074074074074 0.03854166666666667 0.07777777777777778
57 0.7744791666666667 0.5722222222222222 0.0609375 0.12129629629629629
31 0.6760416666666667 0.5462962962962963 0.07760416666666667 0.15462962962962962
24 0.9244791666666666 0.6027777777777777 0.027604166666666666 0.05555555555555555
17 0.6078125 0.46111111111111114 0.06875 0.13703703703703704
2 0.5619791666666667 0.2833333333333333 0.075 0.14907407407407408
