22 0.4453125 0.002777777777777778 0.06614583333333333 0.13148148148148148
51 0.915625 0.6768518518518518 0.005729166666666666 0.012037037037037037
27 0.4817708333333333 0.40185185185185185 0.027083333333333334 0.05462962962962963
7 0.36666666666666664 0.8842592592592593 0.009375 0.019444444444444445
35 0.83125 0.15833333333333333 0.0765625 0.15185185185185185
56 0.2984375 0.3648148148148148 0.06927083333333334 0.13796296296296295
15 0.8932291666666666 0.8361111111111111 0.03697916666666667 0.07407407407407407
53 0.89375 0.8518518518518519 0.0125 0.025925925925925925
50 0.6588541666666666 0.8148148148148148 0.09010416666666667 0.1787037037037037
49 0.046875 0.9574074074074074 0.00625 0.013888888888888888
31 0.19427083333333334 0.12129629629629629 0.050520833333333334 0.10092592592592593
43 0.13697916666666668 0.11388888888888889 0.014583333333333334 0.02962962962962963
39 0.8041666666666667 0.19537037037037036 0.033854166666666664 0.06759259259259259
32 0.0010416666666666667 9.259259259259259e-10 0.03229166666666667 0.04999999907407408
2 0.2578125 0.22870370370370371 0.04895833333333333 0.09814814814814815
49 0.3098958333333333 0.21574074074074073 0.021875 0.04351851851851852
32 0.6390625 0.5148148148148148 0.03697916666666667 0.07407407407407407
15 0.7604166666666666 0.4222222222222222 0.06822916666666666 0.13518518518518519
40 0.4739583333333333 0.287962962962963 0.0421875 0.08518518518518518
38 0.16145833333333334 9.259259259259259e-10 0.07395833333333333 0.09629629537037038
