22 0.6911458333333333 9.259259259259259e-10 0.07447916666666667 0.09629629537037038
27 0.6364583333333333 0.4981481481481482 0.030729166666666665 0.062037037037037036
50 0.13072916666666667 0.18703703703703703 0.04010416666666667 0.07962962962962963
51 0.146875 0.3148148148148148 0.08177083333333333 0.16296296296296298
34 0.5229166666666667 0.36666666666666664 0.021354166666666667 0.04259259259259259
37 0.625 0.2537037037037037 0.0890625 0.17685185185185184
46 0.1796875 0.16203703703703703 0.0609375 0.12129629629629629
13 0.38229166666666664 0.28425925925925927 0.030729166666666665 0.062037037037037036
12 0.14010416666666667 0.8425925925925926 0.0234375 0.04814814814814815
42 0.11458333333333333 0.36666666666666664 0.005208333333333333 0.011111111111111112
14 0.340625 0.29444444444444445 0.078125 0.15555555555555556
33 0.4828125 0.6620370370370371 0.019270833333333334 0.03888888888888889
12 0.12916666666666668 0.8037037037037037 0.0328125 0.06574074074074074
7 0.033854166666666664 0.42962962962962964 0.028125 0.05648148148148148
15 0.4479166666666667 0.2722222222222222 0.030729166666666665 0.06111111111111111
9 0.5270833333333333 9.259259259259259e-10 0.08177083333333333 0.02129629537037037
45 0.11145833333333334 0.39444444444444443 0.034375 0.06944444444444445
35 0.5265625 0.5962962962962963 0.08958333333333333 0.1787037037037037
61 0.93125 0.5796296296296296 0.0140625 0.02962962962962963
43 0.3421875 0.33796296296296297 0.06458333333333334 0.12777777777777777
