22 0.9578125 0.8722222222222222 0.0421875 0.09537037037037037
53 0.8473958333333333 9.259259259259259e-10 0.06770833333333333 0.037962962037037036
31 0.16927083333333334 0.26296296296296295 0.0171875 0.03425925925925926
45 0.08802083333333334 0.7703703703703704 0.08020833333333334 0.15925925925925927
40 0.065625 0.22592592592592592 0.059375 0.11851851851851852
52 0.0171875 0.6185185185185185 0.052083333333333336 0.1037037037037037
61 0.26666666666666666 0.6175925925925926 0.0796875 0.15833333333333333
51 0.5296875 0.3425925925925926 0.08177083333333333 0.16203703703703703
45 0.011458333333333333 9.259259259259259e-10 0.0796875 0.14166666574074074
31 0.3807291666666667 0.39351851851851855 0.05260416666666667 0.10555555555555556
9 0.04635416666666667 0.8277777777777777 0.0609375 0.12129629629629629
40 0.6401041666666667 0.5 0.07552083333333333 0.15
19 0.9786458333333333 0.06111111111111111 0.021354166666666667 0.11388888888888889
57 0.11770833333333333 9.259259259259259e-10 0.030208333333333334 0.037962962037037036
54 0.271875 0.4685185185185185 0.07760416666666667 0.1537037037037037
45 0.7958333333333333 0.6370370370370371 0.06822916666666666 0.1361111111111111
62 0.9661458333333334 9.259259259259259e-10 0.033854166666666664 0.09907407314814815
9 0.4390625 0.04351851851851852 0.0328125 0.06574074074074074
38 0.8989583333333333 9.259259259259259e-10 0.041666666666666664 0.037962962037037036
10 0.5375 0.1175925925925926 0.09114583333333333 0.1814814814814815
