22 0.5796875 0.28888888888888886 0.0171875 0.03425925925925926
32 0.4953125 0.7777777777777778 0.06614583333333333 0.13148148148148148
46 0.5130208333333334 0.2953703703703704 0.025520833333333333 0.05092592592592592
25 0.925 0.3101851851851852 0.06666666666666667 0.13240740740740742
44 0.60625 0.4444444444444444 0.07395833333333333 0.14629629629629629
63 0.17552083333333332 0.7694444444444445 0.06875 0.13703703703703704
32 0.8421875 0.5166666666666667 0.0578125 0.11481481481481481
15 0.05 0.5333333333333333 0.04791666666666667 0.09537037037037037
55 0.6244791666666667 0.9527777777777777 0.011458333333333333 0.024074074074074074
34 0.9104166666666667 0.16018518518518518 0.0203125 0.041666666666666664
12 0.28802083333333334 0.33611111111111114 0.051041666666666666 0.10185185185185185
30 0.1046875 0.17222222222222222 0.019270833333333334 0.03981481481481482
42 0.2838541666666667 0.28055555555555556 0.05416666666666667 0.10833333333333334
38 0.0026041666666666665 0.687037037037037 0.04010416666666667 0.08055555555555556
22 0.020833333333333332 0.8416666666666667 0.05520833333333333 0.11018518518518519
53 0.8395833333333333 0.8018518518518518 0.0484375 0.09722222222222222
42 0.2125 0.14537037037037037 0.009375 0.019444444444444445
46 0.9494791666666667 0.9046296296296297 0.03802083333333333 0.07592592592592592
3 0.48020833333333335 0.7907407407407407 0.018229166666666668 0.037037037037037035
32 0.9526041666666667 0.6138888888888889 0.04739583333333333 0.10555555555555556
