48 0.15104166666666666 0.6685185185185185 0.04739583333333333 0.09444444444444444
37 0.10677083333333333 0.08981481481481482 0.030208333333333334 0.06018518518518518
21 0.3140625 0.4925925925925926 0.011979166666666667 0.024074074074074074
63 0.3026041666666667 0.41203703703703703 0.0625 0.125
25 0.08802083333333334 0.10277777777777777 0.08333333333333333 0.16574074074074074
8 0.8390625 0.5287037037037037 0.06614583333333333 0.13148148148148148
38 0.13125 9.259259259259259e-10 0.08645833333333333 0.06944444351851851
60 0.51875 0.7361111111111112 0.058854166666666666 0.1175925925925926
17 0.7515625 0.4638888888888889 0.065625 0.13055555555555556
34 0.32135416666666666 0.8944444444444445 0.016666666666666666 0.03333333333333333
53 0.021354166666666667 0.487962962962963 0.090625 0.17962962962962964
2 0.005729166666666666 0.6722222222222223 0.03697916666666667 0.07407407407407407
10 0.0375 0.38333333333333336 0.08958333333333333 0.17777777777777778
9 0.0890625 0.6916666666666667 0.08802083333333334 0.17407407407407408
20 0.2828125 0.6675925925925926 0.036458333333333336 0.07222222222222222
58 0.9734375 0.8 0.0265625 0.1574074074074074
13 0.5817708333333333 0.39444444444444443 0.04114583333333333 0.0824074074074074
27 0.8817708333333333 9.259259259259259e-10 0.028125 0.03611111018518519
2 0.7244791666666667 0.4925925925925926 0.034375 0.06851851851851852
30 0.2109375 0.13518518518518519 0.057291666666666664 0.11388888888888889
