23 0.33541666666666664 0.3972222222222222 0.036458333333333336 0.07222222222222222
39 0.008854166666666666 0.287962962962963 0.04010416666666667 0.08055555555555556
40 0.20625 0.7685185185185185 0.04895833333333333 0.09814814814814815
32 0.7255208333333333 0.5333333333333333 0.08125 0.16111111111111112
4 0.2921875 0.6472222222222223 0.07916666666666666 0.1574074074074074
32 0.9979166666666667 0.11851851851851852 0.0020833333333333333 0.011111111111111112
61 0.2989583333333333 0.20925925925925926 0.05260416666666667 0.10555555555555556
19 0.4010416666666667 0.23333333333333334 0.015625 0.03148148148148148
60 0.5890625 9.259259259259259e-10 0.09010416666666667 0.01851851759259259
11 0.1734375 0.30648148148148147 0.07552083333333333 0.15
19 0.15 0.40925925925925927 0.06979166666666667 0.1388888888888889
18 0.6057291666666667 0.774074074074074 0.021354166666666667 0.04351851851851852
6 0.15677083333333333 0.5314814814814814 0.059375 0.11851851851851852
5 0.053125 0.6342592592592593 0.0359375 0.07222222222222222
11 0.93125 0.2898148148148148 0.036458333333333336 0.07314814814814814
32 0.940625 0.43796296296296294 0.028645833333333332 0.05740740740740741
59 0.4192708333333333 0.7953703703703704 0.024479166666666666 0.049074074074074076
16 0.4484375 0.3111111111111111 0.033854166666666664 0.06851851851851852
57 0.8177083333333334 0.03425925925925926 0.04791666666666667 0.0962962962962963
8 0.5567708333333333 0.7018518518518518 0.06927083333333334 0.13796296296296295
