23 0.7760416666666666 0.3 0.06458333333333334 0.1287037037037037
14 0.7890625 0.7027777777777777 0.019270833333333334 0.03888888888888889
7 0.45989583333333334 0.3990740740740741 0.06979166666666667 0.13796296296296295
52 0.7307291666666667 0.8166666666666667 0.05520833333333333 0.11018518518518519
36 0.8484375 0.5574074074074075 0.06354166666666666 0.12685185185185185
33 0.9510416666666667 0.21481481481481482 0.0421875 0.08425925925925926
36 0.6890625 0.7842592592592592 0.022916666666666665 0.046296296296296294
44 0.3 0.30648148148148147 0.0734375 0.14537037037037037
28 0.2140625 0.2537037037037037 0.08802083333333334 0.17407407407407408
35 0.8140625 0.35462962962962963 0.07291666666666667 0.14444444444444443
25 0.6614583333333334 0.7657407407407407 0.08854166666666667 0.17592592592592593
59 0.5317708333333333 0.6712962962962963 0.010416666666666666 0.021296296296296296
31 0.0875 0.5564814814814815 0.08958333333333333 0.17777777777777778
27 0.525 0.3574074074074074 0.021354166666666667 0.04259259259259259
44 0.3046875 0.7731481481481481 0.08385416666666666 0.16666666666666666
12 0.9307291666666667 0.5574074074074075 0.018229166666666668 0.037037037037037035
30 0.6520833333333333 0.7916666666666666 0.009895833333333333 0.020370370370370372
46 0.4864583333333333 0.45 0.0109375 0.022222222222222223
54 0.8390625 0.8175925925925925 0.05 0.1
50 0.45677083333333335 0.013888888888888888 0.06354166666666666 0.12685185185185185
