23 0.5541666666666667 0.3425925925925926 0.023958333333333335 0.049074074074074076
15 0.29010416666666666 0.40925925925925927 0.04583333333333333 0.09074074074074075
28 0.0890625 0.5638888888888889 0.06666666666666667 0.13240740740740742
62 0.5692708333333333 0.33055555555555555 0.03177083333333333 0.06388888888888888
37 0.3484375 0.4888888888888889 0.06145833333333333 0.12222222222222222
56 0.5026041666666666 0.06666666666666667 0.05677083333333333 0.11388888888888889
28 0.6145833333333334 0.8787037037037037 0.0109375 0.023148148148148147
2 0.11666666666666667 0.8592592592592593 0.010416666666666666 0.022222222222222223
54 0.8151041666666666 0.3277777777777778 0.052083333333333336 0.1037037037037037
20 0.896875 0.1787037037037037 0.0734375 0.14629629629629629
15 0.2640625 0.5296296296296297 0.08229166666666667 0.1638888888888889
6 0.6796875 0.7166666666666667 0.04895833333333333 0.09722222222222222
46 0.46927083333333336 0.6074074074074074 0.0125 0.025925925925925925
28 0.6395833333333333 0.05277777777777778 0.052083333333333336 0.1037037037037037
20 0.2625 0.6287037037037037 0.014583333333333334 0.02962962962962963
7 0.49635416666666665 0.17777777777777778 0.05 0.09907407407407408
36 0.8947916666666667 0.5990740740740741 0.05 0.1
3 0.9989583333333333 0.4305555555555556 0.0010416666666666667 0.028703703703703703
4 0.9552083333333333 0.9296296296296296 0.027083333333333334 0.05462962962962963
13 0.7984375 0.46296296296296297 0.03802083333333333 0.07592592592592592
