23 0.8828125 0.33611111111111114 0.03802083333333333 0.07685185185185185
49 0.9713541666666666 0.1388888888888889 0.008333333333333333 0.017592592592592594
49 0.3234375 0.5907407407407408 0.010416666666666666 0.021296296296296296
15 0.21354166666666666 0.26296296296296295 0.04895833333333333 0.09814814814814815
53 0.5776041666666667 0.011111111111111112 0.06302083333333333 0.1259259259259259
6 0.5864583333333333 0.837037037037037 0.03229166666666667 0.06481481481481481
3 0.4166666666666667 0.27870370370370373 0.06614583333333333 0.13148148148148148
6 0.49583333333333335 0.11481481481481481 0.08645833333333333 0.1712962962962963
24 0.9479166666666666 0.36203703703703705 0.042708333333333334 0.08518518518518518
27 0.6192708333333333 0.5333333333333333 0.075 0.14907407407407408
21 0.9385416666666667 0.3592592592592593 0.0125 0.025925925925925925
38 0.18645833333333334 0.7361111111111112 0.00625 0.013888888888888888
39 0.6322916666666667 0.1962962962962963 0.0078125 0.016666666666666666
29 0.6583333333333333 0.13796296296296295 0.08125 0.16111111111111112
41 0.9317708333333333 0.3925925925925926 0.0140625 0.028703703703703703
9 0.2171875 0.2537037037037037 0.03229166666666667 0.06481481481481481
36 0.09010416666666667 0.2064814814814815 0.0421875 0.08425925925925926
2 0.44375 0.37037037037037035 0.0609375 0.12129629629629629
31 0.9098958333333333 0.32685185185185184 0.03854166666666667 0.07685185185185185
47 0.8182291666666667 0.22962962962962963 0.026041666666666668 0.05185185185185185
