49 0.9875 0.5953703703703703 0.0125 0.1574074074074074
51 0.3963541666666667 0.15648148148148147 0.08125 0.16111111111111112
6 0.428125 0.3768518518518518 0.050520833333333334 0.10092592592592593
18 0.6447916666666667 0.612037037037037 0.06302083333333333 0.125
48 0.8458333333333333 0.5453703703703704 0.009375 0.019444444444444445
54 0.9109375 0.4925925925925926 0.08697916666666666 0.17222222222222222
22 0.8729166666666667 0.8740740740740741 0.0484375 0.0962962962962963
55 0.7796875 9.259259259259259e-10 0.08385416666666666 0.02129629537037037
29 0.0984375 0.2361111111111111 0.01875 0.03796296296296296
33 0.8239583333333333 0.8333333333333334 0.0609375 0.12129629629629629
33 0.834375 0.47685185185185186 0.0390625 0.07777777777777778
52 0.928125 0.5175925925925926 0.06770833333333333 0.13425925925925927
12 0.15364583333333334 0.43425925925925923 0.043229166666666666 0.08611111111111111
29 0.3484375 0.19537037037037036 0.015104166666666667 0.03148148148148148
58 0.11510416666666666 0.062037037037037036 0.009375 0.019444444444444445
32 0.42604166666666665 0.4787037037037037 0.00625 0.013888888888888888
41 0.33177083333333335 0.2722222222222222 0.06614583333333333 0.13148148148148148
33 0.13854166666666667 9.259259259259259e-10 0.024479166666666666 0.008333332407407409
32 0.7494791666666667 0.7101851851851851 0.090625 0.18055555555555555
58 0.75625 0.8222222222222222 0.0375 0.075
