24 0.5166666666666667 0.5092592592592593 0.0067708333333333336 0.014814814814814815
14 0.9755208333333333 0.027777777777777776 0.024479166666666666 0.08148148148148149
59 0.08645833333333333 9.259259259259259e-10 0.09270833333333334 0.03611111018518519
43 0.8015625 0.825 0.019791666666666666 0.03981481481481482
29 0.6255208333333333 0.31203703703703706 0.07916666666666666 0.1574074074074074
57 0.76875 0.7861111111111111 0.08333333333333333 0.16574074074074074
57 0.6286458333333333 0.6944444444444444 0.09010416666666667 0.17962962962962964
52 0.13958333333333334 0.8629629629629629 0.042708333333333334 0.08518518518518518
38 0.8682291666666667 0.12129629629629629 0.028125 0.05648148148148148
16 0.2713541666666667 0.07777777777777778 0.036458333333333336 0.07314814814814814
28 0.5854166666666667 0.062037037037037036 0.026041666666666668 0.05185185185185185
40 0.184375 0.5953703703703703 0.025520833333333333 0.05185185185185185
36 0.48541666666666666 0.6842592592592592 0.08489583333333334 0.1685185185185185
21 0.8114583333333333 0.6351851851851852 0.011979166666666667 0.024074074074074074
36 0.48541666666666666 0.5388888888888889 0.051041666666666666 0.10185185185185185
42 0.378125 0.4564814814814815 0.03802083333333333 0.07592592592592592
37 0.2838541666666667 0.1425925925925926 0.07760416666666667 0.15462962962962962
8 0.15104166666666666 0.7805555555555556 0.0859375 0.1712962962962963
48 0.2635416666666667 0.7824074074074074 0.009375 0.019444444444444445
49 0.8432291666666667 0.05 0.07135416666666666 0.14166666666666666
