50 0.190625 0.2518518518518518 0.05416666666666667 0.10833333333333334
40 0.3776041666666667 0.7833333333333333 0.0921875 0.18333333333333332
48 0.4947916666666667 9.259259259259259e-10 0.042708333333333334 0.08518518425925926
60 0.2875 0.3277777777777778 0.0875 0.17407407407407408
43 0.03333333333333333 9.259259259259259e-10 0.08958333333333333 0.05370370277777778
11 0.009375 9.259259259259259e-10 0.04583333333333333 0.017592591666666664
27 0.5265625 0.43148148148148147 0.058333333333333334 0.11666666666666667
63 0.878125 0.612037037037037 0.06458333333333334 0.1287037037037037
53 0.6166666666666667 0.1527777777777778 0.07708333333333334 0.1527777777777778
29 0.9114583333333334 0.4685185185185185 0.07916666666666666 0.1574074074074074
30 0.4171875 0.6861111111111111 0.08229166666666667 0.16296296296296298
61 0.23645833333333333 0.837037037037037 0.040625 0.08055555555555556
33 0.10989583333333333 0.7416666666666667 0.007291666666666667 0.014814814814814815
45 0.3328125 0.6842592592592592 0.0890625 0.17685185185185184
27 0.0125 0.8101851851851852 0.05520833333333333 0.11018518518518519
40 0.278125 9.259259259259259e-10 0.051041666666666666 0.07129629537037037
7 0.55625 0.2101851851851852 0.059375 0.11851851851851852
19 0.7104166666666667 0.3333333333333333 0.0203125 0.040740740740740744
38 0.7989583333333333 0.5407407407407407 0.08020833333333334 0.15925925925925927
47 0.3640625 9.259259259259259e-10 0.0453125 0.0074074064814814815
