50 0.7635416666666667 0.9055555555555556 0.00625 0.012962962962962963
42 0.34791666666666665 0.6768518518518518 0.07291666666666667 0.14444444444444443
51 0.49583333333333335 0.7083333333333334 0.057291666666666664 0.11388888888888889
31 0.9739583333333334 0.4064814814814815 0.026041666666666668 0.14722222222222223
13 0.6734375 0.6425925925925926 0.024479166666666666 0.05
14 0.20677083333333332 9.259259259259259e-10 0.06614583333333333 0.08796296203703705
24 0.1703125 0.35833333333333334 0.0328125 0.06574074074074074
35 0.28541666666666665 0.8805555555555555 0.007291666666666667 0.014814814814814815
35 0.5885416666666666 0.55 0.08958333333333333 0.17777777777777778
35 0.04791666666666667 0.43703703703703706 0.06197916666666667 0.12407407407407407
48 0.6005208333333333 0.14444444444444443 0.04583333333333333 0.09166666666666666
26 0.3109375 0.5314814814814814 0.027604166666666666 0.05462962962962963
59 0.9432291666666667 0.1111111111111111 0.050520833333333334 0.1
43 0.6609375 0.08518518518518518 0.08645833333333333 0.1712962962962963
19 0.5203125 0.24074074074074073 0.010416666666666666 0.021296296296296296
9 0.5192708333333333 0.30833333333333335 0.0375 0.07592592592592592
46 0.5760416666666667 9.259259259259259e-10 0.0671875 0.0796296287037037
21 0.5026041666666666 0.8407407407407408 0.028125 0.05648148148148148
42 0.865625 0.3592592592592593 0.03333333333333333 0.06666666666666667
10 0.8322916666666667 0.5064814814814815 0.06354166666666666 0.12685185185185185
