24 0.9755208333333333 0.7555555555555555 0.024479166666666666 0.05740740740740741
50 0.9411458333333333 0.6574074074074074 0.058854166666666666 0.175
25 0.017708333333333333 0.712037037037037 0.06458333333333334 0.12777777777777777
34 0.08697916666666666 0.31574074074074077 0.009895833333333333 0.020370370370370372
4 0.05 0.046296296296296294 0.05520833333333333 0.11018518518518519
25 0.14270833333333333 0.4703703703703704 0.0328125 0.06574074074074074
24 0.8421875 0.08333333333333333 0.07447916666666667 0.14814814814814814
26 0.7119791666666667 0.7240740740740741 0.044270833333333336 0.08888888888888889
39 0.38697916666666665 0.11851851851851852 0.03697916666666667 0.07407407407407407
19 0.11041666666666666 0.5092592592592593 0.0453125 0.09074074074074075
37 0.5182291666666666 0.06666666666666667 0.08854166666666667 0.17592592592592593
40 0.8213541666666667 0.11944444444444445 0.0171875 0.03518518518518519
50 0.008854166666666666 0.21574074074074073 0.0171875 0.03518518518518519
35 0.34791666666666665 0.524074074074074 0.023958333333333335 0.04814814814814815
54 0.5276041666666667 0.16666666666666666 0.0109375 0.022222222222222223
42 0.7473958333333334 0.1537037037037037 0.058333333333333334 0.11666666666666667
15 0.3182291666666667 0.8638888888888889 0.017708333333333333 0.03611111111111111
44 0.36666666666666664 0.07407407407407407 0.0578125 0.11481481481481481
58 0.2953125 9.259259259259259e-10 0.08489583333333334 0.10740740648148149
38 0.7890625 0.4203703703703704 0.0796875 0.15833333333333333
