50 0.7833333333333333 0.7768518518518519 0.044270833333333336 0.08796296296296297
50 0.2015625 0.35462962962962963 0.009895833333333333 0.020370370370370372
61 0.6578125 0.5388888888888889 0.043229166666666666 0.08703703703703704
49 0.25729166666666664 0.1287037037037037 0.07447916666666667 0.14814814814814814
26 0.057291666666666664 0.22777777777777777 0.007291666666666667 0.01574074074074074
55 0.44166666666666665 0.3527777777777778 0.0109375 0.022222222222222223
20 0.9640625 0.34629629629629627 0.024479166666666666 0.049074074074074076
40 0.7536458333333333 0.5027777777777778 0.052083333333333336 0.10462962962962963
18 0.5630208333333333 0.7564814814814815 0.08645833333333333 0.1712962962962963
28 0.5442708333333334 0.2175925925925926 0.0828125 0.1648148148148148
45 0.9802083333333333 0.4425925925925926 0.019791666666666666 0.15462962962962962
3 0.9479166666666666 0.8074074074074075 0.010416666666666666 0.022222222222222223
55 0.446875 0.21481481481481482 0.09166666666666666 0.1824074074074074
43 0.2942708333333333 0.8666666666666667 0.053125 0.10555555555555556
63 0.7442708333333333 0.8166666666666667 0.04479166666666667 0.08981481481481482
32 0.765625 0.5 0.05572916666666667 0.1111111111111111
13 0.5416666666666666 0.7175925925925926 0.07916666666666666 0.1574074074074074
2 0.0234375 0.15925925925925927 0.058854166666666666 0.11666666666666667
32 0.5328125 0.44537037037037036 0.0359375 0.07222222222222222
23 0.734375 0.3851851851851852 0.07708333333333334 0.1527777777777778
