50 0.29375 0.42777777777777776 0.0875 0.17407407407407408
52 0.8265625 0.5814814814814815 0.07864583333333333 0.15648148148148147
34 0.4421875 0.10740740740740741 0.090625 0.18055555555555555
49 0.4578125 0.053703703703703705 0.036458333333333336 0.07222222222222222
15 0.9588541666666667 0.812962962962963 0.04114583333333333 0.09907407407407408
36 0.4005208333333333 0.6861111111111111 0.009895833333333333 0.020370370370370372
5 0.5567708333333333 0.9268518518518518 0.022395833333333334 0.04537037037037037
20 0.90625 0.5907407407407408 0.08125 0.16203703703703703
17 0.7057291666666666 0.4046296296296296 0.07604166666666666 0.15092592592592594
5 0.6734375 0.175 0.0796875 0.15925925925925927
63 0.8911458333333333 0.6194444444444445 0.00625 0.012962962962962963
37 0.9953125 9.259259259259259e-10 0.0046875 0.01944444351851852
7 0.42291666666666666 0.7814814814814814 0.03177083333333333 0.06388888888888888
9 0.8369791666666667 0.7268518518518519 0.005729166666666666 0.012962962962962963
39 0.6171875 0.5462962962962963 0.071875 0.1425925925925926
49 0.446875 9.259259259259259e-10 0.0625 0.09074073981481481
54 0.20052083333333334 0.2814814814814815 0.059375 0.11851851851851852
50 0.2552083333333333 0.2824074074074074 0.07604166666666666 0.15092592592592594
14 0.25625 0.7870370370370371 0.06927083333333334 0.13796296296296295
14 5.208333333333333e-10 9.259259259259259e-10 0.0598958328125 0.05648148055555556
