24 0.528125 0.4898148148148148 0.08072916666666667 0.16018518518518518
62 0.4375 0.34074074074074073 0.043229166666666666 0.08611111111111111
46 0.665625 0.7509259259259259 0.009375 0.019444444444444445
35 0.125 0.0 0.028645833333333332 0.05462962962962963
48 0.022395833333333334 0.287962962962963 0.09166666666666666 0.1824074074074074
4 0.7739583333333333 0.7490740740740741 0.0390625 0.07777777777777778
46 0.7359375 0.5666666666666667 0.009895833333333333 0.021296296296296296
17 0.06927083333333334 0.3037037037037037 0.0828125 0.1638888888888889
42 0.7802083333333333 0.44537037037037036 0.07864583333333333 0.15648148148148147
31 0.0671875 0.0 0.06822916666666666 0.10648148148148148
18 0.7416666666666667 0.36018518518518516 0.04635416666666667 0.09259259259259259
10 0.0171875 0.3212962962962963 0.05625 0.11203703703703703
23 0.1109375 0.0 0.0890625 0.0962962962962963
6 0.09114583333333333 0.16203703703703703 0.040625 0.08148148148148149
63 0.009895833333333333 0.1537037037037037 0.04791666666666667 0.09537037037037037
49 0.12552083333333333 0.8092592592592592 0.03802083333333333 0.07592592592592592
30 0.9963541666666667 0.44537037037037036 0.0036458333333333334 0.04351851851851852
3 0.18958333333333333 0.9055555555555556 0.04479166666666667 0.08981481481481482
2 0.4796875 0.22592592592592592 0.0859375 0.17037037037037037
11 0.36822916666666666 0.002777777777777778 0.06666666666666667 0.13240740740740742
