50 0.6859375 0.10740740740740741 0.07135416666666666 0.14166666666666666
36 0.2682291666666667 0.5879629629629629 0.08697916666666666 0.17222222222222222
22 0.3265625 0.5037037037037037 0.09166666666666666 0.1814814814814815
4 0.12135416666666667 0.40185185185185185 0.027083333333333334 0.053703703703703705
30 0.45 0.23425925925925925 0.0140625 0.028703703703703703
19 0.7380208333333333 0.09166666666666666 0.0046875 0.010185185185185186
12 0.8244791666666667 0.08888888888888889 0.019791666666666666 0.040740740740740744
24 0.2598958333333333 9.259259259259259e-10 0.08229166666666667 0.1574074064814815
34 0.4484375 0.31203703703703706 0.05572916666666667 0.1111111111111111
50 0.8515625 9.259259259259259e-10 0.0203125 0.004629628703703703
39 0.5119791666666667 0.5138888888888888 0.0921875 0.18333333333333332
17 0.6276041666666666 0.950925925925926 0.008333333333333333 0.017592592592592594
36 0.640625 0.6611111111111111 0.027083333333333334 0.05462962962962963
32 0.440625 0.22592592592592592 0.06927083333333334 0.13796296296296295
35 0.0171875 0.43703703703703706 0.07083333333333333 0.14074074074074075
9 0.9520833333333333 0.6092592592592593 0.014583333333333334 0.030555555555555555
39 0.9739583333333334 0.13796296296296295 0.026041666666666668 0.15833333333333333
39 0.534375 0.8064814814814815 0.07916666666666666 0.1574074074074074
9 0.5286458333333334 0.7435185185185185 0.0796875 0.15833333333333333
27 0.0036458333333333334 0.3037037037037037 0.04739583333333333 0.09444444444444444
