25 0.11979166666666667 0.7398148148148148 0.06197916666666667 0.12314814814814815
10 0.9177083333333333 0.5675925925925925 0.021875 0.04351851851851852
42 0.8869791666666667 9.259259259259259e-10 0.029166666666666667 0.037962962037037036
15 0.9859375 0.26481481481481484 0.0140625 0.05185185185185185
18 0.6739583333333333 0.14074074074074075 0.0067708333333333336 0.014814814814814815
44 0.052083333333333336 9.259259259259259e-10 0.027083333333333334 0.015740739814814813
52 0.7078125 0.3111111111111111 0.011979166666666667 0.024074074074074074
44 0.590625 0.6212962962962963 0.018229166666666668 0.037037037037037035
4 0.9208333333333333 0.19722222222222222 0.0765625 0.1527777777777778
29 0.3385416666666667 0.8453703703703703 0.022916666666666665 0.046296296296296294
11 0.4171875 0.8166666666666667 0.008854166666666666 0.018518518518518517
11 0.8390625 0.7212962962962963 0.08489583333333334 0.1685185185185185
49 0.5125 0.7805555555555556 0.025 0.05
47 0.175 0.26851851851851855 0.08020833333333334 0.15925925925925927
61 0.6822916666666666 0.03425925925925926 0.05260416666666667 0.10462962962962963
24 0.0578125 0.8101851851851852 0.06458333333333334 0.1287037037037037
58 0.6578125 0.03425925925925926 0.0671875 0.13333333333333333
51 0.027604166666666666 0.32407407407407407 0.04375 0.08796296296296297
8 0.8322916666666667 0.3296296296296296 0.09270833333333334 0.18333333333333332
25 0.23229166666666667 0.7444444444444445 0.06145833333333333 0.12222222222222222
