25 0.14375 0.1685185185185185 0.0484375 0.0962962962962963
14 0.5552083333333333 0.5787037037037037 0.0140625 0.028703703703703703
16 0.06458333333333334 0.8555555555555555 0.05520833333333333 0.10925925925925926
16 0.5473958333333333 0.19166666666666668 0.040625 0.08148148148148149
21 0.5036458333333333 0.5120370370370371 0.084375 0.1675925925925926
62 0.6916666666666667 0.7694444444444445 0.08645833333333333 0.1712962962962963
34 0.6546875 9.259259259259259e-10 0.0921875 0.0055555546296296296
61 0.9520833333333333 0.9462962962962963 0.019270833333333334 0.03888888888888889
54 0.721875 0.7046296296296296 0.0375 0.075
14 0.8494791666666667 0.7342592592592593 0.03177083333333333 0.06388888888888888
18 0.15729166666666666 0.18981481481481483 0.05625 0.11203703703703703
5 0.0640625 0.8268518518518518 0.023958333333333335 0.049074074074074076
37 0.9588541666666667 0.4046296296296296 0.04114583333333333 0.12037037037037036
53 0.440625 0.1574074074074074 0.0515625 0.10277777777777777
6 0.63125 0.4009259259259259 0.005729166666666666 0.012037037037037037
63 0.79375 0.5231481481481481 0.0234375 0.04814814814814815
42 0.6 0.03981481481481482 0.028125 0.05740740740740741
33 0.69375 0.9703703703703703 0.009895833333333333 0.020370370370370372
21 0.7880208333333333 0.5703703703703704 0.016145833333333335 0.032407407407407406
43 0.4 0.35462962962962963 0.03177083333333333 0.06296296296296296
