25 0.17447916666666666 9.259259259259259e-10 0.010416666666666666 0.000925925
47 0.3828125 0.7962962962962963 0.09270833333333334 0.18425925925925926
42 0.134375 9.259259259259259e-10 0.084375 0.08333333240740741
3 0.1890625 0.6268518518518519 0.075 0.14907407407407408
59 0.3151041666666667 9.259259259259259e-10 0.028125 0.017592591666666664
42 0.15260416666666668 0.22407407407407406 0.07291666666666667 0.14444444444444443
10 0.509375 0.6342592592592593 0.07447916666666667 0.14722222222222223
6 0.290625 0.06759259259259259 0.040625 0.08148148148148149
6 0.0375 0.55 0.08125 0.16203703703703703
57 0.6390625 9.259259259259259e-10 0.046875 0.08518518425925926
51 0.6432291666666666 0.5925925925925926 0.06041666666666667 0.12037037037037036
44 0.7296875 9.259259259259259e-10 0.035416666666666666 0.004629628703703703
50 0.31666666666666665 0.7509259259259259 0.04375 0.08703703703703704
29 0.9223958333333333 0.6342592592592593 0.07760416666666667 0.1824074074074074
35 0.9848958333333333 0.8759259259259259 0.015104166666666667 0.06851851851851852
13 0.8078125 9.259259259259259e-10 0.05 0.01851851759259259
9 0.2916666666666667 0.5796296296296296 0.0067708333333333336 0.013888888888888888
31 0.51875 0.38981481481481484 0.06979166666666667 0.13796296296296295
50 0.24895833333333334 0.3574074074074074 0.075 0.14907407407407408
34 0.984375 0.011111111111111112 0.015625 0.03888888888888889
