51 0.884375 0.4083333333333333 0.025520833333333333 0.05092592592592592
22 0.8708333333333333 0.5388888888888889 0.06979166666666667 0.1388888888888889
24 0.9807291666666667 0.38981481481481484 0.019270833333333334 0.13148148148148148
50 0.940625 0.29074074074074074 0.016666666666666666 0.03425925925925926
49 0.6458333333333334 0.4666666666666667 0.013541666666666667 0.027777777777777776
50 0.17239583333333333 0.4546296296296296 0.0703125 0.1398148148148148
17 0.7427083333333333 0.9092592592592592 0.034375 0.06851851851851852
46 0.14739583333333334 0.5666666666666667 0.059895833333333336 0.11851851851851852
38 0.8583333333333333 0.8138888888888889 0.03229166666666667 0.06481481481481481
8 0.8125 0.29907407407407405 0.0125 0.025
49 0.35260416666666666 0.4046296296296296 0.0359375 0.07222222222222222
63 0.6625 0.6462962962962963 0.0328125 0.06574074074074074
14 0.12760416666666666 0.6055555555555555 0.030729166666666665 0.062037037037037036
42 0.8130208333333333 0.013888888888888888 0.020833333333333332 0.04259259259259259
57 0.015104166666666667 0.2611111111111111 0.025520833333333333 0.05185185185185185
31 0.4510416666666667 0.016666666666666666 0.0078125 0.01574074074074074
16 0.4203125 0.687037037037037 0.08072916666666667 0.16018518518518518
60 0.7234375 0.2537037037037037 0.07604166666666666 0.15185185185185185
14 0.490625 0.5962962962962963 0.010416666666666666 0.022222222222222223
31 0.28072916666666664 9.259259259259259e-10 0.0921875 0.1333333324074074
