25 0.5598958333333334 0.6981481481481482 0.0859375 0.17037037037037037
22 0.8109375 0.8546296296296296 0.008854166666666666 0.018518518518518517
33 0.15989583333333332 0.10555555555555556 0.08385416666666666 0.16666666666666666
2 0.6255208333333333 0.5064814814814815 0.071875 0.14351851851851852
21 0.5447916666666667 0.5962962962962963 0.07708333333333334 0.1527777777777778
9 0.6125 0.637962962962963 0.044270833333333336 0.08796296296296297
28 0.5489583333333333 0.8675925925925926 0.05416666666666667 0.10833333333333334
14 0.11041666666666666 0.7805555555555556 0.046875 0.09351851851851851
50 0.403125 0.8722222222222222 0.009375 0.019444444444444445
42 0.9880208333333333 0.37962962962962965 0.011979166666666667 0.10555555555555556
21 0.38333333333333336 0.11944444444444445 0.09114583333333333 0.18055555555555555
19 0.06875 0.32037037037037036 0.021875 0.044444444444444446
63 0.48854166666666665 0.512962962962963 0.03229166666666667 0.06481481481481481
60 0.50625 0.03981481481481482 0.034895833333333334 0.06944444444444445
53 0.74375 0.20277777777777778 0.090625 0.18055555555555555
46 0.6307291666666667 0.4787037037037037 0.0921875 0.1824074074074074
54 0.1828125 0.8592592592592593 0.041666666666666664 0.08333333333333333
61 0.29583333333333334 0.8490740740740741 0.030208333333333334 0.06111111111111111
24 0.9328125 0.16574074074074074 0.0671875 0.18055555555555555
11 0.9598958333333333 0.06666666666666667 0.04010416666666667 0.17222222222222222
