51 0.10572916666666667 0.5157407407407407 0.06458333333333334 0.1287037037037037
23 0.7786458333333334 0.8537037037037037 0.06614583333333333 0.13148148148148148
38 0.7270833333333333 0.1648148148148148 0.041666666666666664 0.08333333333333333
60 0.159375 0.43796296296296294 0.0140625 0.028703703703703703
46 0.36302083333333335 0.6814814814814815 0.05572916666666667 0.1111111111111111
9 0.4630208333333333 0.028703703703703703 0.057291666666666664 0.11481481481481481
26 0.29010416666666666 0.4537037037037037 0.08802083333333334 0.17407407407407408
61 0.27760416666666665 0.18425925925925926 0.09166666666666666 0.1814814814814815
48 0.40260416666666665 0.6138888888888889 0.008854166666666666 0.018518518518518517
17 0.37552083333333336 0.737037037037037 0.09114583333333333 0.18055555555555555
27 0.24791666666666667 0.5842592592592593 0.05260416666666667 0.10462962962962963
44 0.3333333333333333 0.15555555555555556 0.016145833333333335 0.03333333333333333
41 0.5791666666666667 9.259259259259259e-10 0.0828125 0.12037036944444444
13 0.5614583333333333 0.7277777777777777 0.025 0.05
41 0.7369791666666666 0.0712962962962963 0.042708333333333334 0.08518518518518518
46 0.10625 0.41759259259259257 0.019791666666666666 0.03981481481481482
20 0.9260416666666667 0.020370370370370372 0.0171875 0.03518518518518519
13 0.084375 0.13240740740740742 0.03958333333333333 0.07962962962962963
23 0.609375 0.3537037037037037 0.06614583333333333 0.13148148148148148
5 0.6682291666666667 0.1425925925925926 0.075 0.15
