25 0.39947916666666666 0.9148148148148149 0.04114583333333333 0.0824074074074074
50 0.0890625 0.48518518518518516 0.08020833333333334 0.15925925925925927
60 0.06770833333333333 0.11388888888888889 0.03229166666666667 0.06481481481481481
31 0.046875 0.525 0.09270833333333334 0.18425925925925926
22 0.15260416666666668 0.700925925925926 0.06927083333333334 0.13796296296296295
48 0.28489583333333335 0.787962962962963 0.0140625 0.028703703703703703
18 0.3265625 0.5231481481481481 0.0046875 0.010185185185185186
13 0.23697916666666666 0.04537037037037037 0.08645833333333333 0.17222222222222222
13 0.9239583333333333 0.48333333333333334 0.07604166666666666 0.1814814814814815
3 0.5041666666666667 0.27037037037037037 0.08645833333333333 0.1712962962962963
43 0.9432291666666667 0.7814814814814814 0.05677083333333333 0.13333333333333333
3 0.0875 0.24351851851851852 0.05572916666666667 0.1111111111111111
5 0.6484375 0.8379629629629629 0.0609375 0.12129629629629629
34 0.7359375 9.259259259259259e-10 0.0890625 0.16111111018518517
27 0.29791666666666666 9.259259259259259e-10 0.0515625 0.0972222212962963
39 0.3411458333333333 0.549074074074074 0.07864583333333333 0.15648148148148147
16 0.5671875 0.3731481481481482 0.06458333333333334 0.12777777777777777
22 0.13958333333333334 0.14629629629629629 0.0515625 0.10277777777777777
43 0.052083333333333336 0.08333333333333333 0.07239583333333334 0.14444444444444443
6 0.7260416666666667 0.6814814814814815 0.08645833333333333 0.17222222222222222
