51 0.20260416666666667 0.5972222222222222 0.021875 0.044444444444444446
26 0.7510416666666667 0.5833333333333334 0.040625 0.08055555555555556
53 0.821875 0.5 0.06927083333333334 0.13703703703703704
45 0.3875 0.6981481481481482 0.058854166666666666 0.11666666666666667
14 0.48802083333333335 0.7907407407407407 0.0421875 0.08425925925925926
38 0.23645833333333333 0.24444444444444444 0.0234375 0.04722222222222222
46 0.29322916666666665 0.26851851851851855 0.06875 0.13703703703703704
41 0.7822916666666667 0.06388888888888888 0.0859375 0.1712962962962963
33 0.2578125 0.3055555555555556 0.03854166666666667 0.07685185185185185
20 0.6567708333333333 0.9555555555555556 0.019270833333333334 0.03888888888888889
29 0.9135416666666667 0.07777777777777778 0.0828125 0.1638888888888889
34 0.4270833333333333 0.2916666666666667 0.08020833333333334 0.15925925925925927
10 0.9635416666666666 9.259259259259259e-10 0.022916666666666665 0.03148148055555556
11 0.675 0.3398148148148148 0.0109375 0.023148148148148147
5 0.9885416666666667 0.006481481481481481 0.011458333333333333 0.11666666666666667
27 0.6895833333333333 0.4722222222222222 0.008333333333333333 0.017592592592592594
40 0.6104166666666667 0.6675925925925926 0.008854166666666666 0.018518518518518517
9 0.9739583333333334 0.8944444444444445 0.0046875 0.010185185185185186
6 0.6890625 0.24166666666666667 0.0265625 0.053703703703703705
58 0.0890625 0.7759259259259259 0.03333333333333333 0.06666666666666667
