51 0.6697916666666667 0.26851851851851855 0.044270833333333336 0.08888888888888889
55 0.9708333333333333 0.48333333333333334 0.029166666666666667 0.11388888888888889
21 0.3296875 0.8740740740740741 0.0515625 0.10277777777777777
51 0.4635416666666667 0.525 0.08854166666666667 0.17592592592592593
34 0.8515625 0.3731481481481482 0.044270833333333336 0.08796296296296297
48 0.4895833333333333 0.1962962962962963 0.03697916666666667 0.07407407407407407
63 0.8229166666666666 0.6240740740740741 0.046875 0.09351851851851851
26 0.2265625 0.7842592592592592 0.08385416666666666 0.16666666666666666
36 0.9244791666666666 0.2675925925925926 0.03125 0.06296296296296296
27 0.7890625 0.8629629629629629 0.0625 0.125
55 0.7713541666666667 9.259259259259259e-10 0.03697916666666667 0.04074073981481482
40 0.8416666666666667 0.3638888888888889 0.052083333333333336 0.1037037037037037
45 0.3328125 0.037037037037037035 0.08802083333333334 0.175
38 0.44427083333333334 0.6675925925925926 0.07708333333333334 0.1537037037037037
22 0.2984375 0.7546296296296297 0.05520833333333333 0.11018518518518519
36 0.06197916666666667 0.7435185185185185 0.028645833333333332 0.05740740740740741
62 0.709375 0.14907407407407408 0.0375 0.075
39 0.8838541666666667 0.6222222222222222 0.06041666666666667 0.12037037037037036
41 0.971875 0.5074074074074074 0.028125 0.0962962962962963
29 0.7369791666666666 0.29907407407407405 0.0453125 0.09074074074074075
