25 0.2671875 0.5703703703703704 0.04739583333333333 0.09444444444444444
55 0.10104166666666667 0.9046296296296297 0.0140625 0.028703703703703703
42 0.04375 0.49444444444444446 0.04739583333333333 0.09537037037037037
16 0.33697916666666666 0.7166666666666667 0.06458333333333334 0.1287037037037037
35 0.9265625 0.33796296296296297 0.0734375 0.14814814814814814
6 0.25052083333333336 0.6796296296296296 0.030729166666666665 0.062037037037037036
6 0.9244791666666666 0.6314814814814815 0.07552083333333333 0.1638888888888889
58 0.7729166666666667 0.6518518518518519 0.07239583333333334 0.14351851851851852
27 0.9864583333333333 9.259259259259259e-10 0.013541666666666667 0.050925925000000004
24 0.35104166666666664 9.259259259259259e-10 0.0625 0.05185185092592593
5 0.17864583333333334 0.7472222222222222 0.06770833333333333 0.13425925925925927
11 0.38645833333333335 0.046296296296296294 0.0671875 0.13333333333333333
55 0.5583333333333333 0.7055555555555556 0.07552083333333333 0.15
32 0.3421875 0.7814814814814814 0.07239583333333334 0.14444444444444443
28 0.94375 0.7657407407407407 0.0067708333333333336 0.014814814814814815
39 0.18385416666666668 9.259259259259259e-10 0.07135416666666666 0.02129629537037037
11 0.828125 0.2037037037037037 0.041666666666666664 0.08333333333333333
25 0.6609375 0.39814814814814814 0.008854166666666666 0.017592592592592594
57 0.10520833333333333 0.48055555555555557 0.07135416666666666 0.14166666666666666
63 0.9010416666666666 0.1388888888888889 0.030208333333333334 0.06111111111111111
