51 0.5635416666666667 0.16018518518518518 0.041666666666666664 0.08333333333333333
29 0.9 0.38333333333333336 0.06197916666666667 0.12314814814814815
16 0.45677083333333335 0.6370370370370371 0.0890625 0.17685185185185184
44 0.759375 0.7 0.04010416666666667 0.08055555555555556
38 0.3796875 0.25 0.040625 0.08055555555555556
53 0.7135416666666666 0.28055555555555556 0.0578125 0.11481481481481481
21 0.7614583333333333 0.12037037037037036 0.06458333333333334 0.12777777777777777
41 0.096875 0.26851851851851855 0.05572916666666667 0.1111111111111111
30 0.7182291666666667 0.7388888888888889 0.08385416666666666 0.16666666666666666
42 0.4046875 0.33796296296296297 0.04583333333333333 0.09166666666666666
62 0.2994791666666667 0.013888888888888888 0.05 0.09907407407407408
42 0.16354166666666667 0.33425925925925926 0.008333333333333333 0.017592592592592594
52 0.8182291666666667 0.15925925925925927 0.05 0.1
50 0.12395833333333334 9.259259259259259e-10 0.059375 0.08240740648148148
23 0.7453125 0.3148148148148148 0.07291666666666667 0.14444444444444443
23 0.34427083333333336 0.8731481481481481 0.05625 0.11203703703703703
24 0.51875 9.259259259259259e-10 0.058333333333333334 0.01666666574074074
55 0.6057291666666667 9.259259259259259e-10 0.01875 0.0074074064814814815
44 0.5083333333333333 0.5972222222222222 0.04114583333333333 0.08148148148148149
9 0.38958333333333334 0.6592592592592592 0.0203125 0.040740740740740744
