51 0.5098958333333333 0.35833333333333334 0.022395833333333334 0.04537037037037037
57 0.17291666666666666 0.5435185185185185 0.05260416666666667 0.10555555555555556
42 0.10104166666666667 0.024074074074074074 0.07291666666666667 0.14537037037037037
42 0.009375 0.24351851851851852 0.044270833333333336 0.08888888888888889
2 0.3265625 0.6888888888888889 0.06614583333333333 0.13148148148148148
37 0.509375 0.062037037037037036 0.04583333333333333 0.09166666666666666
58 0.7958333333333333 0.6648148148148149 0.0390625 0.07777777777777778
61 0.0875 0.575 0.050520833333333334 0.10092592592592593
63 0.3067708333333333 9.259259259259259e-10 0.075 0.06296296203703704
51 0.7484375 0.6212962962962963 0.013020833333333334 0.026851851851851852
38 0.24479166666666666 0.15185185185185185 0.027604166666666666 0.05555555555555555
6 0.10677083333333333 0.4166666666666667 0.042708333333333334 0.08518518518518518
40 0.43802083333333336 0.6351851851851852 0.0265625 0.05277777777777778
37 0.8072916666666666 0.13333333333333333 0.0328125 0.06574074074074074
47 0.7385416666666667 0.7453703703703703 0.059375 0.1175925925925926
62 0.12708333333333333 0.6777777777777778 0.08020833333333334 0.16018518518518518
21 0.8432291666666667 0.6296296296296297 0.059895833333333336 0.11944444444444445
26 0.703125 0.8685185185185185 0.0359375 0.07222222222222222
15 0.9578125 0.2898148148148148 0.022395833333333334 0.04537037037037037
4 0.9645833333333333 0.5203703703703704 0.035416666666666666 0.15092592592592594
