52 0.9739583333333334 0.6435185185185185 0.026041666666666668 0.17407407407407408
2 0.2484375 0.14166666666666666 0.07135416666666666 0.14166666666666666
63 0.7630208333333334 9.259259259259259e-10 0.05260416666666667 0.015740739814814813
59 0.9229166666666667 0.6657407407407407 0.051041666666666666 0.10185185185185185
62 0.3921875 0.2564814814814815 0.05520833333333333 0.11018518518518519
4 0.7088541666666667 0.10925925925925926 0.07552083333333333 0.15
37 0.26875 0.36574074074074076 0.0328125 0.06574074074074074
34 0.2604166666666667 0.33425925925925926 0.019791666666666666 0.040740740740740744
15 0.5848958333333333 0.08888888888888889 0.08177083333333333 0.16296296296296298
2 0.15677083333333333 0.062037037037037036 0.078125 0.15462962962962962
34 0.2890625 0.25925925925925924 0.06979166666666667 0.1388888888888889
57 0.921875 0.4722222222222222 0.078125 0.18055555555555555
37 0.5708333333333333 0.3490740740740741 0.0375 0.075
47 0.06145833333333333 0.16018518518518518 0.03958333333333333 0.07962962962962963
58 0.3328125 0.07222222222222222 0.017708333333333333 0.03611111111111111
58 0.08333333333333333 0.6768518518518518 0.06979166666666667 0.1388888888888889
61 0.7552083333333334 0.7074074074074074 0.01875 0.03796296296296296
2 0.434375 0.07222222222222222 0.08125 0.16111111111111112
45 0.21666666666666667 0.6342592592592593 0.058854166666666666 0.1175925925925926
18 0.4609375 0.7546296296296297 0.05572916666666667 0.1111111111111111
