52 0.6885416666666667 0.05092592592592592 0.065625 0.13055555555555556
9 0.31145833333333334 0.08425925925925926 0.03333333333333333 0.06666666666666667
61 0.9119791666666667 0.7972222222222223 0.075 0.14907407407407408
57 0.6296875 0.30092592592592593 0.04114583333333333 0.08148148148148149
37 0.5770833333333333 0.3861111111111111 0.050520833333333334 0.1
53 0.022395833333333334 0.7083333333333334 0.050520833333333334 0.1
2 0.4703125 9.259259259259259e-10 0.035416666666666666 0.03611111018518519
58 0.9901041666666667 0.35185185185185186 0.009895833333333333 0.06111111111111111
13 0.8026041666666667 0.024074074074074074 0.06770833333333333 0.13425925925925927
50 0.8276041666666667 0.9120370370370371 0.007291666666666667 0.01574074074074074
27 0.9651041666666667 0.7712962962962963 0.034895833333333334 0.09351851851851851
6 0.3921875 0.5888888888888889 0.09166666666666666 0.1824074074074074
28 0.9260416666666667 0.6851851851851852 0.07395833333333333 0.16944444444444445
30 0.23697916666666666 0.6981481481481482 0.019791666666666666 0.03981481481481482
30 0.8026041666666667 0.6055555555555555 0.052083333333333336 0.1037037037037037
17 0.7916666666666666 0.8333333333333334 0.050520833333333334 0.1
56 0.0010416666666666667 0.13425925925925927 0.09010416666666667 0.1787037037037037
52 0.47291666666666665 0.38425925925925924 0.084375 0.1675925925925926
47 0.0015625 0.8453703703703703 0.075 0.14907407407407408
52 0.30364583333333334 0.046296296296296294 0.078125 0.15462962962962962
