26 0.74375 0.8027777777777778 0.025520833333333333 0.05092592592592592
10 0.0484375 9.259259259259259e-10 0.011458333333333333 0.013888887962962964
4 0.9875 0.1287037037037037 0.0125 0.07037037037037037
54 0.05520833333333333 0.2916666666666667 0.0703125 0.14074074074074075
6 0.15208333333333332 0.020370370370370372 0.0375 0.075
55 0.26197916666666665 0.1111111111111111 0.013541666666666667 0.027777777777777776
2 0.4354166666666667 0.6898148148148148 0.059375 0.11851851851851852
25 0.0859375 0.8074074074074075 0.0734375 0.14629629629629629
26 0.565625 0.6064814814814815 0.04375 0.08796296296296297
51 0.4890625 0.1425925925925926 0.0359375 0.07222222222222222
11 0.553125 0.45740740740740743 0.017708333333333333 0.03611111111111111
56 0.0859375 0.10648148148148148 0.0125 0.025
25 0.1390625 0.1925925925925926 0.03802083333333333 0.07592592592592592
6 0.05520833333333333 0.7462962962962963 0.065625 0.13055555555555556
31 0.7942708333333334 0.8324074074074074 0.025 0.05
26 0.6583333333333333 0.2518518518518518 0.04479166666666667 0.08981481481481482
5 0.4390625 0.7185185185185186 0.043229166666666666 0.08703703703703704
7 0.7630208333333334 0.03796296296296296 0.08645833333333333 0.17222222222222222
61 0.7697916666666667 0.7046296296296296 0.0359375 0.0712962962962963
34 0.9947916666666666 0.9351851851851852 0.005208333333333333 0.037037037037037035
