26 0.284375 0.16203703703703703 0.01875 0.03796296296296296
15 0.22395833333333334 0.21851851851851853 0.030208333333333334 0.06018518518518518
11 0.7859375 0.0 0.007291666666666667 0.006481481481481481
50 0.4197916666666667 0.7388888888888889 0.026041666666666668 0.05185185185185185
63 0.8953125 0.5425925925925926 0.07395833333333333 0.14722222222222223
2 0.0375 0.3212962962962963 0.08697916666666666 0.17314814814814813
18 0.09479166666666666 0.8314814814814815 0.08125 0.16203703703703703
2 0.11041666666666666 0.225 0.0453125 0.09074074074074075
26 0.29583333333333334 0.5555555555555556 0.024479166666666666 0.05
45 0.9473958333333333 0.4166666666666667 0.0067708333333333336 0.013888888888888888
60 0.859375 0.17962962962962964 0.07395833333333333 0.14722222222222223
20 0.621875 0.47962962962962963 0.07239583333333334 0.14351851851851852
32 0.6291666666666667 0.6175925925925926 0.013020833333333334 0.026851851851851852
19 0.08958333333333333 0.0 0.0921875 0.17222222222222222
51 0.71875 0.4222222222222222 0.04895833333333333 0.09722222222222222
51 0.928125 0.2953703703703704 0.01875 0.03796296296296296
3 0.9859375 0.7546296296296297 0.0140625 0.14629629629629629
21 0.9104166666666667 0.0 0.019270833333333334 0.030555555555555555
56 0.5890625 0.8212962962962963 0.018229166666666668 0.037037037037037035
55 0.035416666666666666 0.4203703703703704 0.0359375 0.07222222222222222
