52 0.12552083333333333 0.24444444444444444 0.06510416666666667 0.12962962962962962
21 0.9854166666666667 0.9212962962962963 0.014583333333333334 0.053703703703703705
26 0.9916666666666667 0.5342592592592592 0.008333333333333333 0.05277777777777778
58 0.17760416666666667 0.7222222222222222 0.046875 0.09351851851851851
58 0.37083333333333335 0.06296296296296296 0.03177083333333333 0.06388888888888888
38 0.044270833333333336 0.612037037037037 0.036458333333333336 0.07314814814814814
48 0.8822916666666667 0.26851851851851855 0.027604166666666666 0.05555555555555555
35 0.9104166666666667 0.387037037037037 0.07552083333333333 0.15
53 0.8630208333333333 0.6814814814814815 0.011979166666666667 0.024074074074074074
25 0.4901041666666667 0.7324074074074074 0.03333333333333333 0.06666666666666667
23 0.18697916666666667 0.799074074074074 0.03229166666666667 0.06481481481481481
10 0.6265625 0.17407407407407408 0.06145833333333333 0.12314814814814815
28 0.3 0.38055555555555554 0.09010416666666667 0.17962962962962964
26 0.04895833333333333 0.07222222222222222 0.0921875 0.18333333333333332
11 0.11770833333333333 0.7268518518518519 0.0140625 0.02962962962962963
17 0.7005208333333334 0.8601851851851852 0.019270833333333334 0.03888888888888889
22 0.7984375 0.8388888888888889 0.0734375 0.14629629629629629
44 0.24895833333333334 0.6527777777777778 0.011458333333333333 0.023148148148148147
56 0.39739583333333334 0.7074074074074074 0.06822916666666666 0.13518518518518519
26 0.06822916666666666 0.7787037037037037 0.026041666666666668 0.05185185185185185
