52 0.24739583333333334 0.5481481481481482 0.016145833333333335 0.032407407407407406
49 0.03697916666666667 0.26944444444444443 0.019791666666666666 0.03981481481481482
62 0.2859375 0.6018518518518519 0.0234375 0.04722222222222222
20 0.17864583333333334 9.259259259259259e-10 0.06822916666666666 0.001851850925925926
53 0.34322916666666664 0.9064814814814814 0.0203125 0.040740740740740744
41 0.4270833333333333 0.014814814814814815 0.050520833333333334 0.10092592592592593
15 0.5229166666666667 0.10185185185185185 0.0546875 0.10925925925925926
49 0.953125 0.6111111111111112 0.022916666666666665 0.046296296296296294
31 0.5765625 0.012037037037037037 0.06197916666666667 0.12407407407407407
38 0.6354166666666666 0.6388888888888888 0.05520833333333333 0.10925925925925926
49 0.69375 0.18425925925925926 0.0390625 0.07777777777777778
48 0.5192708333333333 0.10925925925925926 0.0203125 0.040740740740740744
29 0.0875 0.5101851851851852 0.0796875 0.15833333333333333
33 0.453125 0.7240740740740741 0.034375 0.06851851851851852
26 0.5942708333333333 0.044444444444444446 0.0078125 0.016666666666666666
33 0.059375 0.21666666666666667 0.08541666666666667 0.16944444444444445
52 0.7598958333333333 0.12129629629629629 0.0828125 0.1648148148148148
58 0.35052083333333334 0.6907407407407408 0.026041666666666668 0.05185185185185185
6 0.32916666666666666 0.08055555555555556 0.06927083333333334 0.13703703703703704
11 0.740625 0.7342592592592593 0.030729166666666665 0.06111111111111111
