26 0.746875 0.5657407407407408 0.034375 0.06851851851851852
28 0.7213541666666666 0.5574074074074075 0.021875 0.044444444444444446
30 0.9359375 0.6268518518518519 0.053125 0.10648148148148148
44 0.8822916666666667 0.42592592592592593 0.0203125 0.041666666666666664
37 0.7807291666666667 0.1648148148148148 0.04583333333333333 0.09166666666666666
37 0.328125 0.7898148148148149 0.016145833333333335 0.032407407407407406
15 0.6197916666666666 0.024074074074074074 0.022395833333333334 0.04537037037037037
51 0.7135416666666666 0.17222222222222222 0.011458333333333333 0.024074074074074074
29 0.48072916666666665 9.259259259259259e-10 0.08333333333333333 0.10277777685185185
30 0.1171875 0.4861111111111111 0.0046875 0.010185185185185186
3 0.9145833333333333 0.6925925925925925 0.03333333333333333 0.06759259259259259
20 0.7796875 9.259259259259259e-10 0.0703125 0.024074073148148148
33 0.9854166666666667 0.05 0.014583333333333334 0.14629629629629629
58 0.2546875 0.10462962962962963 0.019791666666666666 0.03981481481481482
4 0.2046875 0.000925925925925926 0.0796875 0.15833333333333333
15 0.3723958333333333 0.8953703703703704 0.0265625 0.053703703703703705
19 0.4348958333333333 0.4759259259259259 0.030208333333333334 0.06018518518518518
49 0.5703125 0.3212962962962963 0.08385416666666666 0.16574074074074074
2 0.45989583333333334 0.8009259259259259 0.019270833333333334 0.03888888888888889
12 0.34791666666666665 0.1925925925925926 0.021875 0.044444444444444446
