52 0.20729166666666668 0.6407407407407407 0.06458333333333334 0.1287037037037037
30 0.878125 0.7648148148148148 0.07135416666666666 0.14166666666666666
34 0.5604166666666667 0.2796296296296296 0.06354166666666666 0.12685185185185185
10 0.8848958333333333 0.000925925925925926 0.06197916666666667 0.12314814814814815
15 0.8473958333333333 0.850925925925926 0.06979166666666667 0.1388888888888889
44 0.8213541666666667 0.3527777777777778 0.024479166666666666 0.049074074074074076
31 0.44166666666666665 0.31851851851851853 0.0484375 0.09722222222222222
2 0.56875 0.39166666666666666 0.06666666666666667 0.13240740740740742
53 0.778125 0.2037037037037037 0.0109375 0.023148148148148147
7 0.5208333333333334 0.2175925925925926 0.05416666666666667 0.10833333333333334
38 0.2942708333333333 0.1574074074074074 0.029166666666666667 0.058333333333333334
41 0.6260416666666667 0.012037037037037037 0.06041666666666667 0.12037037037037036
34 0.7104166666666667 0.2777777777777778 0.05520833333333333 0.11018518518518519
5 0.5489583333333333 0.27037037037037037 0.0890625 0.17685185185185184
37 0.7875 0.0 0.0390625 0.017592592592592594
18 0.7338541666666667 0.5925925925925926 0.016666666666666666 0.03425925925925926
34 0.8385416666666666 0.8851851851851852 0.015104166666666667 0.030555555555555555
41 0.5984375 0.6453703703703704 0.0859375 0.1712962962962963
49 0.259375 0.7601851851851852 0.08645833333333333 0.17222222222222222
4 0.016145833333333335 0.7462962962962963 0.051041666666666666 0.10185185185185185
