52 0.3859375 0.34629629629629627 0.08125 0.16203703703703703
57 0.1 0.8046296296296296 0.034895833333333334 0.07037037037037037
48 0.409375 9.259259259259259e-10 0.0671875 0.09074073981481481
36 0.8947916666666667 0.4962962962962963 0.05625 0.11203703703703703
20 0.2390625 0.7888888888888889 0.018229166666666668 0.037037037037037035
22 0.5557291666666667 0.35833333333333334 0.053125 0.10555555555555556
56 0.25677083333333334 0.3388888888888889 0.08854166666666667 0.17592592592592593
2 0.24895833333333334 9.259259259259259e-10 0.07239583333333334 0.125925925
24 0.03697916666666667 0.562962962962963 0.052083333333333336 0.1037037037037037
19 0.4390625 0.8805555555555555 0.018229166666666668 0.037037037037037035
21 0.7833333333333333 0.8629629629629629 0.015625 0.032407407407407406
10 0.3890625 0.425 0.0796875 0.15833333333333333
51 0.9973958333333334 0.7055555555555556 0.0026041666666666665 0.058333333333333334
19 0.909375 0.43425925925925923 0.057291666666666664 0.11388888888888889
13 0.32864583333333336 0.1259259259259259 0.05260416666666667 0.10462962962962963
43 0.4046875 0.7888888888888889 0.05260416666666667 0.10462962962962963
4 0.4864583333333333 0.3101851851851852 0.010416666666666666 0.021296296296296296
46 0.39375 0.11388888888888889 0.08802083333333334 0.175
11 0.4552083333333333 0.6157407407407407 0.040625 0.08148148148148149
14 0.17552083333333332 0.262037037037037 0.0067708333333333336 0.014814814814814815
