53 0.0765625 0.5203703703703704 0.0671875 0.13333333333333333
6 0.19322916666666667 0.22962962962962963 0.035416666666666666 0.0712962962962963
12 0.8442708333333333 0.8805555555555555 0.043229166666666666 0.08703703703703704
53 0.14375 0.26944444444444443 0.03958333333333333 0.0787037037037037
18 0.16041666666666668 0.7814814814814814 0.026041666666666668 0.05277777777777778
5 0.9791666666666666 0.8333333333333334 0.0171875 0.03425925925925926
50 0.040625 0.04537037037037037 0.06770833333333333 0.13518518518518519
59 0.6234375 0.737037037037037 0.04479166666666667 0.08981481481481482
12 0.6348958333333333 0.06481481481481481 0.0703125 0.1398148148148148
57 0.21041666666666667 0.9027777777777778 0.008854166666666666 0.017592592592592594
63 0.5375 0.5175925925925926 0.0484375 0.0962962962962963
29 0.008333333333333333 0.34074074074074073 0.034895833333333334 0.06944444444444445
60 0.3265625 0.3101851851851852 0.09166666666666666 0.1824074074074074
13 0.1359375 0.7675925925925926 0.0067708333333333336 0.013888888888888888
26 0.6963541666666667 0.5703703703703704 0.0109375 0.023148148148148147
4 0.9645833333333333 0.8333333333333334 0.035416666666666666 0.09722222222222222
19 0.8255208333333334 0.537962962962963 0.034375 0.06944444444444445
59 0.4192708333333333 0.44722222222222224 0.052083333333333336 0.10462962962962963
3 0.04583333333333333 0.1425925925925926 0.024479166666666666 0.049074074074074076
6 0.3572916666666667 0.5861111111111111 0.033854166666666664 0.06759259259259259
