27 0.3640625 0.07037037037037037 0.06197916666666667 0.12314814814814815
7 0.359375 0.21574074074074073 0.09114583333333333 0.18055555555555555
11 0.459375 0.29814814814814816 0.07447916666666667 0.14814814814814814
3 0.0609375 0.18611111111111112 0.07864583333333333 0.15555555555555556
25 0.9494791666666667 0.01574074074074074 0.0265625 0.053703703703703705
12 0.9052083333333333 9.259259259259259e-10 0.027083333333333334 0.0055555546296296296
24 0.43020833333333336 0.30648148148148147 0.04375 0.08703703703703704
15 0.5895833333333333 0.025925925925925925 0.08489583333333334 0.1685185185185185
38 0.4765625 0.3111111111111111 0.013541666666666667 0.027777777777777776
53 0.8640625 0.4935185185185185 0.029166666666666667 0.05925925925925926
28 0.8734375 0.018518518518518517 0.04635416666666667 0.09259259259259259
12 0.7708333333333334 0.47685185185185186 0.059895833333333336 0.11944444444444445
53 0.9901041666666667 0.8694444444444445 0.009895833333333333 0.11203703703703703
27 0.9817708333333334 0.4027777777777778 0.018229166666666668 0.09074074074074075
15 0.4036458333333333 0.937037037037037 0.0265625 0.053703703703703705
24 0.07708333333333334 0.8064814814814815 0.06875 0.13703703703703704
32 0.3697916666666667 0.05462962962962963 0.059375 0.11851851851851852
12 0.7791666666666667 0.5657407407407408 0.011979166666666667 0.024074074074074074
41 0.890625 0.27037037037037037 0.0765625 0.15185185185185185
52 0.4401041666666667 9.259259259259259e-10 0.030208333333333334 0.008333332407407409
