27 0.11875 0.008333333333333333 0.090625 0.18055555555555555
38 0.9421875 0.6518518518518519 0.052083333333333336 0.1037037037037037
22 0.21197916666666666 0.7722222222222223 0.04583333333333333 0.09166666666666666
13 0.6208333333333333 0.687037037037037 0.021875 0.04351851851851852
31 0.9291666666666667 0.9055555555555556 0.028125 0.05648148148148148
19 0.30520833333333336 0.787962962962963 0.0640625 0.12685185185185185
11 0.8390625 0.35648148148148145 0.08541666666666667 0.16944444444444445
47 0.6822916666666666 0.6583333333333333 0.03229166666666667 0.06481481481481481
60 0.9125 0.3194444444444444 0.05677083333333333 0.11296296296296296
37 0.9708333333333333 0.4925925925925926 0.0203125 0.040740740740740744
7 0.003125 0.6148148148148148 0.0328125 0.06574074074074074
17 0.6833333333333333 0.47962962962962963 0.084375 0.1675925925925926
39 0.978125 0.1935185185185185 0.021875 0.10462962962962963
42 0.3229166666666667 0.017592592592592594 0.03125 0.06296296296296296
12 0.30833333333333335 0.9203703703703704 0.01875 0.03796296296296296
44 0.0140625 0.41759259259259257 0.0453125 0.08981481481481482
43 0.44583333333333336 0.7351851851851852 0.0203125 0.041666666666666664
53 0.7223958333333333 0.5972222222222222 0.009895833333333333 0.020370370370370372
10 0.9104166666666667 0.06851851851851852 0.011458333333333333 0.024074074074074074
32 0.8255208333333334 0.9407407407407408 0.005208333333333333 0.011111111111111112
