53 0.32760416666666664 0.4638888888888889 0.052083333333333336 0.1037037037037037
38 0.8755208333333333 0.737037037037037 0.08385416666666666 0.16666666666666666
13 0.8598958333333333 0.6555555555555556 0.0109375 0.023148148148148147
18 0.15260416666666668 0.7675925925925926 0.0421875 0.08425925925925926
25 0.13489583333333333 0.5314814814814814 0.0765625 0.15185185185185185
10 0.965625 0.21388888888888888 0.034375 0.14907407407407408
53 0.4875 0.1824074074074074 0.028125 0.05648148148148148
4 0.871875 9.259259259259259e-10 0.0890625 0.10370370277777778
3 0.5265625 0.55 0.071875 0.14351851851851852
14 0.1734375 0.36574074074074076 0.042708333333333334 0.08518518518518518
55 0.03697916666666667 0.30092592592592593 0.035416666666666666 0.07037037037037037
47 0.13125 9.259259259259259e-10 0.078125 0.07314814722222222
21 0.4244791666666667 0.6111111111111112 0.01875 0.03796296296296296
29 0.1796875 0.33240740740740743 0.07395833333333333 0.14629629629629629
63 0.6098958333333333 0.010185185185185186 0.024479166666666666 0.049074074074074076
39 0.12083333333333333 0.6722222222222223 0.06354166666666666 0.12685185185185185
33 0.9578125 0.35833333333333334 0.0421875 0.11944444444444445
42 0.9411458333333333 0.8462962962962963 0.058854166666666666 0.14629629629629629
11 0.9833333333333333 0.053703703703703705 0.016666666666666666 0.1527777777777778
19 0.403125 0.20462962962962963 0.017708333333333333 0.03611111111111111
