27 0.43072916666666666 0.1388888888888889 0.042708333333333334 0.08518518518518518
45 0.8953125 0.5962962962962963 0.06770833333333333 0.13425925925925927
2 0.5765625 0.29907407407407405 0.005729166666666666 0.012037037037037037
42 0.9791666666666666 0.7407407407407407 0.020833333333333332 0.1712962962962963
42 0.5489583333333333 0.8148148148148148 0.03958333333333333 0.07962962962962963
12 0.9416666666666667 9.259259259259259e-10 0.058333333333333334 0.150925925
59 0.5307291666666667 0.612037037037037 0.046875 0.09351851851851851
22 0.275 0.10555555555555556 0.03333333333333333 0.06666666666666667
46 0.37447916666666664 9.259259259259259e-10 0.07239583333333334 0.13148148055555556
59 0.5526041666666667 0.29444444444444445 0.0625 0.12407407407407407
39 0.6098958333333333 0.6083333333333333 0.04375 0.08703703703703704
25 0.8416666666666667 0.13518518518518519 0.00625 0.012962962962962963
50 0.29322916666666665 0.5046296296296297 0.08854166666666667 0.17592592592592593
20 0.9291666666666667 0.35648148148148145 0.04375 0.08796296296296297
31 0.3067708333333333 0.4222222222222222 0.025520833333333333 0.05185185185185185
50 0.6359375 0.26666666666666666 0.034895833333333334 0.06944444444444445
59 0.8270833333333333 0.21851851851851853 0.03177083333333333 0.06388888888888888
23 0.34375 0.03148148148148148 0.022916666666666665 0.046296296296296294
6 0.521875 0.8537037037037037 0.03229166666666667 0.06481481481481481
18 0.7463541666666667 0.28055555555555556 0.06302083333333333 0.125
