53 0.15572916666666667 0.5481481481481482 0.0375 0.075
54 0.6671875 9.259259259259259e-10 0.018229166666666668 0.009259258333333334
3 0.29791666666666666 0.5444444444444444 0.04375 0.08796296296296297
30 0.671875 0.03518518518518519 0.07864583333333333 0.15648148148148147
19 0.090625 9.259259259259259e-10 0.05677083333333333 0.006481480555555555
28 0.16822916666666668 0.8379629629629629 0.08020833333333334 0.15925925925925927
29 0.465625 0.17222222222222222 0.03958333333333333 0.0787037037037037
25 0.016145833333333335 0.7796296296296297 0.030208333333333334 0.06111111111111111
26 0.9041666666666667 9.259259259259259e-10 0.052083333333333336 0.06759259166666667
47 0.6020833333333333 0.4305555555555556 0.009895833333333333 0.021296296296296296
51 0.7489583333333333 0.07037037037037037 0.0125 0.025
24 0.6484375 0.38796296296296295 0.07552083333333333 0.15
29 0.6088541666666667 0.7314814814814815 0.06822916666666666 0.13518518518518519
37 0.40729166666666666 0.7074074074074074 0.036458333333333336 0.07314814814814814
47 0.20729166666666668 0.5814814814814815 0.090625 0.17962962962962964
11 0.490625 0.032407407407407406 0.008854166666666666 0.018518518518518517
20 0.13072916666666667 0.22037037037037038 0.057291666666666664 0.11481481481481481
62 0.18802083333333333 9.259259259259259e-10 0.07864583333333333 0.02129629537037037
63 0.5921875 0.4203703703703704 0.08958333333333333 0.17777777777777778
43 0.946875 0.21296296296296297 0.013020833333333334 0.025925925925925925
