53 0.5057291666666667 0.8287037037037037 0.050520833333333334 0.10092592592592593
32 0.06510416666666667 0.06481481481481481 0.036458333333333336 0.07222222222222222
34 0.4703125 0.5111111111111111 0.051041666666666666 0.10185185185185185
7 0.21197916666666666 0.8657407407407407 0.008333333333333333 0.017592592592592594
12 0.8265625 0.06574074074074074 0.011979166666666667 0.024074074074074074
19 0.9119791666666667 0.04814814814814815 0.06354166666666666 0.1259259259259259
21 0.24635416666666668 0.5916666666666667 0.013020833333333334 0.025925925925925925
14 0.809375 0.6712962962962963 0.07239583333333334 0.14351851851851852
16 0.0640625 9.259259259259259e-10 0.04635416666666667 0.05648148055555556
43 0.94375 0.6287037037037037 0.029166666666666667 0.05925925925925926
32 0.8515625 0.47129629629629627 0.057291666666666664 0.11481481481481481
57 0.9619791666666667 0.3787037037037037 0.03802083333333333 0.12314814814814815
26 0.6536458333333334 0.9064814814814814 0.021875 0.04351851851851852
16 0.9494791666666667 0.3490740740740741 0.050520833333333334 0.16203703703703703
45 0.19479166666666667 0.4444444444444444 0.0921875 0.1824074074074074
42 0.23385416666666667 9.259259259259259e-10 0.0671875 0.10555555462962964
59 0.10052083333333334 0.8111111111111111 0.03125 0.06296296296296296
49 0.7244791666666667 0.5953703703703703 0.0546875 0.10925925925925926
43 0.5375 0.9592592592592593 0.005208333333333333 0.011111111111111112
31 0.5953125 0.9731481481481481 0.008333333333333333 0.017592592592592594
