54 0.09947916666666666 0.44814814814814813 0.058854166666666666 0.1175925925925926
13 0.9864583333333333 9.259259259259259e-10 0.013541666666666667 0.03333333240740741
32 0.7072916666666667 0.549074074074074 0.028125 0.05740740740740741
24 0.7807291666666667 0.725925925925926 0.0078125 0.01574074074074074
8 0.5083333333333333 0.49166666666666664 0.026041666666666668 0.05277777777777778
15 0.3067708333333333 0.5185185185185185 0.0796875 0.15833333333333333
20 0.715625 0.2324074074074074 0.049479166666666664 0.09907407407407408
57 0.7890625 0.812037037037037 0.03333333333333333 0.06666666666666667
37 0.20364583333333333 0.04814814814814815 0.022916666666666665 0.046296296296296294
11 0.9697916666666667 0.5944444444444444 0.030208333333333334 0.09074074074074075
40 0.8859375 0.475 0.04479166666666667 0.08981481481481482
11 0.9338541666666667 0.5972222222222222 0.06614583333333333 0.13703703703703704
12 0.521875 0.08518518518518518 0.06770833333333333 0.13518518518518519
17 0.8411458333333334 0.8166666666666667 0.0765625 0.15185185185185185
10 0.5963541666666666 0.07314814814814814 0.0234375 0.04722222222222222
5 0.1171875 0.044444444444444446 0.04375 0.08796296296296297
27 0.47239583333333335 0.5666666666666667 0.04895833333333333 0.09722222222222222
11 0.26666666666666666 0.5861111111111111 0.03177083333333333 0.06388888888888888
20 0.9755208333333333 9.259259259259259e-10 0.024479166666666666 0.07129629537037037
13 0.7682291666666666 0.03333333333333333 0.043229166666666666 0.08703703703703704
