54 0.8869791666666667 0.425 0.046875 0.09351851851851851
16 0.06822916666666666 0.5842592592592593 0.050520833333333334 0.10092592592592593
16 0.815625 0.7481481481481481 0.08125 0.16111111111111112
38 0.5958333333333333 0.48518518518518516 0.029166666666666667 0.05925925925925926
21 0.7015625 9.259259259259259e-10 0.07291666666666667 0.07777777685185186
63 0.3848958333333333 0.5574074074074075 0.059375 0.11851851851851852
52 0.74375 9.259259259259259e-10 0.08020833333333334 0.054629628703703706
56 0.5625 0.6416666666666667 0.03229166666666667 0.06481481481481481
12 0.7390625 0.5009259259259259 0.06822916666666666 0.1361111111111111
43 0.20520833333333333 0.9 0.019791666666666666 0.03981481481481482
8 0.271875 0.9157407407407407 0.005729166666666666 0.012037037037037037
17 0.68125 0.9009259259259259 0.0421875 0.08425925925925926
19 0.3567708333333333 0.30833333333333335 0.0140625 0.028703703703703703
29 0.31197916666666664 0.027777777777777776 0.0625 0.12407407407407407
60 0.1890625 0.06759259259259259 0.007291666666666667 0.01574074074074074
32 0.7338541666666667 0.29907407407407405 0.0734375 0.14629629629629629
13 0.9130208333333333 0.19074074074074074 0.005729166666666666 0.012037037037037037
42 0.578125 0.14351851851851852 0.028645833333333332 0.058333333333333334
61 0.28489583333333335 0.7027777777777777 0.0609375 0.12129629629629629
55 0.44895833333333335 0.15833333333333333 0.07083333333333333 0.14074074074074075
