28 0.3729166666666667 0.26296296296296295 0.040625 0.08148148148148149
44 0.6619791666666667 0.15648148148148147 0.071875 0.14351851851851852
25 0.35625 0.7453703703703703 0.0875 0.17407407407407408
26 0.9583333333333334 0.1287037037037037 0.041666666666666664 0.1712962962962963
44 0.20572916666666666 0.6018518518518519 0.0640625 0.12685185185185185
12 0.1609375 0.33611111111111114 0.0171875 0.03425925925925926
17 0.8390625 0.018518518518518517 0.005208333333333333 0.011111111111111112
61 0.20572916666666666 0.7287037037037037 0.08385416666666666 0.16666666666666666
33 0.017708333333333333 0.12314814814814815 0.016145833333333335 0.03333333333333333
7 0.3375 0.10648148148148148 0.0578125 0.11481481481481481
36 0.37864583333333335 0.35185185185185186 0.08020833333333334 0.15925925925925927
15 0.7078125 0.6824074074074075 0.06770833333333333 0.13425925925925927
51 0.7192708333333333 0.3648148148148148 0.090625 0.17962962962962964
2 0.06875 0.6407407407407407 0.03333333333333333 0.06666666666666667
14 0.309375 0.225 0.059375 0.1175925925925926
37 0.1265625 0.14722222222222223 0.00625 0.012962962962962963
48 0.2604166666666667 0.33796296296296297 0.05416666666666667 0.10740740740740741
22 0.8354166666666667 0.6027777777777777 0.021875 0.04351851851851852
35 0.8322916666666667 0.03333333333333333 0.022916666666666665 0.046296296296296294
23 0.0296875 0.42777777777777776 0.0921875 0.18333333333333332
