28 0.0234375 9.259259259259259e-10 0.0546875 0.04537036944444445
26 0.9880208333333333 0.16666666666666666 0.011979166666666667 0.1537037037037037
7 0.6713541666666667 0.8666666666666667 0.04583333333333333 0.09074074074074075
47 0.8583333333333333 0.29814814814814816 0.008333333333333333 0.017592592592592594
56 0.42239583333333336 0.5222222222222223 0.08020833333333334 0.15925925925925927
4 0.9182291666666667 0.30185185185185187 0.058333333333333334 0.11574074074074074
63 0.784375 0.5953703703703703 0.08541666666666667 0.16944444444444445
22 0.8895833333333333 0.08981481481481482 0.09114583333333333 0.18055555555555555
25 0.5088541666666667 0.4074074074074074 0.0453125 0.08981481481481482
55 0.48333333333333334 0.75 0.03333333333333333 0.06759259259259259
15 0.3260416666666667 0.06851851851851852 0.07239583333333334 0.14351851851851852
21 0.8526041666666667 0.6481481481481481 0.0171875 0.03425925925925926
29 0.7932291666666667 9.259259259259259e-10 0.08958333333333333 0.17314814722222222
27 0.546875 0.4925925925925926 0.07239583333333334 0.14444444444444443
48 0.9458333333333333 0.20833333333333334 0.05416666666666667 0.11851851851851852
34 0.07395833333333333 0.8240740740740741 0.0640625 0.12777777777777777
59 0.9609375 0.05277777777777778 0.0390625 0.17592592592592593
32 0.04791666666666667 0.037037037037037035 0.042708333333333334 0.08518518518518518
57 0.9302083333333333 0.09259259259259259 0.06979166666666667 0.15
41 0.8109375 9.259259259259259e-10 0.08125 0.10277777685185185
