28 0.5760416666666667 0.041666666666666664 0.03697916666666667 0.07407407407407407
55 0.9682291666666667 0.9009259259259259 0.03177083333333333 0.07685185185185185
26 0.6854166666666667 9.259259259259259e-10 0.08697916666666666 0.1583333324074074
23 0.22604166666666667 0.06574074074074074 0.06197916666666667 0.12314814814814815
63 0.07291666666666667 0.4287037037037037 0.03177083333333333 0.06388888888888888
11 0.13229166666666667 0.7157407407407408 0.0296875 0.05925925925925926
34 0.6088541666666667 0.06666666666666667 0.0578125 0.11574074074074074
22 0.9364583333333333 0.23055555555555557 0.022916666666666665 0.046296296296296294
19 0.8234375 0.4962962962962963 0.0671875 0.13425925925925927
24 0.0078125 9.259259259259259e-10 0.0453125 0.06388888796296296
3 0.4822916666666667 9.259259259259259e-10 0.07760416666666667 0.03333333240740741
58 0.3963541666666667 0.49166666666666664 0.06770833333333333 0.13425925925925927
47 0.3697916666666667 0.5814814814814815 0.027604166666666666 0.05555555555555555
42 0.42552083333333335 0.5296296296296297 0.07135416666666666 0.1425925925925926
35 0.24947916666666667 0.5962962962962963 0.020833333333333332 0.041666666666666664
48 0.3020833333333333 0.6574074074074074 0.058333333333333334 0.11574074074074074
33 0.03333333333333333 0.44722222222222224 0.04895833333333333 0.09814814814814815
28 0.025520833333333333 0.49537037037037035 0.0734375 0.14629629629629629
39 0.5911458333333334 0.2796296296296296 0.04479166666666667 0.08981481481481482
5 0.14322916666666666 0.7138888888888889 0.0109375 0.022222222222222223
