54 0.2682291666666667 0.5305555555555556 0.027083333333333334 0.053703703703703705
34 0.08072916666666667 0.6537037037037037 0.0390625 0.07777777777777778
42 0.5828125 0.887962962962963 0.010416666666666666 0.021296296296296296
10 0.7322916666666667 0.11666666666666667 0.017708333333333333 0.03611111111111111
40 0.38958333333333334 0.06481481481481481 0.09114583333333333 0.18055555555555555
42 0.6833333333333333 0.287962962962963 0.007291666666666667 0.014814814814814815
55 0.7307291666666667 9.259259259259259e-10 0.07447916666666667 0.05648148055555556
36 0.9765625 0.06481481481481481 0.0234375 0.07222222222222222
54 0.7088541666666667 9.259259259259259e-10 0.058333333333333334 0.08703703611111112
59 0.34427083333333336 0.2638888888888889 0.07239583333333334 0.14444444444444443
40 0.9953125 9.259259259259259e-10 0.0046875 0.08888888796296296
26 0.31666666666666665 9.259259259259259e-10 0.03802083333333333 0.013888887962962964
60 0.6536458333333334 0.36666666666666664 0.0703125 0.1398148148148148
4 0.4010416666666667 0.03888888888888889 0.0140625 0.028703703703703703
17 0.9088541666666666 0.012037037037037037 0.06666666666666667 0.13240740740740742
29 0.409375 0.09074074074074075 0.0171875 0.03518518518518519
26 0.31145833333333334 0.6916666666666667 0.050520833333333334 0.1
29 0.6854166666666667 0.8481481481481481 0.00625 0.013888888888888888
28 0.06770833333333333 0.020370370370370372 0.0609375 0.12129629629629629
58 0.6421875 0.8379629629629629 0.028125 0.05648148148148148
