28 0.39114583333333336 0.22314814814814815 0.07395833333333333 0.14722222222222223
60 0.6369791666666667 0.29907407407407405 0.08958333333333333 0.17777777777777778
26 0.42552083333333335 0.6620370370370371 0.075 0.14907407407407408
9 0.684375 0.9796296296296296 0.0046875 0.010185185185185186
61 0.9234375 0.787962962962963 0.0171875 0.03518518518518519
46 0.8979166666666667 0.30092592592592593 0.06197916666666667 0.12407407407407407
45 0.10729166666666666 0.825 0.017708333333333333 0.03518518518518519
36 0.8973958333333333 0.6314814814814815 0.03802083333333333 0.07592592592592592
22 0.7895833333333333 0.8203703703703704 0.071875 0.1425925925925926
23 0.20052083333333334 0.5555555555555556 0.007291666666666667 0.01574074074074074
16 0.653125 0.8870370370370371 0.0203125 0.041666666666666664
63 0.7708333333333334 0.7842592592592592 0.09114583333333333 0.18055555555555555
43 0.13177083333333334 0.5009259259259259 0.06770833333333333 0.13425925925925927
33 0.6088541666666667 0.11481481481481481 0.08229166666666667 0.1638888888888889
51 0.440625 0.912962962962963 0.03333333333333333 0.06666666666666667
4 0.9614583333333333 0.20925925925925926 0.029166666666666667 0.058333333333333334
2 0.044270833333333336 0.5935185185185186 0.06770833333333333 0.13518518518518519
42 0.9161458333333333 0.21296296296296297 0.08385416666666666 0.1787037037037037
15 0.1046875 0.9444444444444444 0.0265625 0.05277777777777778
11 0.8380208333333333 0.08888888888888889 0.07552083333333333 0.15
