55 0.41458333333333336 0.9027777777777778 0.019791666666666666 0.040740740740740744
2 0.8692708333333333 0.8962962962962963 0.029166666666666667 0.05925925925925926
4 0.8151041666666666 0.37222222222222223 0.06145833333333333 0.12222222222222222
18 0.9911458333333333 0.15462962962962962 0.008854166666666666 0.07407407407407407
44 0.1578125 0.5962962962962963 0.029166666666666667 0.05925925925925926
36 0.7880208333333333 0.5555555555555556 0.0765625 0.15185185185185185
2 0.47604166666666664 0.4361111111111111 0.06197916666666667 0.12407407407407407
27 0.017708333333333333 0.37592592592592594 0.04791666666666667 0.0962962962962963
31 0.4635416666666667 0.5879629629629629 0.030729166666666665 0.062037037037037036
27 0.5338541666666666 0.8574074074074074 0.0671875 0.13425925925925927
18 0.6942708333333333 9.259259259259259e-10 0.04791666666666667 0.04814814722222222
53 0.3765625 0.4787037037037037 0.005208333333333333 0.011111111111111112
9 0.7723958333333333 9.259259259259259e-10 0.065625 0.04351851759259259
49 0.8776041666666666 0.8444444444444444 0.04895833333333333 0.09722222222222222
19 0.2713541666666667 0.8861111111111111 0.0546875 0.10925925925925926
17 0.7270833333333333 0.41388888888888886 0.06458333333333334 0.1287037037037037
19 0.9114583333333334 0.4861111111111111 0.05625 0.11203703703703703
59 0.775 0.7722222222222223 0.04375 0.08796296296296297
7 0.8119791666666667 0.13148148148148148 0.036458333333333336 0.07314814814814814
9 0.5723958333333333 0.5509259259259259 0.0359375 0.07222222222222222
