55 0.17864583333333334 0.875 0.033854166666666664 0.06759259259259259
40 0.46510416666666665 0.7351851851851852 0.06927083333333334 0.13796296296296295
47 0.8005208333333333 0.8342592592592593 0.07916666666666666 0.1574074074074074
58 0.6005208333333333 0.85 0.028645833333333332 0.05740740740740741
17 0.371875 0.02962962962962963 0.017708333333333333 0.03611111111111111
24 0.7171875 0.2712962962962963 0.05677083333333333 0.11296296296296296
39 0.5536458333333333 9.259259259259259e-10 0.013541666666666667 0.01018518425925926
43 0.2838541666666667 9.259259259259259e-10 0.0578125 0.01018518425925926
30 0.21510416666666668 0.44537037037037036 0.022916666666666665 0.046296296296296294
32 0.5151041666666667 0.24722222222222223 0.07604166666666666 0.15092592592592594
6 0.07447916666666667 0.5083333333333333 0.057291666666666664 0.11388888888888889
11 0.06614583333333333 0.712037037037037 0.009895833333333333 0.020370370370370372
27 0.3463541666666667 9.259259259259259e-10 0.06458333333333334 0.07870370277777779
42 0.06302083333333333 0.5851851851851851 0.008333333333333333 0.017592592592592594
50 0.8046875 0.4009259259259259 0.06197916666666667 0.12314814814814815
40 0.640625 0.3814814814814815 0.08854166666666667 0.17592592592592593
29 0.030208333333333334 9.259259259259259e-10 0.08697916666666666 0.1722222212962963
44 0.3651041666666667 0.8175925925925925 0.016666666666666666 0.03425925925925926
50 0.28489583333333335 0.13240740740740742 0.04739583333333333 0.09444444444444444
28 0.33229166666666665 0.6657407407407407 0.007291666666666667 0.01574074074074074
