29 0.32760416666666664 0.2 0.09010416666666667 0.1787037037037037
15 0.7291666666666666 0.5675925925925925 0.016666666666666666 0.03425925925925926
46 0.4739583333333333 0.6574074074074074 0.0375 0.075
58 0.26979166666666665 0.287962962962963 0.0515625 0.10277777777777777
2 0.3265625 9.259259259259259e-10 0.04791666666666667 0.09444444351851852
4 0.6822916666666666 0.2574074074074074 0.05260416666666667 0.10462962962962963
22 0.3963541666666667 0.7574074074074074 0.0067708333333333336 0.013888888888888888
43 0.044270833333333336 0.38425925925925924 0.016666666666666666 0.03333333333333333
23 0.1875 0.8157407407407408 0.09114583333333333 0.18055555555555555
51 0.7838541666666666 9.259259259259259e-10 0.0765625 0.050925925000000004
44 0.11614583333333334 0.21666666666666667 0.06822916666666666 0.13518518518518519
20 0.6942708333333333 9.259259259259259e-10 0.04791666666666667 0.08240740648148148
22 0.8557291666666667 0.5851851851851851 0.007291666666666667 0.014814814814814815
36 0.8979166666666667 0.06388888888888888 0.05625 0.11203703703703703
3 0.7552083333333334 0.39166666666666666 0.06979166666666667 0.1388888888888889
50 0.1203125 0.7666666666666667 0.07864583333333333 0.15555555555555556
25 0.2078125 0.9555555555555556 0.009895833333333333 0.021296296296296296
37 0.07291666666666667 9.259259259259259e-10 0.019270833333333334 0.0055555546296296296
20 0.6989583333333333 0.8944444444444445 0.019791666666666666 0.03981481481481482
34 0.027604166666666666 0.799074074074074 0.030208333333333334 0.06111111111111111
