55 0.7921875 0.175 0.03125 0.06296296296296296
15 0.9208333333333333 0.35648148148148145 0.0125 0.025
61 0.25625 0.687962962962963 0.0734375 0.14537037037037037
37 0.06614583333333333 0.8583333333333333 0.0671875 0.13333333333333333
44 0.8546875 0.32685185185185184 0.08229166666666667 0.16296296296296298
53 0.5338541666666666 0.5638888888888889 0.078125 0.15555555555555556
34 0.04010416666666667 0.19907407407407407 0.03333333333333333 0.06666666666666667
50 0.3390625 0.47314814814814815 0.008333333333333333 0.017592592592592594
62 0.32864583333333336 0.13518518518518519 0.013541666666666667 0.027777777777777776
63 0.4296875 0.287962962962963 0.06822916666666666 0.1361111111111111
29 0.9916666666666667 0.14907407407407408 0.008333333333333333 0.040740740740740744
26 0.21927083333333333 0.8037037037037037 0.0265625 0.05277777777777778
36 0.29375 0.24722222222222223 0.024479166666666666 0.049074074074074076
30 0.9098958333333333 0.8657407407407407 0.04635416666666667 0.09259259259259259
24 0.9770833333333333 0.19074074074074074 0.022916666666666665 0.16296296296296298
34 0.06875 0.7537037037037037 0.0046875 0.010185185185185186
33 0.5328125 0.387037037037037 0.008333333333333333 0.016666666666666666
45 0.0171875 0.5481481481481482 0.08125 0.16203703703703703
28 0.6151041666666667 0.937962962962963 0.029166666666666667 0.058333333333333334
14 0.5890625 0.2759259259259259 0.08385416666666666 0.16666666666666666
