55 0.65 0.47314814814814815 0.0046875 0.010185185185185186
24 0.7213541666666666 0.8379629629629629 0.050520833333333334 0.10092592592592593
27 0.7255208333333333 0.016666666666666666 0.0390625 0.07777777777777778
51 0.6390625 0.774074074074074 0.04739583333333333 0.09444444444444444
33 0.5197916666666667 9.259259259259259e-10 0.049479166666666664 0.04351851759259259
51 0.20572916666666666 9.259259259259259e-10 0.03697916666666667 0.054629628703703706
31 0.5510416666666667 0.8212962962962963 0.0640625 0.12777777777777777
25 0.875 0.5425925925925926 0.084375 0.1675925925925926
26 0.6723958333333333 0.8074074074074075 0.04791666666666667 0.09537037037037037
54 0.4166666666666667 0.24722222222222223 0.05416666666666667 0.10740740740740741
7 0.9963541666666667 0.6037037037037037 0.0036458333333333334 0.049074074074074076
39 0.7598958333333333 0.20925925925925926 0.08854166666666667 0.17592592592592593
49 0.7072916666666667 0.5388888888888889 0.011979166666666667 0.024074074074074074
9 0.6328125 0.4222222222222222 0.028645833333333332 0.05740740740740741
55 0.9958333333333333 0.700925925925926 0.004166666666666667 0.10925925925925926
24 0.6677083333333333 0.29444444444444445 0.036458333333333336 0.07314814814814814
21 0.7828125 0.7481481481481481 0.03229166666666667 0.06388888888888888
42 0.23125 9.259259259259259e-10 0.084375 0.15925925833333335
53 0.85 9.259259259259259e-10 0.0734375 0.07499999907407408
39 0.8796875 0.8083333333333333 0.015625 0.03148148148148148
