29 0.20208333333333334 0.8962962962962963 0.035416666666666666 0.07037037037037037
60 0.12916666666666668 0.25925925925925924 0.07760416666666667 0.15462962962962962
47 0.9520833333333333 0.5268518518518519 0.04791666666666667 0.15185185185185185
30 0.0515625 0.5601851851851852 0.06197916666666667 0.12314814814814815
10 0.7890625 0.2574074074074074 0.015104166666666667 0.030555555555555555
35 0.5833333333333334 0.03796296296296296 0.06979166666666667 0.13796296296296295
34 0.32395833333333335 0.7935185185185185 0.059895833333333336 0.11851851851851852
63 0.9265625 0.8324074074074074 0.022395833333333334 0.04537037037037037
52 0.8078125 0.35 0.016666666666666666 0.03333333333333333
3 0.7135416666666666 0.4324074074074074 0.07604166666666666 0.15092592592592594
62 0.6453125 0.3962962962962963 0.0125 0.025925925925925925
43 0.5739583333333333 0.025 0.010416666666666666 0.021296296296296296
44 0.225 0.23703703703703705 0.0140625 0.02962962962962963
6 0.3489583333333333 0.06481481481481481 0.022916666666666665 0.046296296296296294
21 0.4192708333333333 0.7416666666666667 0.025 0.05092592592592592
46 0.21145833333333333 0.09722222222222222 0.015625 0.03148148148148148
38 0.4192708333333333 0.8240740740740741 0.0265625 0.053703703703703705
58 0.4484375 9.259259259259259e-10 0.058333333333333334 0.028703702777777777
38 0.13385416666666666 0.7231481481481481 0.014583333333333334 0.02962962962962963
6 0.41875 0.5268518518518519 0.049479166666666664 0.09907407407407408
