56 0.22760416666666666 0.8694444444444445 0.0109375 0.022222222222222223
3 0.9265625 0.022222222222222223 0.065625 0.13055555555555556
13 0.41875 0.5324074074074074 0.021354166666666667 0.04259259259259259
53 0.0067708333333333336 0.8703703703703703 0.017708333333333333 0.03611111111111111
49 0.0359375 0.887962962962963 0.026041666666666668 0.05277777777777778
47 0.096875 0.5314814814814814 0.075 0.14907407407407408
10 0.4947916666666667 0.24444444444444444 0.07395833333333333 0.14722222222222223
4 0.7697916666666667 0.37777777777777777 0.049479166666666664 0.09814814814814815
20 0.9260416666666667 0.4064814814814815 0.03697916666666667 0.07314814814814814
40 0.6354166666666666 0.7861111111111111 0.06197916666666667 0.12314814814814815
16 0.8125 0.5138888888888888 0.04375 0.08796296296296297
30 0.8703125 0.30925925925925923 0.008333333333333333 0.017592592592592594
26 0.3567708333333333 0.7601851851851852 0.058333333333333334 0.11666666666666667
12 0.5494791666666666 0.31203703703703706 0.08125 0.16111111111111112
56 0.303125 0.8981481481481481 0.0390625 0.07777777777777778
44 0.8760416666666667 0.3453703703703704 0.052083333333333336 0.10462962962962963
63 0.1015625 0.7564814814814815 0.03333333333333333 0.06759259259259259
2 0.19895833333333332 0.19444444444444445 0.0625 0.12407407407407407
2 0.203125 0.32037037037037036 0.07083333333333333 0.14166666666666666
19 0.5598958333333334 0.5175925925925926 0.0765625 0.1527777777777778
