30 0.7479166666666667 0.7148148148148148 0.03802083333333333 0.07592592592592592
4 0.2390625 0.7518518518518519 0.022395833333333334 0.04537037037037037
57 0.15208333333333332 0.6805555555555556 0.024479166666666666 0.049074074074074076
26 0.7479166666666667 0.3712962962962963 0.04583333333333333 0.09074074074074075
18 0.6682291666666667 9.259259259259259e-10 0.04791666666666667 0.06666666574074075
48 0.8739583333333333 9.259259259259259e-10 0.07135416666666666 0.037037036111111116
63 0.16197916666666667 0.1814814814814815 0.08229166666666667 0.1638888888888889
10 0.9864583333333333 0.09351851851851851 0.013541666666666667 0.18518518518518517
56 0.1625 0.0787037037037037 0.046875 0.09351851851851851
44 0.6578125 0.18888888888888888 0.033854166666666664 0.06759259259259259
12 0.8369791666666667 9.259259259259259e-10 0.05364583333333333 0.08518518425925926
35 0.334375 0.2490740740740741 0.0078125 0.01574074074074074
29 0.16458333333333333 0.13240740740740742 0.053125 0.10555555555555556
30 0.60625 0.7675925925925926 0.018229166666666668 0.03611111111111111
57 0.07760416666666667 0.7851851851851852 0.058333333333333334 0.11666666666666667
13 0.8088541666666667 0.6972222222222222 0.0734375 0.14629629629629629
59 0.16822916666666668 0.6611111111111111 0.0671875 0.13333333333333333
28 0.3854166666666667 0.19537037037037036 0.03177083333333333 0.06388888888888888
53 0.7734375 0.23333333333333334 0.030729166666666665 0.062037037037037036
46 0.20520833333333333 0.6972222222222222 0.027604166666666666 0.05555555555555555
