30 0.4734375 0.5962962962962963 0.03177083333333333 0.06388888888888888
12 0.36354166666666665 0.812962962962963 0.0640625 0.12777777777777777
13 0.7161458333333334 0.2953703703703704 0.016145833333333335 0.032407407407407406
29 0.265625 0.8305555555555556 0.015625 0.03148148148148148
60 0.8354166666666667 0.07777777777777778 0.0067708333333333336 0.013888888888888888
42 0.42135416666666664 0.1675925925925926 0.017708333333333333 0.03611111111111111
48 0.27239583333333334 0.18333333333333332 0.030208333333333334 0.06018518518518518
26 0.07447916666666667 0.35 0.06458333333333334 0.12777777777777777
37 0.7947916666666667 0.3037037037037037 0.0375 0.075
52 0.027604166666666666 0.4101851851851852 0.0046875 0.010185185185185186
43 0.5015625 0.6731481481481482 0.041666666666666664 0.08333333333333333
40 0.5885416666666666 0.7592592592592593 0.0265625 0.053703703703703705
38 0.27291666666666664 0.5472222222222223 0.0671875 0.13333333333333333
8 0.571875 0.03425925925925926 0.043229166666666666 0.08703703703703704
34 0.35572916666666665 0.7379629629629629 0.08958333333333333 0.17777777777777778
57 0.8963541666666667 0.6018518518518519 0.05416666666666667 0.10833333333333334
29 0.415625 0.22685185185185186 0.08072916666666667 0.16018518518518518
46 0.19635416666666666 0.4537037037037037 0.0703125 0.1398148148148148
55 0.40729166666666666 0.3037037037037037 0.03854166666666667 0.07777777777777778
45 0.8583333333333333 0.24537037037037038 0.08802083333333334 0.175
