30 0.1515625 0.5509259259259259 0.06822916666666666 0.13518518518518519
40 0.9619791666666667 9.259259259259259e-10 0.03802083333333333 0.05185185092592593
62 0.36666666666666664 0.25092592592592594 0.0328125 0.06574074074074074
30 0.7364583333333333 0.5592592592592592 0.08020833333333334 0.15925925925925927
30 0.20208333333333334 0.29259259259259257 0.0671875 0.13425925925925927
57 0.8015625 0.3592592592592593 0.0265625 0.053703703703703705
28 0.07760416666666667 0.912962962962963 0.030208333333333334 0.06018518518518518
38 0.2453125 0.3638888888888889 0.08854166666666667 0.17592592592592593
10 0.4557291666666667 0.5425925925925926 0.04739583333333333 0.09444444444444444
56 0.36875 0.8277777777777777 0.05260416666666667 0.10462962962962963
55 0.004166666666666667 0.5555555555555556 0.0625 0.125
36 0.11354166666666667 0.7611111111111111 0.04895833333333333 0.09814814814814815
12 0.38125 0.24074074074074073 0.08177083333333333 0.16296296296296298
21 0.6869791666666667 0.6546296296296297 0.065625 0.13055555555555556
17 0.0640625 0.27870370370370373 0.04010416666666667 0.07962962962962963
27 0.7005208333333334 9.259259259259259e-10 0.0609375 0.08518518425925926
24 0.2015625 0.7527777777777778 0.0265625 0.053703703703703705
35 0.48020833333333335 0.7287037037037037 0.022916666666666665 0.046296296296296294
62 0.6453125 0.5037037037037037 0.08125 0.16111111111111112
57 0.17447916666666666 0.9592592592592593 0.009375 0.019444444444444445
