30 0.7942708333333334 0.6481481481481481 0.07916666666666666 0.1574074074074074
44 0.7182291666666667 0.21296296296296297 0.0359375 0.07222222222222222
62 0.4739583333333333 0.34074074074074073 0.09322916666666667 0.18518518518518517
2 0.6473958333333333 0.8722222222222222 0.0067708333333333336 0.014814814814814815
46 0.2203125 0.8074074074074075 0.008854166666666666 0.018518518518518517
59 0.09114583333333333 0.35833333333333334 0.084375 0.1675925925925926
25 0.9041666666666667 0.4935185185185185 0.0296875 0.06018518518518518
13 0.023958333333333335 0.5370370370370371 0.00625 0.012962962962962963
52 0.6807291666666667 0.4361111111111111 0.059375 0.1175925925925926
42 0.4432291666666667 0.4583333333333333 0.008854166666666666 0.018518518518518517
2 0.08541666666666667 0.6157407407407407 0.020833333333333332 0.04259259259259259
2 0.09270833333333334 0.11851851851851852 0.026041666666666668 0.05185185185185185
53 0.68125 0.06481481481481481 0.041666666666666664 0.08333333333333333
16 0.10208333333333333 0.6694444444444444 0.08125 0.16111111111111112
47 0.27395833333333336 0.9037037037037037 0.0375 0.075
6 0.9895833333333334 9.259259259259259e-10 0.010416666666666666 0.07314814722222222
4 0.14114583333333333 0.13796296296296295 0.07708333333333334 0.1537037037037037
62 0.4875 0.3351851851851852 0.05572916666666667 0.1111111111111111
23 0.42291666666666666 9.259259259259259e-10 0.09114583333333333 0.01666666574074074
56 0.4796875 0.8342592592592593 0.040625 0.08055555555555556
