30 0.39010416666666664 0.6222222222222222 0.07083333333333333 0.14166666666666666
57 0.909375 0.4601851851851852 0.009895833333333333 0.020370370370370372
18 0.21979166666666666 0.7851851851851852 0.024479166666666666 0.05
39 0.3380208333333333 0.8935185185185185 0.04114583333333333 0.0824074074074074
40 0.8192708333333333 0.32314814814814813 0.008333333333333333 0.017592592592592594
38 0.4166666666666667 0.5879629629629629 0.04895833333333333 0.09814814814814815
28 0.54375 9.259259259259259e-10 0.03802083333333333 0.046296295370370374
45 0.2515625 9.259259259259259e-10 0.08177083333333333 0.1287037027777778
11 0.33229166666666665 0.637962962962963 0.059375 0.1175925925925926
32 0.17552083333333332 0.15 0.011458333333333333 0.024074074074074074
42 0.6416666666666667 0.27037037037037037 0.013541666666666667 0.027777777777777776
25 0.19375 0.1638888888888889 0.0421875 0.08425925925925926
3 0.18802083333333333 0.7185185185185186 0.08489583333333334 0.1685185185185185
44 0.8041666666666667 0.6666666666666666 0.0609375 0.12129629629629629
48 0.38958333333333334 0.29444444444444445 0.08072916666666667 0.16111111111111112
23 0.7119791666666667 0.47129629629629627 0.08385416666666666 0.16666666666666666
42 0.19322916666666667 0.08703703703703704 0.05520833333333333 0.11018518518518519
31 0.4421875 0.3333333333333333 0.03958333333333333 0.07962962962962963
31 0.4921875 9.259259259259259e-10 0.052083333333333336 0.01666666574074074
31 0.6026041666666667 0.3287037037037037 0.058333333333333334 0.11574074074074074
