30 0.965625 0.24166666666666667 0.010416666666666666 0.021296296296296296
57 0.7286458333333333 0.850925925925926 0.07083333333333333 0.14074074074074075
36 0.4557291666666667 0.5842592592592593 0.08333333333333333 0.16574074074074074
41 0.8375 0.44074074074074077 0.08854166666666667 0.17592592592592593
58 0.23020833333333332 9.259259259259259e-10 0.0890625 0.012962962037037038
21 0.4427083333333333 0.6129629629629629 0.053125 0.10555555555555556
55 0.5463541666666667 0.25833333333333336 0.04114583333333333 0.0824074074074074
47 0.5078125 0.7592592592592593 0.06041666666666667 0.12037037037037036
54 0.6083333333333333 0.7972222222222223 0.06666666666666667 0.13240740740740742
23 0.03125 0.5731481481481482 0.08802083333333334 0.175
62 0.5848958333333333 0.1648148148148148 0.09166666666666666 0.1824074074074074
6 0.8171875 0.48055555555555557 0.07552083333333333 0.15
60 0.4197916666666667 0.20092592592592592 0.021354166666666667 0.04259259259259259
55 0.6588541666666666 0.3962962962962963 0.0890625 0.17685185185185184
17 0.39166666666666666 0.2916666666666667 0.015104166666666667 0.030555555555555555
61 0.9953125 0.03333333333333333 0.0046875 0.040740740740740744
19 0.746875 0.3962962962962963 0.042708333333333334 0.08518518518518518
34 0.0078125 0.2222222222222222 0.005729166666666666 0.012037037037037037
36 0.29791666666666666 0.1388888888888889 0.027604166666666666 0.05555555555555555
60 0.9046875 0.7046296296296296 0.07604166666666666 0.15185185185185185
