56 0.46510416666666665 9.259259259259259e-10 0.058854166666666666 0.08333333240740741
33 0.60625 0.46944444444444444 0.06927083333333334 0.13796296296296295
22 0.20625 0.22962962962962963 0.0140625 0.028703703703703703
61 0.0453125 0.4759259259259259 0.021354166666666667 0.04259259259259259
51 0.26614583333333336 0.17685185185185184 0.035416666666666666 0.0712962962962963
30 0.3609375 0.5111111111111111 0.08697916666666666 0.17314814814814813
39 0.9828125 0.2175925925925926 0.0171875 0.11481481481481481
8 0.7057291666666666 9.259259259259259e-10 0.09322916666666667 0.18148148055555555
49 0.5385416666666667 0.7861111111111111 0.049479166666666664 0.09907407407407408
19 0.2734375 0.6657407407407407 0.050520833333333334 0.10092592592592593
27 0.209375 0.5185185185185185 0.05416666666666667 0.10833333333333334
31 0.55 0.5425925925925926 0.05364583333333333 0.10648148148148148
49 0.28177083333333336 0.8851851851851852 0.021875 0.044444444444444446
12 0.48385416666666664 0.6805555555555556 0.07760416666666667 0.15462962962962962
47 0.08125 0.21851851851851853 0.03177083333333333 0.06296296296296296
57 0.6239583333333333 0.5092592592592593 0.03697916666666667 0.07314814814814814
34 0.484375 0.37962962962962965 0.03958333333333333 0.07962962962962963
56 0.5776041666666667 0.4166666666666667 0.007291666666666667 0.01574074074074074
21 0.018229166666666668 0.42777777777777776 0.04114583333333333 0.0824074074074074
12 0.9875 0.16666666666666666 0.0125 0.1824074074074074
