57 0.47552083333333334 0.9712962962962963 0.011458333333333333 0.024074074074074074
7 0.04479166666666667 0.8083333333333333 0.04739583333333333 0.09537037037037037
24 0.8223958333333333 0.3287037037037037 0.034375 0.06851851851851852
48 0.4010416666666667 0.6472222222222223 0.034375 0.06851851851851852
46 0.34739583333333335 0.1527777777777778 0.0171875 0.03425925925925926
22 0.39947916666666666 0.6305555555555555 0.0046875 0.010185185185185186
10 0.19010416666666666 0.6777777777777778 0.04375 0.08796296296296297
45 0.865625 0.10462962962962963 0.04895833333333333 0.09814814814814815
33 0.7104166666666667 0.2 0.07864583333333333 0.15648148148148147
52 0.09947916666666666 9.259259259259259e-10 0.084375 0.07777777685185186
11 0.6427083333333333 0.8518518518518519 0.059895833333333336 0.11944444444444445
24 0.3614583333333333 9.259259259259259e-10 0.01875 0.0055555546296296296
29 0.14375 0.8342592592592593 0.059895833333333336 0.11944444444444445
29 0.8359375 0.6370370370370371 0.036458333333333336 0.07314814814814814
51 0.28125 0.1925925925925926 0.0203125 0.040740740740740744
40 0.0125 0.42962962962962964 0.06770833333333333 0.13518518518518519
45 0.5020833333333333 0.6518518518518519 0.0046875 0.010185185185185186
22 0.7338541666666667 0.45092592592592595 0.043229166666666666 0.08703703703703704
25 0.15572916666666667 0.287962962962963 0.0734375 0.14537037037037037
3 0.10520833333333333 0.20555555555555555 0.0265625 0.053703703703703705
