57 0.165625 0.7537037037037037 0.058854166666666666 0.1175925925925926
12 0.9026041666666667 0.7 0.0375 0.075
33 0.4671875 9.259259259259259e-10 0.0390625 0.001851850925925926
27 0.9682291666666667 0.3194444444444444 0.03177083333333333 0.18425925925925926
45 0.8479166666666667 0.4842592592592593 0.033854166666666664 0.06759259259259259
59 0.4713541666666667 0.6916666666666667 0.07395833333333333 0.14722222222222223
41 0.5635416666666667 0.5638888888888889 0.017708333333333333 0.03611111111111111
4 0.9479166666666666 0.26481481481481484 0.0515625 0.10277777777777777
48 0.3484375 0.9462962962962963 0.016145833333333335 0.032407407407407406
56 0.20104166666666667 0.24351851851851852 0.058854166666666666 0.1175925925925926
48 0.646875 0.08333333333333333 0.028645833333333332 0.05740740740740741
53 0.5651041666666666 0.14629629629629629 0.057291666666666664 0.11481481481481481
21 0.9182291666666667 0.06296296296296296 0.005208333333333333 0.012037037037037037
25 0.3963541666666667 0.9601851851851851 0.011979166666666667 0.025
63 0.9489583333333333 0.7981481481481482 0.04114583333333333 0.0824074074074074
16 0.005729166666666666 0.03888888888888889 0.03177083333333333 0.06388888888888888
29 0.5213541666666667 9.259259259259259e-10 0.0703125 0.0935185175925926
44 0.7911458333333333 0.8027777777777778 0.01875 0.03796296296296296
3 0.8682291666666667 0.41944444444444445 0.07291666666666667 0.14444444444444443
53 0.20052083333333334 0.8361111111111111 0.016145833333333335 0.032407407407407406
