31 0.07083333333333333 0.8240740740740741 0.084375 0.1675925925925926
13 0.2755208333333333 0.024074074074074074 0.09114583333333333 0.1814814814814815
37 0.1546875 0.687962962962963 0.0859375 0.17037037037037037
52 0.25 9.259259259259259e-10 0.0265625 0.006481480555555555
46 0.2630208333333333 0.7537037037037037 0.0375 0.075
27 0.8041666666666667 0.2064814814814815 0.06822916666666666 0.1361111111111111
23 0.38645833333333335 9.259259259259259e-10 0.0484375 0.06111111018518519
41 0.04635416666666667 0.25092592592592594 0.07916666666666666 0.1574074074074074
43 0.4119791666666667 0.7555555555555555 0.021875 0.044444444444444446
17 0.14583333333333334 0.275 0.08072916666666667 0.16018518518518518
54 0.25 0.9037037037037037 0.044270833333333336 0.08888888888888889
3 0.221875 0.6185185185185185 0.03125 0.062037037037037036
19 0.8807291666666667 0.8268518518518518 0.057291666666666664 0.11388888888888889
16 0.5411458333333333 0.07962962962962963 0.019791666666666666 0.03981481481481482
52 0.565625 0.7768518518518519 0.043229166666666666 0.08703703703703704
50 0.48385416666666664 0.1398148148148148 0.03229166666666667 0.06481481481481481
2 0.6442708333333333 0.18333333333333332 0.05 0.09907407407407408
40 0.8630208333333333 0.5203703703703704 0.075 0.14907407407407408
21 0.15052083333333333 0.09444444444444444 0.0234375 0.04722222222222222
48 0.6296875 0.5027777777777778 0.0484375 0.09722222222222222
