t 0.8895833333333333 0.7222222222222222 0.015625 1.4768518518518519
N 0.8895833333333333 0.7222222222222222 0.015625 1.4768518518518519
a 0.8895833333333333 0.7222222222222222 0.015625 1.4768518518518519
L 0.8895833333333333 0.7222222222222222 0.015625 1.4768518518518519
c 0.8895833333333333 0.7222222222222222 0.015625 1.4768518518518519
y 0.8895833333333333 0.7222222222222222 0.015625 1.4768518518518519
f 0.8895833333333333 0.7222222222222222 0.015625 1.4768518518518519
I 0.8895833333333333 0.7222222222222222 0.015625 1.4768518518518519
e 0.8895833333333333 0.7222222222222222 0.015625 1.4768518518518519
C 0.8895833333333333 0.7222222222222222 0.015625 1.4768518518518519
7 0.8895833333333333 0.7222222222222222 0.015625 1.4768518518518519
m 0.8895833333333333 0.7222222222222222 0.015625 1.4768518518518519
H 0.8895833333333333 0.7222222222222222 0.015625 1.4768518518518519
X 0.8895833333333333 0.7222222222222222 0.015625 1.4768518518518519
2 0.8895833333333333 0.7222222222222222 0.015625 1.4768518518518519
5 0.8895833333333333 0.7222222222222222 0.015625 1.4768518518518519
8 0.8895833333333333 0.7222222222222222 0.015625 1.4768518518518519
2 0.8895833333333333 0.7222222222222222 0.015625 1.4768518518518519
o 0.8895833333333333 0.7222222222222222 0.015625 1.4768518518518519
q 0.8895833333333333 0.7222222222222222 0.015625 1.4768518518518519
