31 0.9822916666666667 0.8907407407407407 0.0067708333333333336 0.014814814814814815
56 0.084375 0.4027777777777778 0.028645833333333332 0.05740740740740741
6 0.8947916666666667 0.2222222222222222 0.0328125 0.06574074074074074
33 0.3541666666666667 0.3638888888888889 0.06041666666666667 0.12037037037037036
17 0.9119791666666667 9.259259259259259e-10 0.07760416666666667 0.08425925833333334
21 0.5291666666666667 0.7037037037037037 0.016666666666666666 0.03333333333333333
11 0.32083333333333336 0.8601851851851852 0.06770833333333333 0.13425925925925927
30 0.22760416666666666 0.14907407407407408 0.09166666666666666 0.1824074074074074
62 0.049479166666666664 0.1527777777777778 0.03854166666666667 0.07685185185185185
24 0.13958333333333334 9.259259259259259e-10 0.07135416666666666 0.075925925
3 0.575 0.021296296296296296 0.040625 0.08055555555555556
47 0.7005208333333334 0.7212962962962963 0.06927083333333334 0.13703703703703704
48 0.8338541666666667 0.9018518518518519 0.015625 0.032407407407407406
56 0.2890625 0.7185185185185186 0.06197916666666667 0.12314814814814815
40 0.8791666666666667 9.259259259259259e-10 0.07135416666666666 0.03888888796296296
48 0.12760416666666666 0.22777777777777777 0.01875 0.03796296296296296
26 0.3494791666666667 0.4398148148148148 0.0859375 0.1712962962962963
41 5.208333333333333e-10 9.259259259259259e-10 0.08333333281250001 0.015740739814814813
30 0.15416666666666667 0.3398148148148148 0.06302083333333333 0.1259259259259259
23 0.25364583333333335 0.2657407407407407 0.050520833333333334 0.10092592592592593
