57 0.21145833333333333 0.4083333333333333 0.041666666666666664 0.08333333333333333
58 0.26979166666666665 0.25 0.057291666666666664 0.11388888888888889
13 0.24270833333333333 9.259259259259259e-10 0.033854166666666664 0.020370369444444442
21 0.6890625 0.16944444444444445 0.07916666666666666 0.1574074074074074
16 0.5119791666666667 0.6259259259259259 0.017708333333333333 0.03611111111111111
45 0.3375 0.7851851851851852 0.050520833333333334 0.10092592592592593
28 0.659375 0.01574074074074074 0.05364583333333333 0.10648148148148148
37 0.5338541666666666 0.762962962962963 0.044270833333333336 0.08888888888888889
10 0.675 0.003703703703703704 0.0109375 0.023148148148148147
7 0.7802083333333333 0.3592592592592593 0.059895833333333336 0.11944444444444445
45 0.9942708333333333 9.259259259259259e-10 0.005729166666666666 0.04999999907407408
16 0.26197916666666665 0.8851851851851852 0.04895833333333333 0.09814814814814815
10 0.68125 0.4083333333333333 0.08854166666666667 0.17592592592592593
3 0.39166666666666666 0.37592592592592594 0.030208333333333334 0.06111111111111111
41 0.284375 9.259259259259259e-10 0.07604166666666666 0.01944444351851852
9 0.7885416666666667 0.2657407407407407 0.00625 0.012962962962962963
35 0.5552083333333333 0.700925925925926 0.04635416666666667 0.09259259259259259
10 0.8072916666666666 0.24074074074074073 0.03802083333333333 0.07592592592592592
6 0.47291666666666665 0.1814814814814815 0.022395833333333334 0.04537037037037037
53 0.625 0.9157407407407407 0.04114583333333333 0.08148148148148149
