32 0.6578125 0.26944444444444443 0.028645833333333332 0.05740740740740741
3 0.5140625 0.8296296296296296 0.06145833333333333 0.12222222222222222
57 0.14635416666666667 0.013888888888888888 0.0921875 0.18333333333333332
31 0.4864583333333333 0.23425925925925925 0.05 0.1
42 0.16666666666666666 0.04537037037037037 0.03333333333333333 0.06759259259259259
5 0.18385416666666668 0.17407407407407408 0.027604166666666666 0.05555555555555555
44 0.6442708333333333 0.6583333333333333 0.0421875 0.08425925925925926
28 0.496875 0.65 0.028645833333333332 0.05740740740740741
41 0.6703125 0.925 0.015104166666666667 0.03148148148148148
53 0.7666666666666667 0.7444444444444445 0.08489583333333334 0.1685185185185185
62 0.8973958333333333 0.032407407407407406 0.0796875 0.15833333333333333
55 0.7109375 0.22685185185185186 0.036458333333333336 0.07222222222222222
45 0.7208333333333333 0.05185185185185185 0.009375 0.019444444444444445
63 0.4421875 0.25092592592592594 0.043229166666666666 0.08703703703703704
29 0.190625 0.15833333333333333 0.016666666666666666 0.03425925925925926
58 0.4921875 0.4203703703703704 0.027083333333333334 0.05462962962962963
39 0.9479166666666666 0.6638888888888889 0.052083333333333336 0.12314814814814815
3 0.9015625 0.9296296296296296 0.014583333333333334 0.02962962962962963
61 0.7296875 0.8231481481481482 0.05364583333333333 0.10740740740740741
38 0.9015625 0.29444444444444445 0.029166666666666667 0.05925925925925926
