58 0.5697916666666667 0.7833333333333333 0.0234375 0.04722222222222222
3 0.8984375 0.6675925925925926 0.09322916666666667 0.18518518518518517
52 0.628125 0.1287037037037037 0.08177083333333333 0.16296296296296298
42 0.3145833333333333 0.8435185185185186 0.04583333333333333 0.09166666666666666
49 0.0984375 0.7435185185185185 0.050520833333333334 0.10092592592592593
43 0.6114583333333333 0.7435185185185185 0.030208333333333334 0.06111111111111111
4 0.8697916666666666 0.5546296296296296 0.007291666666666667 0.01574074074074074
21 0.12291666666666666 0.4388888888888889 0.0067708333333333336 0.014814814814814815
39 0.030729166666666665 0.06944444444444445 0.0375 0.075
47 0.7864583333333334 0.5453703703703704 0.08333333333333333 0.16574074074074074
37 0.8734375 0.1824074074074074 0.0109375 0.023148148148148147
19 0.7354166666666667 0.8518518518518519 0.005208333333333333 0.011111111111111112
8 0.4239583333333333 0.35555555555555557 0.08697916666666666 0.17314814814814813
14 0.1296875 0.3148148148148148 0.0859375 0.1712962962962963
4 0.43020833333333336 9.259259259259259e-10 0.071875 0.09166666574074074
54 0.35052083333333334 0.6129629629629629 0.00625 0.013888888888888888
7 0.6807291666666667 0.4009259259259259 0.0609375 0.12129629629629629
45 0.7177083333333333 0.022222222222222223 0.05572916666666667 0.1111111111111111
15 0.2515625 0.3712962962962963 0.010416666666666666 0.022222222222222223
38 0.7776041666666667 0.8861111111111111 0.03333333333333333 0.06666666666666667
