58 0.11458333333333333 0.5296296296296297 0.007291666666666667 0.01574074074074074
10 0.9473958333333333 0.5074074074074074 0.015625 0.03148148148148148
18 0.11979166666666667 0.012962962962962963 0.07083333333333333 0.14166666666666666
45 0.3875 0.1111111111111111 0.030208333333333334 0.06018518518518518
32 0.18697916666666667 0.03796296296296296 0.08645833333333333 0.17222222222222222
16 0.3932291666666667 0.4388888888888889 0.022916666666666665 0.046296296296296294
53 0.3859375 0.9083333333333333 0.0296875 0.06018518518518518
10 0.7859375 0.1675925925925926 0.013541666666666667 0.026851851851851852
59 0.9796875 0.5518518518518518 0.0203125 0.14814814814814814
36 0.9020833333333333 0.5777777777777777 0.030208333333333334 0.06018518518518518
24 0.04791666666666667 0.5805555555555556 0.049479166666666664 0.09814814814814815
38 0.32708333333333334 0.5027777777777778 0.03802083333333333 0.07592592592592592
18 0.2682291666666667 0.13148148148148148 0.020833333333333332 0.041666666666666664
41 0.09895833333333333 0.1425925925925926 0.027604166666666666 0.05555555555555555
55 0.778125 0.3537037037037037 0.08645833333333333 0.1712962962962963
8 0.028125 0.6046296296296296 0.03854166666666667 0.07777777777777778
18 0.7697916666666667 0.04814814814814815 0.08958333333333333 0.17777777777777778
51 0.24947916666666667 0.32592592592592595 0.009375 0.019444444444444445
14 0.05572916666666667 0.6638888888888889 0.019791666666666666 0.03981481481481482
34 0.6208333333333333 0.6833333333333333 0.06979166666666667 0.1388888888888889
