32 0.6401041666666667 0.075 0.03854166666666667 0.07685185185185185
14 0.3984375 0.9694444444444444 0.00625 0.012962962962962963
21 0.10416666666666667 0.3416666666666667 0.030729166666666665 0.062037037037037036
8 0.4125 0.6333333333333333 0.0921875 0.18333333333333332
55 0.25677083333333334 0.6944444444444444 0.026041666666666668 0.05277777777777778
29 0.7401041666666667 9.259259259259259e-10 0.08489583333333334 0.05370370277777778
32 0.16041666666666668 0.3712962962962963 0.07447916666666667 0.14814814814814814
25 0.26875 0.6240740740740741 0.0078125 0.01574074074074074
21 0.3770833333333333 0.18333333333333332 0.005729166666666666 0.012962962962962963
41 0.5494791666666666 9.259259259259259e-10 0.05572916666666667 0.06111111018518519
49 0.49375 0.37962962962962965 0.04895833333333333 0.09814814814814815
34 0.12708333333333333 0.6453703703703704 0.0875 0.17314814814814813
42 0.12135416666666667 0.3398148148148148 0.022395833333333334 0.04537037037037037
23 0.14010416666666667 0.7027777777777777 0.013541666666666667 0.027777777777777776
18 0.05677083333333333 0.7685185185185185 0.0328125 0.06574074074074074
37 0.015625 0.10925925925925926 0.0734375 0.14629629629629629
58 0.25833333333333336 0.6675925925925926 0.05260416666666667 0.10462962962962963
62 0.6947916666666667 0.37037037037037035 0.04479166666666667 0.08981481481481482
61 0.490625 0.2722222222222222 0.05416666666666667 0.10833333333333334
55 0.003125 0.38796296296296295 0.05 0.1
