32 0.728125 9.259259259259259e-10 0.09322916666666667 0.13518518425925927
22 0.21822916666666667 0.5740740740740741 0.08020833333333334 0.15925925925925927
51 0.23125 0.17314814814814813 0.044270833333333336 0.08888888888888889
25 0.08541666666666667 0.20185185185185187 0.024479166666666666 0.049074074074074076
61 0.46458333333333335 9.259259259259259e-10 0.04635416666666667 0.07129629537037037
13 0.41770833333333335 0.4027777777777778 0.049479166666666664 0.09907407407407408
8 0.7072916666666667 0.7870370370370371 0.08385416666666666 0.16666666666666666
41 0.325 0.5768518518518518 0.036458333333333336 0.07222222222222222
33 0.6109375 0.5916666666666667 0.07447916666666667 0.14814814814814814
37 0.9505208333333334 0.4203703703703704 0.03125 0.06296296296296296
63 0.10885416666666667 0.11574074074074074 0.025520833333333333 0.05185185185185185
45 0.3104166666666667 0.7453703703703703 0.07447916666666667 0.14722222222222223
28 0.7083333333333334 0.058333333333333334 0.008854166666666666 0.018518518518518517
5 0.37395833333333334 0.6361111111111111 0.07083333333333333 0.14074074074074075
13 0.49322916666666666 0.21944444444444444 0.07395833333333333 0.14722222222222223
3 0.44114583333333335 0.24074074074074073 0.042708333333333334 0.08518518518518518
7 0.5708333333333333 0.6305555555555555 0.04479166666666667 0.08981481481481482
56 0.7442708333333333 0.3972222222222222 0.021875 0.044444444444444446
7 0.38385416666666666 0.5259259259259259 0.0734375 0.14537037037037037
31 0.23177083333333334 0.587037037037037 0.08645833333333333 0.17222222222222222
