58 0.525 0.020370370370370372 0.08072916666666667 0.16111111111111112
24 0.43020833333333336 0.032407407407407406 0.09270833333333334 0.18425925925925926
6 0.08072916666666667 0.8333333333333334 0.07552083333333333 0.15
23 0.028125 9.259259259259259e-10 0.04010416666666667 0.020370369444444442
26 0.390625 0.3416666666666667 0.005208333333333333 0.011111111111111112
11 0.06145833333333333 0.22870370370370371 0.024479166666666666 0.049074074074074076
60 0.6510416666666666 0.44537037037037036 0.042708333333333334 0.08518518518518518
4 0.5989583333333334 0.5981481481481481 0.0671875 0.13425925925925927
3 0.9385416666666667 0.1675925925925926 0.06145833333333333 0.18518518518518517
42 0.3927083333333333 0.625 0.028645833333333332 0.05740740740740741
37 0.3458333333333333 0.19074074074074074 0.025520833333333333 0.05185185185185185
18 0.24114583333333334 0.5472222222222223 0.011979166666666667 0.025
60 0.340625 0.18611111111111112 0.0640625 0.12777777777777777
48 0.11510416666666666 0.25555555555555554 0.0125 0.025925925925925925
20 0.4786458333333333 0.8638888888888889 0.04114583333333333 0.08148148148148149
10 0.3223958333333333 0.425 0.025 0.05092592592592592
11 0.7447916666666666 0.05462962962962963 0.08125 0.16203703703703703
60 0.36302083333333335 0.7972222222222223 0.04114583333333333 0.08148148148148149
55 0.33697916666666666 0.32407407407407407 0.0859375 0.17037037037037037
39 0.2994791666666667 0.625 0.08645833333333333 0.1712962962962963
