32 0.9447916666666667 0.6916666666666667 0.021354166666666667 0.04351851851851852
56 0.5703125 0.8287037037037037 0.015104166666666667 0.030555555555555555
38 0.44166666666666665 0.5814814814814815 0.033854166666666664 0.06851851851851852
36 0.9458333333333333 0.662962962962963 0.05416666666666667 0.1648148148148148
18 0.09791666666666667 0.14351851851851852 0.08020833333333334 0.15925925925925927
22 0.5020833333333333 9.259259259259259e-10 0.07916666666666666 0.009259258333333334
16 0.4791666666666667 0.18333333333333332 0.0046875 0.010185185185185186
36 0.8880208333333334 0.7620370370370371 0.03802083333333333 0.07592592592592592
26 0.7041666666666667 0.6074074074074074 0.042708333333333334 0.08518518518518518
52 0.7052083333333333 0.06018518518518518 0.07135416666666666 0.14166666666666666
54 0.7942708333333334 0.3287037037037037 0.01875 0.03888888888888889
56 0.7796875 0.5777777777777777 0.0359375 0.07222222222222222
35 0.9927083333333333 0.17592592592592593 0.007291666666666667 0.062037037037037036
58 0.125 0.3314814814814815 0.03177083333333333 0.06388888888888888
46 0.7791666666666667 0.5083333333333333 0.026041666666666668 0.05277777777777778
10 0.421875 0.8379629629629629 0.0734375 0.14629629629629629
5 0.28958333333333336 0.30925925925925923 0.0390625 0.0787037037037037
22 0.8078125 0.19444444444444445 0.005208333333333333 0.011111111111111112
41 0.6052083333333333 9.259259259259259e-10 0.007291666666666667 0.01481481388888889
26 0.3328125 0.03425925925925926 0.0671875 0.13333333333333333
