32 0.9583333333333334 0.22407407407407406 0.005208333333333333 0.011111111111111112
30 0.18125 0.10462962962962963 0.075 0.14907407407407408
63 0.5979166666666667 0.9074074074074074 0.024479166666666666 0.049074074074074076
15 0.571875 0.009259259259259259 0.09010416666666667 0.1787037037037037
35 0.6401041666666667 0.44166666666666665 0.0140625 0.028703703703703703
40 0.9677083333333333 0.10185185185185185 0.03229166666666667 0.1175925925925926
30 0.9328125 0.11574074074074074 0.026041666666666668 0.05185185185185185
3 0.3046875 0.7203703703703703 0.0171875 0.03425925925925926
5 0.9229166666666667 0.7685185185185185 0.0671875 0.13425925925925927
41 0.007291666666666667 0.5259259259259259 0.09010416666666667 0.1787037037037037
29 0.5697916666666667 0.11388888888888889 0.022395833333333334 0.04537037037037037
32 0.8755208333333333 0.1787037037037037 0.058333333333333334 0.11574074074074074
46 0.013541666666666667 9.259259259259259e-10 0.022395833333333334 0.02499999907407407
6 0.7104166666666667 0.16018518518518518 0.03333333333333333 0.06666666666666667
37 0.7265625 0.9203703703703704 0.024479166666666666 0.049074074074074076
49 0.2640625 0.925 0.005208333333333333 0.011111111111111112
30 0.6489583333333333 0.4861111111111111 0.0171875 0.03518518518518519
10 0.9401041666666666 0.687037037037037 0.016666666666666666 0.03425925925925926
30 0.7557291666666667 0.7555555555555555 0.013541666666666667 0.027777777777777776
56 0.9421875 0.1925925925925926 0.016145833333333335 0.032407407407407406
