59 0.0890625 0.47314814814814815 0.04791666666666667 0.0962962962962963
8 0.3145833333333333 0.8777777777777778 0.050520833333333334 0.1
57 0.0005208333333333333 0.6296296296296297 0.0375 0.07592592592592592
26 0.018229166666666668 0.5231481481481481 0.08229166666666667 0.16296296296296298
23 0.8973958333333333 0.1574074074074074 0.084375 0.1675925925925926
59 0.7963541666666667 0.09444444444444444 0.0328125 0.06574074074074074
47 0.8578125 0.4425925925925926 0.04010416666666667 0.07962962962962963
16 0.5901041666666667 0.2361111111111111 0.0859375 0.17037037037037037
12 0.5536458333333333 0.9074074074074074 0.015104166666666667 0.030555555555555555
46 0.9411458333333333 0.712037037037037 0.057291666666666664 0.11388888888888889
36 0.06458333333333334 0.4287037037037037 0.0859375 0.1712962962962963
49 0.8161458333333333 0.43425925925925923 0.034895833333333334 0.07037037037037037
3 0.07864583333333333 0.21851851851851853 0.03333333333333333 0.06666666666666667
35 0.8328125 0.2657407407407407 0.09114583333333333 0.18055555555555555
37 0.7911458333333333 0.3787037037037037 0.06770833333333333 0.13425925925925927
51 0.8921875 0.28888888888888886 0.0359375 0.07222222222222222
26 0.9713541666666666 0.42777777777777776 0.008854166666666666 0.017592592592592594
63 0.9588541666666667 0.15648148148148147 0.04114583333333333 0.1712962962962963
17 0.8515625 0.09259259259259259 0.07864583333333333 0.15648148148148147
47 0.18958333333333333 0.7277777777777777 0.019270833333333334 0.03888888888888889
