59 0.8067708333333333 0.20833333333333334 0.053125 0.10555555555555556
8 0.4708333333333333 0.9092592592592592 0.010416666666666666 0.021296296296296296
50 0.7489583333333333 0.05925925925925926 0.007291666666666667 0.01574074074074074
23 0.22916666666666666 0.5361111111111111 0.07239583333333334 0.14351851851851852
36 0.475 9.259259259259259e-10 0.08020833333333334 0.04814814722222222
63 0.9161458333333333 9.259259259259259e-10 0.024479166666666666 0.008333332407407409
21 0.8552083333333333 0.6657407407407407 0.024479166666666666 0.049074074074074076
24 0.03125 0.14907407407407408 0.0609375 0.12129629629629629
51 0.7203125 0.49166666666666664 0.07760416666666667 0.1537037037037037
59 0.7651041666666667 0.6231481481481481 0.013020833333333334 0.026851851851851852
63 0.1015625 0.6509259259259259 0.071875 0.1425925925925926
42 0.43125 0.5611111111111111 0.04479166666666667 0.08888888888888889
12 0.4041666666666667 0.8277777777777777 0.08177083333333333 0.16296296296296298
25 0.7604166666666666 0.3472222222222222 0.01875 0.03796296296296296
33 0.2890625 0.7185185185185186 0.09114583333333333 0.1814814814814815
25 0.6817708333333333 0.6824074074074075 0.0390625 0.07777777777777778
15 0.7322916666666667 0.12222222222222222 0.0125 0.025925925925925925
58 0.12447916666666667 0.4675925925925926 0.06614583333333333 0.13148148148148148
26 0.8671875 0.5046296296296297 0.03333333333333333 0.06759259259259259
5 0.553125 0.37592592592592594 0.084375 0.1675925925925926
