59 0.9494791666666667 0.6388888888888888 0.0484375 0.0962962962962963
19 0.9630208333333333 0.11481481481481481 0.03697916666666667 0.13240740740740742
18 0.43020833333333336 0.8675925925925926 0.058854166666666666 0.1175925925925926
55 0.8057291666666667 0.6944444444444444 0.0067708333333333336 0.013888888888888888
30 0.03177083333333333 0.3611111111111111 0.07760416666666667 0.1537037037037037
20 0.14583333333333334 0.2 0.0640625 0.12777777777777777
12 0.25104166666666666 0.4027777777777778 0.06979166666666667 0.1388888888888889
30 0.6291666666666667 0.2898148148148148 0.00625 0.012962962962962963
14 0.28489583333333335 0.6055555555555555 0.084375 0.1675925925925926
16 0.140625 0.5138888888888888 0.06354166666666666 0.1259259259259259
36 0.8322916666666667 0.4935185185185185 0.07864583333333333 0.15648148148148147
20 0.4317708333333333 0.26666666666666666 0.03125 0.06296296296296296
56 0.19739583333333333 0.026851851851851852 0.005208333333333333 0.011111111111111112
17 0.6177083333333333 9.259259259259259e-10 0.009375 0.0074074064814814815
53 0.7890625 0.387037037037037 0.013020833333333334 0.026851851851851852
45 0.6666666666666666 0.7694444444444445 0.016666666666666666 0.03333333333333333
16 0.6255208333333333 0.6611111111111111 0.029166666666666667 0.058333333333333334
35 0.12760416666666666 0.3 0.06145833333333333 0.12222222222222222
2 0.6916666666666667 0.837037037037037 0.03854166666666667 0.07685185185185185
20 0.4895833333333333 0.5611111111111111 0.08072916666666667 0.16018518518518518
