33 0.0046875 0.17314814814814813 0.013020833333333334 0.026851851851851852
49 0.6994791666666667 0.43333333333333335 0.008854166666666666 0.018518518518518517
41 0.6046875 9.259259259259259e-10 0.029166666666666667 0.04999999907407408
62 0.9302083333333333 0.8453703703703703 0.04635416666666667 0.09259259259259259
9 0.019791666666666666 0.7333333333333333 0.027604166666666666 0.05462962962962963
35 0.29739583333333336 0.575925925925926 0.034375 0.06944444444444445
23 0.029166666666666667 0.44351851851851853 0.07864583333333333 0.15648148148148147
48 0.33697916666666666 0.38333333333333336 0.015104166666666667 0.030555555555555555
45 0.95 0.5564814814814815 0.05 0.1787037037037037
18 0.415625 0.14166666666666666 0.09270833333333334 0.18333333333333332
52 0.07552083333333333 0.5444444444444444 0.0078125 0.016666666666666666
22 0.4375 0.3055555555555556 0.075 0.14907407407407408
52 0.9369791666666667 0.7444444444444445 0.028125 0.05648148148148148
56 0.08958333333333333 9.259259259259259e-10 0.08697916666666666 0.09814814722222222
57 0.8885416666666667 0.5268518518518519 0.053125 0.10648148148148148
17 0.4734375 0.2861111111111111 0.05416666666666667 0.10833333333333334
55 0.6567708333333333 0.18333333333333332 0.09166666666666666 0.1824074074074074
43 0.09895833333333333 0.6453703703703704 0.08020833333333334 0.15925925925925927
32 0.7364583333333333 0.7518518518518519 0.011458333333333333 0.024074074074074074
24 0.2046875 0.14629629629629629 0.027604166666666666 0.05555555555555555
