33 0.39427083333333335 0.38055555555555554 0.0140625 0.02962962962962963
49 0.4953125 0.05925925925925926 0.03229166666666667 0.06481481481481481
38 0.4473958333333333 0.7759259259259259 0.0375 0.075
40 0.3385416666666667 0.2759259259259259 0.0640625 0.12685185185185185
26 0.953125 0.05277777777777778 0.033854166666666664 0.06759259259259259
41 0.6005208333333333 0.6601851851851852 0.0328125 0.06574074074074074
48 0.9390625 0.49444444444444446 0.058333333333333334 0.11666666666666667
60 0.5067708333333333 0.10648148148148148 0.04791666666666667 0.09537037037037037
13 0.3020833333333333 9.259259259259259e-10 0.0171875 0.0074074064814814815
28 0.8520833333333333 0.6527777777777778 0.036458333333333336 0.07314814814814814
52 0.3203125 0.8611111111111112 0.03802083333333333 0.07592592592592592
39 0.7880208333333333 0.40555555555555556 0.042708333333333334 0.08518518518518518
41 0.3223958333333333 0.8796296296296297 0.05572916666666667 0.1111111111111111
27 0.0546875 0.9453703703703704 0.0067708333333333336 0.014814814814814815
60 0.475 0.7129629629629629 0.0609375 0.12129629629629629
44 0.7317708333333334 0.6972222222222222 0.05572916666666667 0.11018518518518519
47 0.7765625 0.7546296296296297 0.021875 0.04351851851851852
11 0.834375 0.2722222222222222 0.03333333333333333 0.06666666666666667
50 0.5390625 0.5268518518518519 0.0296875 0.05925925925925926
43 0.109375 0.2222222222222222 0.075 0.14907407407407408
