59 0.7713541666666667 0.40185185185185185 0.030208333333333334 0.06111111111111111
32 0.5432291666666667 0.9074074074074074 0.028125 0.05648148148148148
4 0.11770833333333333 0.6212962962962963 0.057291666666666664 0.11388888888888889
57 0.6739583333333333 0.1935185185185185 0.04895833333333333 0.09722222222222222
24 0.09270833333333334 0.6046296296296296 0.0859375 0.1712962962962963
53 0.9901041666666667 0.5444444444444444 0.009895833333333333 0.09814814814814815
19 0.8078125 0.6638888888888889 0.0578125 0.11481481481481481
23 0.8265625 9.259259259259259e-10 0.020833333333333332 0.01851851759259259
38 0.35208333333333336 0.5962962962962963 0.06666666666666667 0.13240740740740742
26 0.5479166666666667 0.737037037037037 0.058333333333333334 0.11574074074074074
11 0.0875 0.03333333333333333 0.0390625 0.07777777777777778
2 0.6473958333333333 0.5611111111111111 0.07395833333333333 0.14722222222222223
13 0.8526041666666667 0.31666666666666665 0.005208333333333333 0.011111111111111112
23 0.9921875 0.26851851851851855 0.0078125 0.14166666666666666
50 0.3255208333333333 0.5018518518518519 0.08229166666666667 0.16296296296296298
13 0.2390625 0.03981481481481482 0.018229166666666668 0.037037037037037035
19 0.49270833333333336 0.08703703703703704 0.08802083333333334 0.175
2 0.1515625 0.33240740740740743 0.078125 0.15555555555555556
38 0.1078125 0.6935185185185185 0.04739583333333333 0.09444444444444444
62 0.37864583333333335 0.09351851851851851 0.008333333333333333 0.016666666666666666
