60 0.013020833333333334 0.8824074074074074 0.03854166666666667 0.07777777777777778
9 0.7234375 0.17962962962962964 0.028125 0.05648148148148148
45 0.8880208333333334 0.29907407407407405 0.022395833333333334 0.04537037037037037
18 0.9864583333333333 0.9731481481481481 0.0046875 0.010185185185185186
21 0.246875 0.6027777777777777 0.0859375 0.1712962962962963
38 0.984375 0.5990740740740741 0.015625 0.07407407407407407
58 0.8505208333333333 0.32407407407407407 0.04739583333333333 0.09444444444444444
14 0.3921875 0.4166666666666667 0.018229166666666668 0.037037037037037035
47 0.859375 9.259259259259259e-10 0.0875 0.1296296287037037
53 0.37604166666666666 9.259259259259259e-10 0.05677083333333333 0.0037037027777777776
36 0.21197916666666666 0.649074074074074 0.07135416666666666 0.1425925925925926
33 0.8953125 0.7518518518518519 0.05364583333333333 0.10740740740740741
29 0.25885416666666666 0.2759259259259259 0.0375 0.075
42 0.9104166666666667 0.44814814814814813 0.0046875 0.010185185185185186
39 0.6151041666666667 0.762962962962963 0.014583333333333334 0.02962962962962963
36 0.7859375 0.5407407407407407 0.0453125 0.08981481481481482
60 0.16458333333333333 0.5351851851851852 0.08854166666666667 0.175
14 0.3416666666666667 0.42407407407407405 0.036458333333333336 0.07314814814814814
40 0.9895833333333334 0.7175925925925926 0.010416666666666666 0.13240740740740742
15 0.70625 0.5592592592592592 0.07135416666666666 0.14166666666666666
