60 0.2109375 0.38055555555555554 0.06510416666666667 0.12962962962962962
12 0.5291666666666667 0.6333333333333333 0.09166666666666666 0.1824074074074074
56 0.7036458333333333 0.7759259259259259 0.041666666666666664 0.08333333333333333
19 0.7776041666666667 0.5657407407407408 0.0546875 0.10925925925925926
16 0.5296875 0.8907407407407407 0.04895833333333333 0.09722222222222222
47 0.8302083333333333 0.575 0.05572916666666667 0.1111111111111111
26 0.9510416666666667 0.6509259259259259 0.04895833333333333 0.14722222222222223
25 0.7802083333333333 0.7620370370370371 0.084375 0.1685185185185185
24 0.0046875 0.7055555555555556 0.08854166666666667 0.17592592592592593
31 0.871875 0.5472222222222223 0.07916666666666666 0.1574074074074074
50 0.9432291666666667 0.5342592592592592 0.05677083333333333 0.1787037037037037
25 0.6270833333333333 0.21944444444444444 0.0890625 0.17685185185185184
35 0.6322916666666667 0.7240740740740741 0.040625 0.08148148148148149
40 0.18072916666666666 0.05 0.029166666666666667 0.058333333333333334
21 0.690625 0.3472222222222222 0.019791666666666666 0.03981481481481482
62 0.12291666666666666 0.36203703703703705 0.034375 0.06851851851851852
19 0.25833333333333336 0.7666666666666667 0.07291666666666667 0.14444444444444443
57 0.6552083333333333 0.08518518518518518 0.0046875 0.010185185185185186
35 0.6505208333333333 0.30648148148148147 0.0171875 0.03518518518518519
40 0.9640625 0.6509259259259259 0.030729166666666665 0.062037037037037036
