60 0.2640625 9.259259259259259e-10 0.0640625 0.12129629537037037
38 0.3854166666666667 0.6842592592592592 0.0875 0.17407407407407408
39 0.6958333333333333 0.5648148148148148 0.023958333333333335 0.04814814814814815
14 0.5927083333333333 0.7972222222222223 0.071875 0.1425925925925926
27 0.17395833333333333 9.259259259259259e-10 0.09166666666666666 0.1222222212962963
44 0.115625 0.8157407407407408 0.051041666666666666 0.10185185185185185
18 0.546875 9.259259259259259e-10 0.0796875 0.03333333240740741
56 0.45260416666666664 0.6648148148148149 0.0515625 0.10277777777777777
63 0.5963541666666666 0.45185185185185184 0.058854166666666666 0.11666666666666667
43 0.5177083333333333 0.5435185185185185 0.022916666666666665 0.046296296296296294
62 0.15416666666666667 0.32685185185185184 0.08177083333333333 0.16296296296296298
63 0.7223958333333333 0.10925925925925926 0.005208333333333333 0.011111111111111112
30 0.7817708333333333 0.2657407407407407 0.07135416666666666 0.14166666666666666
23 0.09583333333333334 0.5342592592592592 0.0125 0.025925925925925925
13 0.071875 0.8055555555555556 0.030729166666666665 0.06111111111111111
61 0.9442708333333333 0.8009259259259259 0.05572916666666667 0.16574074074074074
59 0.4744791666666667 0.6222222222222222 0.0515625 0.10277777777777777
41 0.5567708333333333 9.259259259259259e-10 0.0140625 0.013888887962962964
13 0.36354166666666665 0.09722222222222222 0.07604166666666666 0.15185185185185185
8 0.35572916666666665 9.259259259259259e-10 0.008333333333333333 -9.259259259259259e-10
