34 0.016145833333333335 0.812037037037037 0.05625 0.11203703703703703
39 0.5354166666666667 0.7333333333333333 0.0671875 0.13425925925925927
31 0.0515625 0.7518518518518519 0.0765625 0.1527777777777778
60 0.19270833333333334 0.33796296296296297 0.015625 0.03148148148148148
24 0.934375 0.6046296296296296 0.0390625 0.0787037037037037
27 0.24895833333333334 0.06759259259259259 0.03802083333333333 0.07685185185185185
20 0.7401041666666667 0.7231481481481481 0.0796875 0.15833333333333333
43 0.4859375 0.001851851851851852 0.0734375 0.14537037037037037
62 0.07760416666666667 0.6388888888888888 0.0578125 0.11481481481481481
36 0.008854166666666666 0.4564814814814815 0.03802083333333333 0.07592592592592592
36 0.7442708333333333 0.125 0.030208333333333334 0.06018518518518518
30 0.9854166666666667 0.6888888888888889 0.014583333333333334 0.13333333333333333
58 0.3171875 0.027777777777777776 0.018229166666666668 0.037037037037037035
48 0.5546875 0.5351851851851852 0.058333333333333334 0.11574074074074074
41 0.4875 0.1111111111111111 0.011979166666666667 0.024074074074074074
59 0.46041666666666664 0.6203703703703703 0.007291666666666667 0.01574074074074074
7 0.534375 0.6166666666666667 0.005208333333333333 0.011111111111111112
26 0.35208333333333336 0.018518518518518517 0.0046875 0.010185185185185186
26 0.6864583333333333 0.637962962962963 0.0796875 0.15833333333333333
4 0.8192708333333333 0.19444444444444445 0.044270833333333336 0.08888888888888889
