60 0.45208333333333334 0.8388888888888889 0.0703125 0.1398148148148148
18 0.7489583333333333 0.6444444444444445 0.008333333333333333 0.017592592592592594
50 0.14479166666666668 0.03333333333333333 0.0265625 0.05277777777777778
4 0.15364583333333334 0.5472222222222223 0.04895833333333333 0.09814814814814815
20 0.5885416666666666 0.5138888888888888 0.07604166666666666 0.15092592592592594
29 0.5473958333333333 0.5851851851851851 0.0390625 0.07777777777777778
29 0.8067708333333333 0.05925925925925926 0.026041666666666668 0.05185185185185185
38 0.9953125 0.18333333333333332 0.0046875 0.1388888888888889
41 0.0546875 0.20185185185185187 0.028125 0.05648148148148148
37 0.6505208333333333 0.20925925925925926 0.0109375 0.022222222222222223
2 0.059375 0.2564814814814815 0.0046875 0.010185185185185186
38 0.47291666666666665 9.259259259259259e-10 0.084375 0.001851850925925926
25 0.3703125 0.22037037037037038 0.06041666666666667 0.12037037037037036
38 0.7994791666666666 0.5444444444444444 0.046875 0.09351851851851851
2 0.7098958333333333 0.9712962962962963 0.0067708333333333336 0.013888888888888888
20 0.925 0.5796296296296296 0.042708333333333334 0.08518518518518518
32 0.115625 0.4601851851851852 0.0125 0.025925925925925925
26 0.5052083333333334 0.25833333333333336 0.04739583333333333 0.09444444444444444
50 0.14895833333333333 9.259259259259259e-10 0.022916666666666665 0.0296296287037037
17 0.5875 0.03333333333333333 0.01875 0.03888888888888889
