34 0.8026041666666667 0.2898148148148148 0.0671875 0.13425925925925927
51 0.4505208333333333 0.29814814814814816 0.09114583333333333 0.1814814814814815
49 0.3697916666666667 0.5361111111111111 0.05572916666666667 0.1111111111111111
10 0.34322916666666664 0.06018518518518518 0.0796875 0.15833333333333333
60 0.28541666666666665 0.7555555555555555 0.0890625 0.17685185185185184
12 0.10208333333333333 0.687037037037037 0.09270833333333334 0.18425925925925926
43 0.0453125 0.5324074074074074 0.0140625 0.028703703703703703
36 0.6848958333333334 0.18981481481481483 0.065625 0.13055555555555556
43 0.21666666666666667 0.3194444444444444 0.013020833333333334 0.026851851851851852
8 0.5859375 0.6064814814814815 0.04375 0.08703703703703704
55 0.08645833333333333 0.16018518518518518 0.00625 0.013888888888888888
60 0.4953125 0.3388888888888889 0.015625 0.032407407407407406
32 0.7286458333333333 0.5814814814814815 0.033854166666666664 0.06759259259259259
23 0.11666666666666667 0.16296296296296298 0.034375 0.06851851851851852
18 0.7380208333333333 0.8472222222222222 0.0546875 0.10925925925925926
25 0.8125 0.6675925925925926 0.0359375 0.0712962962962963
29 0.7036458333333333 0.8916666666666667 0.052083333333333336 0.1037037037037037
8 0.6614583333333334 0.8148148148148148 0.010416666666666666 0.021296296296296296
61 0.16302083333333334 0.12222222222222222 0.059375 0.11851851851851852
47 0.7984375 0.2611111111111111 0.008854166666666666 0.018518518518518517
