60 0.2796875 0.9194444444444444 0.030729166666666665 0.062037037037037036
27 0.5635416666666667 9.259259259259259e-10 0.06927083333333334 0.08240740648148148
25 0.06458333333333334 0.11018518518518519 0.08385416666666666 0.16666666666666666
30 0.21927083333333333 0.018518518518518517 0.03125 0.06296296296296296
63 0.42604166666666665 0.5703703703703704 0.06927083333333334 0.13796296296296295
59 0.8166666666666667 0.15648148148148147 0.03229166666666667 0.06481481481481481
27 0.2989583333333333 0.15555555555555556 0.03697916666666667 0.07407407407407407
40 0.1140625 0.4675925925925926 0.023958333333333335 0.04814814814814815
49 0.2796875 0.5388888888888889 0.057291666666666664 0.11388888888888889
6 0.7411458333333333 0.16574074074074074 0.04791666666666667 0.0962962962962963
18 0.359375 0.5175925925925926 0.0609375 0.12129629629629629
20 0.6609375 0.6481481481481481 0.025 0.05
55 0.20416666666666666 0.17592592592592593 0.029166666666666667 0.058333333333333334
19 0.9458333333333333 9.259259259259259e-10 0.05416666666666667 0.12314814722222223
23 0.6161458333333333 0.25 0.025 0.05
49 0.30885416666666665 0.000925925925925926 0.043229166666666666 0.08611111111111111
43 0.5411458333333333 0.7796296296296297 0.00625 0.013888888888888888
50 0.17291666666666666 0.6546296296296297 0.0921875 0.18333333333333332
17 0.890625 0.7416666666666667 0.0203125 0.040740740740740744
3 0.540625 0.05185185185185185 0.06614583333333333 0.13148148148148148
