60 0.08802083333333334 0.2824074074074074 0.030208333333333334 0.06018518518518518
54 0.3572916666666667 0.014814814814814815 0.0234375 0.04722222222222222
2 0.8864583333333333 0.7462962962962963 0.017708333333333333 0.03611111111111111
8 0.8697916666666666 0.9277777777777778 0.005729166666666666 0.012962962962962963
57 0.6583333333333333 0.3435185185185185 0.08645833333333333 0.17222222222222222
32 0.9848958333333333 0.6 0.015104166666666667 0.0962962962962963
62 0.16822916666666668 0.20185185185185187 0.0296875 0.05925925925925926
2 0.07604166666666666 0.512962962962963 0.08072916666666667 0.16111111111111112
52 0.6234375 0.3537037037037037 0.07291666666666667 0.14537037037037037
56 0.5005208333333333 0.5027777777777778 0.07760416666666667 0.15462962962962962
40 0.42552083333333335 0.6722222222222223 0.04114583333333333 0.0824074074074074
47 0.9265625 0.7490740740740741 0.03333333333333333 0.06759259259259259
9 0.0734375 0.22314814814814815 0.058854166666666666 0.1175925925925926
25 0.5567708333333333 9.259259259259259e-10 0.0828125 0.11111111018518519
50 0.2421875 0.42314814814814816 0.005729166666666666 0.012037037037037037
24 0.07552083333333333 0.24351851851851852 0.06875 0.13703703703703704
22 0.016145833333333335 0.6833333333333333 0.009375 0.019444444444444445
36 0.48020833333333335 9.259259259259259e-10 0.07239583333333334 0.10277777685185185
25 0.06614583333333333 0.3675925925925926 0.07916666666666666 0.1574074074074074
23 0.6411458333333333 0.3212962962962963 0.04010416666666667 0.08055555555555556
