34 0.6958333333333333 0.19537037037037036 0.040625 0.08148148148148149
58 0.7078125 0.014814814814814815 0.030729166666666665 0.062037037037037036
11 0.4578125 0.6833333333333333 0.0859375 0.17037037037037037
43 0.88125 0.48703703703703705 0.06666666666666667 0.13240740740740742
4 0.47239583333333335 0.8018518518518518 0.058854166666666666 0.1175925925925926
31 0.0671875 0.37962962962962965 0.01875 0.03796296296296296
57 0.8895833333333333 0.020370370370370372 0.06354166666666666 0.12685185185185185
39 0.9890625 0.6407407407407407 0.0109375 0.07777777777777778
28 0.2296875 0.837037037037037 0.04010416666666667 0.08055555555555556
40 0.5510416666666667 0.5833333333333334 0.009895833333333333 0.020370370370370372
44 0.27291666666666664 0.04259259259259259 0.06510416666666667 0.1287037037037037
49 0.7244791666666667 0.016666666666666666 0.05 0.1
31 0.2234375 0.34814814814814815 0.007291666666666667 0.01574074074074074
15 0.35520833333333335 0.38055555555555554 0.071875 0.14351851851851852
24 0.628125 0.19907407407407407 0.04583333333333333 0.09166666666666666
20 0.5651041666666666 0.3611111111111111 0.07916666666666666 0.1574074074074074
62 0.20520833333333333 0.14722222222222223 0.058333333333333334 0.11574074074074074
53 0.0265625 0.49907407407407406 0.009375 0.019444444444444445
54 0.778125 0.30092592592592593 0.08541666666666667 0.17037037037037037
27 0.11875 0.5342592592592592 0.051041666666666666 0.10185185185185185
