60 0.11979166666666667 0.7111111111111111 0.025 0.05
63 0.525 0.9009259259259259 0.046875 0.09351851851851851
47 0.7463541666666667 0.05462962962962963 0.04895833333333333 0.09722222222222222
4 0.16927083333333334 0.29259259259259257 0.0703125 0.1398148148148148
16 0.9453125 0.337037037037037 0.0546875 0.11203703703703703
33 0.28020833333333334 0.4046296296296296 0.04583333333333333 0.09166666666666666
52 0.8916666666666667 0.5703703703703704 0.0375 0.075
47 0.4515625 0.4351851851851852 0.00625 0.012962962962962963
46 0.33229166666666665 9.259259259259259e-10 0.07447916666666667 0.03518518425925926
27 0.7578125 0.5185185185185185 0.0046875 0.010185185185185186
56 0.4244791666666667 0.5962962962962963 0.08489583333333334 0.1685185185185185
44 0.8197916666666667 0.45925925925925926 0.0546875 0.10925925925925926
48 0.03333333333333333 0.4740740740740741 0.09166666666666666 0.1824074074074074
23 0.13177083333333334 9.259259259259259e-10 0.033854166666666664 0.011111110185185185
48 0.5744791666666667 0.07407407407407407 0.018229166666666668 0.037037037037037035
34 0.3020833333333333 0.4101851851851852 0.04583333333333333 0.09166666666666666
37 0.20625 9.259259259259259e-10 0.08385416666666666 0.03518518425925926
32 0.425 0.3537037037037037 0.030729166666666665 0.062037037037037036
56 0.809375 0.12777777777777777 0.08854166666666667 0.17592592592592593
35 0.6989583333333333 0.8638888888888889 0.04895833333333333 0.09722222222222222
