35 0.6994791666666667 0.16666666666666666 0.016666666666666666 0.03425925925925926
3 0.10052083333333334 0.5037037037037037 0.0890625 0.17685185185185184
30 0.13802083333333334 9.259259259259259e-10 0.0921875 0.0935185175925926
42 0.7458333333333333 0.3472222222222222 0.0453125 0.09074074074074075
55 0.9979166666666667 9.259259259259259e-10 0.0020833333333333333 0.04999999907407408
27 0.22864583333333333 0.3962962962962963 0.014583333333333334 0.02962962962962963
26 0.9994791666666667 0.36574074074074076 0.0005208333333333333 0.14166666666666666
61 0.6588541666666666 0.03888888888888889 0.0265625 0.053703703703703705
41 0.022916666666666665 0.8157407407407408 0.046875 0.09351851851851851
44 0.6057291666666667 0.7703703703703704 0.052083333333333336 0.1037037037037037
35 0.6171875 0.5046296296296297 0.020833333333333332 0.041666666666666664
22 0.7375 0.8074074074074075 0.06770833333333333 0.13425925925925927
16 0.590625 0.637962962962963 0.078125 0.15555555555555556
14 0.9515625 0.2490740740740741 0.0484375 0.16111111111111112
12 0.5166666666666667 0.45555555555555555 0.07708333333333334 0.1527777777777778
61 0.6510416666666666 0.18518518518518517 0.0671875 0.13333333333333333
42 0.38385416666666666 0.44907407407407407 0.051041666666666666 0.10185185185185185
34 0.5838541666666667 0.5074074074074074 0.024479166666666666 0.049074074074074076
63 0.25416666666666665 0.55 0.075 0.14907407407407408
35 0.14739583333333334 0.8185185185185185 0.034895833333333334 0.07037037037037037
