61 0.8479166666666667 0.9064814814814814 0.028645833333333332 0.05740740740740741
9 0.5703125 0.5157407407407407 0.04114583333333333 0.08148148148148149
27 0.4791666666666667 0.7972222222222223 0.028645833333333332 0.058333333333333334
38 0.5453125 0.6620370370370371 0.06666666666666667 0.13240740740740742
10 0.9479166666666666 9.259259259259259e-10 0.052083333333333336 0.05277777685185185
14 0.008854166666666666 0.6944444444444444 0.041666666666666664 0.08333333333333333
39 0.25833333333333336 0.6018518518518519 0.0390625 0.0787037037037037
6 0.9427083333333334 0.4787037037037037 0.007291666666666667 0.01574074074074074
11 0.2765625 0.05925925925925926 0.0734375 0.14629629629629629
38 0.06979166666666667 0.16944444444444445 0.07135416666666666 0.1425925925925926
42 0.5359375 0.37037037037037035 0.03854166666666667 0.07777777777777778
10 0.4390625 0.6648148148148149 0.06666666666666667 0.13240740740740742
49 0.25 0.20555555555555555 0.07916666666666666 0.1574074074074074
3 0.33489583333333334 0.7481481481481481 0.043229166666666666 0.08703703703703704
12 0.9171875 0.41574074074074074 0.0078125 0.016666666666666666
14 0.6973958333333333 0.8055555555555556 0.06458333333333334 0.12777777777777777
41 0.9072916666666667 0.28425925925925927 0.021875 0.044444444444444446
51 0.4005208333333333 0.18981481481481483 0.07760416666666667 0.15462962962962962
61 0.3333333333333333 0.3472222222222222 0.017708333333333333 0.03611111111111111
42 0.8770833333333333 0.7092592592592593 0.0546875 0.10925925925925926
