61 0.5994791666666667 0.8157407407407408 0.015104166666666667 0.030555555555555555
13 0.7380208333333333 9.259259259259259e-10 0.06770833333333333 0.02314814722222222
12 0.036458333333333336 0.6268518518518519 0.06041666666666667 0.12037037037037036
30 0.25677083333333334 9.259259259259259e-10 0.08541666666666667 0.1333333324074074
60 0.7489583333333333 0.799074074074074 0.051041666666666666 0.10185185185185185
33 0.9828125 0.9407407407407408 0.0171875 0.05185185185185185
35 0.4203125 0.4388888888888889 0.04583333333333333 0.09074074074074075
17 0.7567708333333333 0.5083333333333333 0.05416666666666667 0.10833333333333334
48 0.8104166666666667 0.45092592592592595 0.028125 0.05648148148148148
26 0.40260416666666665 9.259259259259259e-10 0.07083333333333333 0.01666666574074074
2 0.8328125 0.2564814814814815 0.08333333333333333 0.16574074074074074
2 0.6916666666666667 0.850925925925926 0.0609375 0.12129629629629629
19 0.9838541666666667 9.259259259259259e-10 0.016145833333333335 0.032407406481481486
3 0.12239583333333333 0.03148148148148148 0.0625 0.12407407407407407
10 0.37083333333333335 0.03333333333333333 0.09010416666666667 0.17962962962962964
48 0.534375 0.032407407407407406 0.06614583333333333 0.13240740740740742
43 0.3848958333333333 0.27314814814814814 0.07604166666666666 0.15092592592592594
9 0.7927083333333333 0.7342592592592593 0.08645833333333333 0.17222222222222222
29 0.5838541666666667 0.07777777777777778 0.0265625 0.053703703703703705
26 0.6635416666666667 9.259259259259259e-10 0.0890625 0.004629628703703703
