35 0.159375 0.2518518518518518 0.07916666666666666 0.1574074074074074
13 0.48385416666666664 0.02962962962962963 0.09270833333333334 0.18333333333333332
42 0.6421875 0.2212962962962963 0.027604166666666666 0.05555555555555555
17 0.2947916666666667 0.7342592592592593 0.06979166666666667 0.1388888888888889
54 0.2557291666666667 9.259259259259259e-10 0.04791666666666667 0.06111111018518519
30 0.8291666666666667 9.259259259259259e-10 0.0796875 0.11759259166666666
6 0.09479166666666666 0.3509259259259259 0.06302083333333333 0.1259259259259259
8 0.14375 0.8148148148148148 0.03854166666666667 0.07777777777777778
40 0.925 0.20092592592592592 0.008854166666666666 0.017592592592592594
49 0.1140625 0.2740740740740741 0.06354166666666666 0.12685185185185185
35 0.21145833333333333 0.8314814814814815 0.051041666666666666 0.10185185185185185
57 0.4953125 0.575 0.06927083333333334 0.13796296296296295
26 0.3203125 0.44722222222222224 0.0421875 0.08425925925925926
52 0.7567708333333333 0.9 0.016145833333333335 0.03333333333333333
41 0.5984375 0.5064814814814815 0.046875 0.09351851851851851
44 0.7958333333333333 0.8731481481481481 0.00625 0.013888888888888888
3 0.0984375 0.2962962962962963 0.042708333333333334 0.08518518518518518
35 0.2859375 0.4074074074074074 0.0515625 0.10277777777777777
39 0.065625 0.6101851851851852 0.06927083333333334 0.13796296296296295
55 0.16354166666666667 0.5962962962962963 0.023958333333333335 0.04814814814814815
