36 0.5338541666666666 0.3287037037037037 0.050520833333333334 0.10092592592592593
4 0.7171875 0.13796296296296295 0.034375 0.06944444444444445
54 0.8479166666666667 0.17407407407407408 0.011458333333333333 0.024074074074074074
18 0.6765625 0.6537037037037037 0.07552083333333333 0.15
40 0.7385416666666667 0.41944444444444445 0.0125 0.025925925925925925
39 0.7989583333333333 0.5027777777777778 0.0046875 0.010185185185185186
43 0.30625 0.4925925925925926 0.007291666666666667 0.01574074074074074
10 0.8739583333333333 0.08518518518518518 0.08072916666666667 0.16018518518518518
36 0.8380208333333333 0.5120370370370371 0.06979166666666667 0.1388888888888889
19 0.4239583333333333 0.1398148148148148 0.0171875 0.03425925925925926
43 5.208333333333333e-10 0.16666666666666666 0.0786458328125 0.15648148148148147
36 0.3885416666666667 0.6555555555555556 0.016145833333333335 0.03333333333333333
25 0.14583333333333334 0.3138888888888889 0.07083333333333333 0.14166666666666666
18 0.628125 0.9287037037037037 0.034375 0.06851851851851852
53 0.23229166666666667 0.19166666666666668 0.08229166666666667 0.1638888888888889
13 0.6630208333333333 0.22777777777777777 0.07395833333333333 0.14722222222222223
55 0.4890625 0.125 0.036458333333333336 0.07314814814814814
33 0.8625 0.4444444444444444 0.0067708333333333336 0.013888888888888888
19 0.2989583333333333 0.07407407407407407 0.058333333333333334 0.11666666666666667
50 0.7057291666666666 0.22870370370370371 0.06302083333333333 0.125
