62 0.19583333333333333 0.6842592592592592 0.0390625 0.07777777777777778
6 0.030729166666666665 0.004629629629629629 0.026041666666666668 0.05277777777777778
25 0.2708333333333333 0.6138888888888889 0.0625 0.12407407407407407
6 0.325 0.6314814814814815 0.059895833333333336 0.11944444444444445
39 0.3645833333333333 0.7037037037037037 0.04010416666666667 0.08055555555555556
37 0.40989583333333335 0.525 0.008333333333333333 0.017592592592592594
16 0.9802083333333333 0.2833333333333333 0.015104166666666667 0.030555555555555555
50 0.6052083333333333 0.5416666666666666 0.05625 0.11203703703703703
15 0.8458333333333333 0.0 0.06041666666666667 0.004629629629629629
36 0.8203125 0.9259259259259259 0.026041666666666668 0.05277777777777778
59 0.771875 0.6157407407407407 0.08229166666666667 0.1638888888888889
8 0.8286458333333333 0.17777777777777778 0.058854166666666666 0.1175925925925926
12 0.5473958333333333 0.7212962962962963 0.0109375 0.023148148148148147
36 0.590625 0.25 0.03125 0.06296296296296296
36 0.31197916666666664 0.0 0.0390625 0.05648148148148148
58 0.4947916666666667 0.0 0.050520833333333334 0.05555555555555555
31 0.934375 0.36666666666666664 0.058854166666666666 0.11666666666666667
3 0.7609375 0.2611111111111111 0.059375 0.11851851851851852
39 0.30625 0.850925925925926 0.051041666666666666 0.10185185185185185
39 0.0 0.39444444444444443 0.0390625 0.0787037037037037
