62 0.1703125 0.26944444444444443 0.09166666666666666 0.1824074074074074
44 0.9828125 0.14814814814814814 0.0171875 0.16944444444444445
63 0.057291666666666664 0.1287037037037037 0.052083333333333336 0.1037037037037037
39 0.3375 0.44537037037037036 0.03854166666666667 0.07685185185185185
11 0.6354166666666666 0.6361111111111111 0.07760416666666667 0.1537037037037037
37 0.7197916666666667 0.7703703703703704 0.022916666666666665 0.046296296296296294
20 0.18697916666666667 0.13240740740740742 0.065625 0.13055555555555556
35 0.9942708333333333 0.3435185185185185 0.005729166666666666 0.05555555555555555
16 0.30625 0.16574074074074074 0.044270833333333336 0.08888888888888889
9 0.4921875 9.259259259259259e-10 0.07395833333333333 0.1083333324074074
57 0.8098958333333334 0.1 0.0828125 0.1648148148148148
45 0.3609375 0.6157407407407407 0.03229166666666667 0.06481481481481481
39 0.3484375 0.625 0.04583333333333333 0.09074074074074075
61 0.8161458333333333 0.33796296296296297 0.04635416666666667 0.09259259259259259
41 0.7135416666666666 0.5027777777777778 0.0328125 0.06574074074074074
12 0.9359375 0.4722222222222222 0.0640625 0.15462962962962962
59 0.9911458333333333 0.5814814814814815 0.008854166666666666 0.06111111111111111
35 0.8041666666666667 0.06296296296296296 0.0265625 0.05277777777777778
34 0.27239583333333334 0.04259259259259259 0.009895833333333333 0.020370370370370372
23 0.46197916666666666 9.259259259259259e-10 0.09114583333333333 0.08611111018518519
