36 0.684375 0.45185185185185184 0.0125 0.025
47 0.5135416666666667 0.6981481481481482 0.016145833333333335 0.03333333333333333
24 0.3875 0.2 0.08385416666666666 0.16666666666666666
63 0.22447916666666667 0.7398148148148148 0.06354166666666666 0.1259259259259259
17 0.9479166666666666 0.5814814814814815 0.04791666666666667 0.0962962962962963
62 0.6125 0.7935185185185185 0.0109375 0.022222222222222223
50 0.7609375 0.5268518518518519 0.0375 0.07592592592592592
36 0.9171875 0.7138888888888889 0.0390625 0.0787037037037037
63 0.27447916666666666 0.6620370370370371 0.040625 0.08148148148148149
32 0.13697916666666668 0.8231481481481482 0.0578125 0.11574074074074074
58 0.5833333333333334 0.41203703703703703 0.06666666666666667 0.13333333333333333
20 0.8958333333333334 0.5962962962962963 0.07395833333333333 0.14722222222222223
58 0.6880208333333333 0.8462962962962963 0.010416666666666666 0.022222222222222223
62 0.27395833333333336 0.11666666666666667 0.075 0.14907407407407408
32 0.42135416666666664 0.649074074074074 0.034375 0.06851851851851852
33 0.5869791666666667 0.7870370370370371 0.029166666666666667 0.058333333333333334
16 0.70625 0.48055555555555557 0.035416666666666666 0.0712962962962963
47 0.049479166666666664 0.5185185185185185 0.058333333333333334 0.11666666666666667
4 0.7020833333333333 0.30462962962962964 0.0390625 0.0787037037037037
35 0.9119791666666667 0.34629629629629627 0.0421875 0.08425925925925926
