36 0.7276041666666667 9.259259259259259e-10 0.03854166666666667 0.06666666574074075
51 0.04895833333333333 0.2074074074074074 0.0515625 0.10277777777777777
50 0.7385416666666667 0.37962962962962965 0.028125 0.05648148148148148
11 0.9546875 0.053703703703703705 0.0453125 0.09074074074074075
2 0.6838541666666667 0.13518518518518519 0.065625 0.13055555555555556
54 0.46197916666666666 0.06666666666666667 0.027604166666666666 0.05555555555555555
8 0.4875 0.6472222222222223 0.06510416666666667 0.12962962962962962
38 0.49947916666666664 0.8324074074074074 0.0203125 0.040740740740740744
14 0.20260416666666667 0.005555555555555556 0.08802083333333334 0.175
36 0.5859375 0.5027777777777778 0.06614583333333333 0.13148148148148148
36 0.9411458333333333 9.259259259259259e-10 0.058854166666666666 0.008333332407407409
5 0.4390625 0.4425925925925926 0.0203125 0.041666666666666664
21 0.5427083333333333 0.7194444444444444 0.05416666666666667 0.10740740740740741
20 0.026041666666666668 0.3388888888888889 0.08385416666666666 0.16666666666666666
6 0.13802083333333334 0.42314814814814816 0.034375 0.06851851851851852
22 0.73125 0.674074074074074 0.0359375 0.07222222222222222
30 0.47708333333333336 0.33796296296296297 0.018229166666666668 0.037037037037037035
48 0.2078125 0.8157407407407408 0.049479166666666664 0.09814814814814815
26 0.3609375 0.2675925925925926 0.0328125 0.06574074074074074
35 0.9901041666666667 0.7935185185185185 0.009895833333333333 0.18518518518518517
