62 0.9588541666666667 0.002777777777777778 0.027604166666666666 0.05555555555555555
27 0.6078125 0.3 0.09322916666666667 0.18518518518518517
62 0.7453125 0.47962962962962963 0.0765625 0.1527777777777778
33 0.8505208333333333 0.2101851851851852 0.019791666666666666 0.03981481481481482
9 0.1046875 0.024074074074074074 0.022395833333333334 0.04537037037037037
33 0.30104166666666665 0.4222222222222222 0.0890625 0.17685185185185184
47 0.35104166666666664 0.7509259259259259 0.06666666666666667 0.13333333333333333
41 0.3645833333333333 0.019444444444444445 0.08697916666666666 0.17314814814814813
27 0.3671875 0.040740740740740744 0.0671875 0.13333333333333333
13 0.51875 0.8898148148148148 0.016145833333333335 0.03333333333333333
9 0.6557291666666667 0.6435185185185185 0.08854166666666667 0.17592592592592593
12 0.8484375 0.3472222222222222 0.0125 0.025925925925925925
58 0.6552083333333333 0.8611111111111112 0.035416666666666666 0.0712962962962963
15 0.3546875 0.04259259259259259 0.034375 0.06944444444444445
56 0.6651041666666667 0.14629629629629629 0.0359375 0.0712962962962963
55 0.8484375 0.8157407407407408 0.05677083333333333 0.11296296296296296
13 0.2359375 9.259259259259259e-10 0.06614583333333333 0.026851850925925926
37 0.9953125 0.046296296296296294 0.0046875 0.1037037037037037
55 0.37083333333333335 0.6 0.052083333333333336 0.1037037037037037
31 0.61875 9.259259259259259e-10 0.09010416666666667 0.008333332407407409
