62 0.5447916666666667 0.08981481481481482 0.03802083333333333 0.07592592592592592
29 0.14479166666666668 0.7546296296296297 0.04583333333333333 0.09166666666666666
36 0.6479166666666667 0.18518518518518517 0.040625 0.08148148148148149
48 0.41822916666666665 0.26851851851851855 0.07291666666666667 0.14537037037037037
13 0.8489583333333334 0.45092592592592595 0.065625 0.13055555555555556
54 0.22395833333333334 0.2324074074074074 0.04479166666666667 0.08888888888888889
60 0.8713541666666667 0.39351851851851855 0.023958333333333335 0.049074074074074076
59 0.5484375 0.9490740740740741 0.0171875 0.03425925925925926
20 0.12447916666666667 0.030555555555555555 0.078125 0.15462962962962962
2 0.753125 0.16574074074074074 0.05677083333333333 0.11296296296296296
17 0.36875 0.4685185185185185 0.0921875 0.18333333333333332
13 0.23541666666666666 0.7444444444444445 0.06458333333333334 0.1287037037037037
47 0.24479166666666666 0.23425925925925925 0.051041666666666666 0.10185185185185185
24 0.030729166666666665 0.3277777777777778 0.0828125 0.1648148148148148
33 0.37552083333333336 0.8907407407407407 0.013020833333333334 0.025925925925925925
12 0.1515625 0.537962962962963 0.015625 0.032407407407407406
21 0.1859375 0.5777777777777777 0.03125 0.06296296296296296
25 0.9348958333333334 0.7898148148148149 0.01875 0.03796296296296296
3 0.6604166666666667 0.6703703703703704 0.015625 0.032407407407407406
54 0.8869791666666667 0.19537037037037036 0.08958333333333333 0.17777777777777778
