36 0.32708333333333334 0.18703703703703703 0.033854166666666664 0.06759259259259259
56 0.9234375 0.725 0.0765625 0.16018518518518518
9 0.40520833333333334 0.7657407407407407 0.0828125 0.1648148148148148
12 0.26979166666666665 9.259259259259259e-10 0.0484375 0.08888888796296296
22 0.259375 0.04722222222222222 0.053125 0.10648148148148148
19 0.2859375 0.8601851851851852 0.0067708333333333336 0.014814814814814815
27 0.6666666666666666 0.19814814814814816 0.08697916666666666 0.17222222222222222
23 0.6890625 0.6518518518518519 0.005729166666666666 0.012037037037037037
38 0.21510416666666668 0.48055555555555557 0.020833333333333332 0.041666666666666664
42 0.39947916666666666 0.6574074074074074 0.026041666666666668 0.05277777777777778
14 0.5057291666666667 0.014814814814814815 0.044270833333333336 0.08796296296296297
50 0.24375 0.34814814814814815 0.06822916666666666 0.13518518518518519
6 0.7645833333333333 0.29814814814814816 0.05416666666666667 0.10833333333333334
47 0.2390625 0.14166666666666666 0.06145833333333333 0.12222222222222222
29 0.41510416666666666 0.3768518518518518 0.084375 0.1685185185185185
12 0.4864583333333333 0.39537037037037037 0.025520833333333333 0.05092592592592592
16 0.7057291666666666 0.6231481481481481 0.021354166666666667 0.04351851851851852
19 0.2125 0.875 0.05677083333333333 0.11296296296296296
10 0.48854166666666665 9.259259259259259e-10 0.05364583333333333 0.025925925
50 0.3770833333333333 0.5175925925925926 0.027083333333333334 0.05462962962962963
