62 0.040625 0.7648148148148148 0.0140625 0.028703703703703703
34 0.6479166666666667 0.3925925925925926 0.011458333333333333 0.023148148148148147
49 0.5479166666666667 0.5018518518518519 0.075 0.14907407407407408
17 0.753125 0.22962962962962963 0.04635416666666667 0.09259259259259259
21 0.334375 0.07407407407407407 0.018229166666666668 0.037037037037037035
29 0.18854166666666666 0.6509259259259259 0.024479166666666666 0.049074074074074076
52 0.37395833333333334 0.2611111111111111 0.01875 0.03888888888888889
50 0.10833333333333334 0.8138888888888889 0.0671875 0.13425925925925927
43 0.421875 0.787962962962963 0.0859375 0.17037037037037037
21 0.43072916666666666 0.4564814814814815 0.07239583333333334 0.14351851851851852
22 0.346875 0.18518518518518517 0.04375 0.08796296296296297
57 0.796875 0.5564814814814815 0.008333333333333333 0.017592592592592594
5 0.41875 9.259259259259259e-10 0.05677083333333333 0.0027777768518518517
4 0.3807291666666667 0.3972222222222222 0.05416666666666667 0.10740740740740741
8 0.8979166666666667 0.7342592592592593 0.05416666666666667 0.10833333333333334
10 0.6020833333333333 0.2824074074074074 0.04479166666666667 0.08981481481481482
48 0.7989583333333333 0.8138888888888889 0.05520833333333333 0.11018518518518519
39 0.6984375 0.26481481481481484 0.03697916666666667 0.07407407407407407
34 0.8885416666666667 0.39166666666666666 0.075 0.14907407407407408
44 0.13177083333333334 0.25277777777777777 0.0796875 0.15833333333333333
