36 0.09375 0.2759259259259259 0.020833333333333332 0.04259259259259259
35 0.5432291666666667 0.487962962962963 0.05572916666666667 0.1111111111111111
48 0.9119791666666667 0.14722222222222223 0.08697916666666666 0.17222222222222222
4 0.6942708333333333 0.0 0.07864583333333333 0.001851851851851852
41 0.11666666666666667 0.0712962962962963 0.030729166666666665 0.062037037037037036
25 0.6473958333333333 0.0 0.07708333333333334 0.1361111111111111
35 0.7083333333333334 0.21851851851851853 0.028645833333333332 0.05740740740740741
22 0.5859375 0.7833333333333333 0.08541666666666667 0.17037037037037037
25 0.7875 0.23148148148148148 0.08072916666666667 0.16018518518518518
46 0.39010416666666664 0.2564814814814815 0.0734375 0.14629629629629629
62 0.16927083333333334 0.5083333333333333 0.024479166666666666 0.05
15 0.20572916666666666 0.25833333333333336 0.03177083333333333 0.06388888888888888
63 0.6760416666666667 0.7287037037037037 0.022395833333333334 0.04537037037037037
18 0.9145833333333333 0.7731481481481481 0.06875 0.1361111111111111
59 0.8255208333333334 0.2657407407407407 0.011458333333333333 0.024074074074074074
55 0.9973958333333334 0.7268518518518519 0.0026041666666666665 0.09907407407407408
37 0.625 0.3611111111111111 0.011458333333333333 0.023148148148148147
49 0.8302083333333333 0.6574074074074074 0.04479166666666667 0.08888888888888889
44 0.7822916666666667 0.0 0.0296875 0.004629629629629629
21 0.14895833333333333 0.0 0.09322916666666667 0.12962962962962962
