63 0.18854166666666666 0.6046296296296296 0.08385416666666666 0.16666666666666666
14 0.284375 0.19814814814814816 0.030729166666666665 0.062037037037037036
16 0.6651041666666667 0.24351851851851852 0.04010416666666667 0.08055555555555556
33 0.25052083333333336 0.5527777777777778 0.058333333333333334 0.11666666666666667
51 0.04895833333333333 0.21666666666666667 0.08541666666666667 0.16944444444444445
48 0.9203125 0.3675925925925926 0.0796875 0.1675925925925926
14 0.671875 0.04259259259259259 0.0875 0.17407407407407408
13 0.278125 0.049074074074074076 0.0890625 0.17685185185185184
32 0.5796875 0.8583333333333333 0.024479166666666666 0.049074074074074076
9 0.2911458333333333 0.33055555555555555 0.008333333333333333 0.017592592592592594
18 0.7567708333333333 0.20925925925925926 0.0203125 0.040740740740740744
58 0.6286458333333333 0.30185185185185187 0.023958333333333335 0.04814814814814815
53 0.46979166666666666 0.016666666666666666 0.019270833333333334 0.03888888888888889
35 0.007291666666666667 0.7824074074074074 0.04479166666666667 0.08981481481481482
12 0.30052083333333335 0.9564814814814815 0.0140625 0.028703703703703703
40 0.4036458333333333 0.2388888888888889 0.013020833333333334 0.026851851851851852
20 0.9958333333333333 0.2962962962962963 0.004166666666666667 0.10833333333333334
6 0.6994791666666667 0.8027777777777778 0.03333333333333333 0.06666666666666667
39 0.15989583333333332 0.85 0.007291666666666667 0.01574074074074074
36 0.8817708333333333 0.9564814814814815 0.014583333333333334 0.02962962962962963
