63 0.10989583333333333 0.7546296296296297 0.04635416666666667 0.09259259259259259
42 0.33229166666666665 0.6416666666666667 0.0546875 0.10925925925925926
8 0.44895833333333335 0.3787037037037037 0.035416666666666666 0.0712962962962963
34 0.9359375 0.2935185185185185 0.026041666666666668 0.05277777777777778
43 0.7213541666666666 0.040740740740740744 0.04739583333333333 0.09444444444444444
62 0.39166666666666666 0.5037037037037037 0.034895833333333334 0.07037037037037037
13 0.11979166666666667 0.7129629629629629 0.07708333333333334 0.1527777777777778
48 0.9541666666666667 0.40925925925925927 0.04583333333333333 0.18333333333333332
29 0.09947916666666666 0.004629629629629629 0.0125 0.025
55 0.26458333333333334 0.5916666666666667 0.058333333333333334 0.11574074074074074
37 0.2708333333333333 0.5027777777777778 0.08697916666666666 0.17314814814814813
37 0.3927083333333333 0.4666666666666667 0.075 0.14907407407407408
16 0.5067708333333333 0.1675925925925926 0.08125 0.16111111111111112
36 0.9322916666666666 0.1361111111111111 0.019270833333333334 0.03888888888888889
50 0.4015625 0.43425925925925923 0.042708333333333334 0.08611111111111111
22 0.34479166666666666 0.6481481481481481 0.0203125 0.040740740740740744
63 0.35625 0.30277777777777776 0.011458333333333333 0.024074074074074074
17 0.023958333333333335 0.32592592592592595 0.06927083333333334 0.13703703703703704
43 0.6932291666666667 0.21574074074074073 0.0109375 0.022222222222222223
14 0.5317708333333333 0.38425925925925924 0.03229166666666667 0.06481481481481481
