63 0.034895833333333334 0.8666666666666667 0.05 0.09907407407407408
47 0.8557291666666667 0.6861111111111111 0.08385416666666666 0.16666666666666666
50 0.3729166666666667 0.2675925925925926 0.08020833333333334 0.15925925925925927
56 0.828125 0.05462962962962963 0.08802083333333334 0.175
42 0.5786458333333333 0.004629629629629629 0.08541666666666667 0.16944444444444445
14 0.16666666666666666 0.5055555555555555 0.04791666666666667 0.09537037037037037
36 0.6729166666666667 0.025 0.013020833333333334 0.026851851851851852
61 0.928125 0.649074074074074 0.013541666666666667 0.026851851851851852
61 0.8828125 0.5231481481481481 0.0109375 0.022222222222222223
7 0.7776041666666667 9.259259259259259e-10 0.090625 0.0685185175925926
30 0.35572916666666665 0.1361111111111111 0.0234375 0.04722222222222222
4 0.1734375 0.8287037037037037 0.009895833333333333 0.021296296296296296
43 0.19322916666666667 0.6962962962962963 0.0671875 0.13425925925925927
50 0.2953125 0.6953703703703704 0.05364583333333333 0.10740740740740741
22 0.3015625 0.5777777777777777 0.06145833333333333 0.12222222222222222
60 0.90625 0.4 0.0171875 0.03518518518518519
13 0.5677083333333334 0.15092592592592594 0.025520833333333333 0.05185185185185185
60 0.18802083333333333 9.259259259259259e-10 0.029166666666666667 0.03148148055555556
53 0.13125 0.32037037037037036 0.075 0.14907407407407408
50 0.3734375 0.7555555555555555 0.08541666666666667 0.17037037037037037
