37 0.5578125 0.6231481481481481 0.0546875 0.10925925925925926
50 0.94375 0.4962962962962963 0.024479166666666666 0.049074074074074076
9 0.8526041666666667 0.11944444444444445 0.028125 0.05648148148148148
42 0.009895833333333333 0.9138888888888889 0.0046875 0.011111111111111112
42 0.025520833333333333 0.43796296296296294 0.065625 0.13055555555555556
50 0.43645833333333334 0.5907407407407408 0.0203125 0.040740740740740744
24 0.4583333333333333 0.7314814814814815 0.09114583333333333 0.1814814814814815
8 0.15729166666666666 0.55 0.0375 0.075
37 0.6432291666666666 0.9148148148148149 0.011458333333333333 0.024074074074074074
25 0.26614583333333336 0.6962962962962963 0.08645833333333333 0.17222222222222222
10 0.8552083333333333 9.259259259259259e-10 0.07708333333333334 0.10277777685185185
10 0.27239583333333334 0.6481481481481481 0.0828125 0.1648148148148148
56 0.83125 0.06296296296296296 0.057291666666666664 0.11388888888888889
59 0.39166666666666666 0.4287037037037037 0.07135416666666666 0.14166666666666666
19 0.9046875 0.43796296296296294 0.07135416666666666 0.1425925925925926
6 0.7177083333333333 0.49074074074074076 0.0484375 0.09722222222222222
4 0.5458333333333333 0.8296296296296296 0.0578125 0.11574074074074074
21 0.6942708333333333 0.4722222222222222 0.0390625 0.07777777777777778
48 0.834375 9.259259259259259e-10 0.03802083333333333 0.013888887962962964
31 0.8317708333333333 0.5527777777777778 0.021875 0.044444444444444446
