37 0.42916666666666664 0.4601851851851852 0.0046875 0.010185185185185186
59 0.7984375 0.7305555555555555 0.025520833333333333 0.05185185185185185
33 0.296875 0.6148148148148148 0.009375 0.019444444444444445
2 0.7046875 0.6527777777777778 0.09166666666666666 0.1814814814814815
48 0.9942708333333333 0.11666666666666667 0.005729166666666666 0.075
60 0.12916666666666668 0.5388888888888889 0.030729166666666665 0.062037037037037036
50 0.5119791666666667 0.562962962962963 0.09114583333333333 0.18055555555555555
51 0.2911458333333333 9.259259259259259e-10 0.0859375 0.1222222212962963
21 0.14895833333333333 0.3101851851851852 0.021354166666666667 0.04351851851851852
30 0.6083333333333333 0.9157407407407407 0.03229166666666667 0.06388888888888888
28 0.3177083333333333 9.259259259259259e-10 0.025520833333333333 0.02499999907407407
12 0.46822916666666664 9.259259259259259e-10 0.0875 0.16759259166666668
17 0.5692708333333333 0.4935185185185185 0.07083333333333333 0.14074074074074075
43 0.7473958333333334 0.42592592592592593 0.008854166666666666 0.018518518518518517
11 0.8682291666666667 0.5435185185185185 0.08333333333333333 0.16574074074074074
15 0.4765625 0.8111111111111111 0.06875 0.13703703703703704
13 0.022395833333333334 0.29444444444444445 0.06145833333333333 0.12314814814814815
49 0.8317708333333333 0.7037037037037037 0.0484375 0.09722222222222222
32 0.5083333333333333 0.42314814814814816 0.0359375 0.07222222222222222
50 0.440625 0.23148148148148148 0.09270833333333334 0.18425925925925926
