37 0.6536458333333334 0.05925925925925926 0.013541666666666667 0.027777777777777776
59 0.0515625 0.6796296296296296 0.07447916666666667 0.14814814814814814
60 0.4734375 0.20555555555555555 0.030208333333333334 0.06111111111111111
52 0.32395833333333335 0.14537037037037037 0.06041666666666667 0.12037037037037036
62 0.30833333333333335 0.6537037037037037 0.09322916666666667 0.18518518518518517
32 0.4192708333333333 0.2972222222222222 0.04583333333333333 0.09074074074074075
9 0.8119791666666667 0.37037037037037035 0.0515625 0.1037037037037037
49 0.25416666666666665 0.33611111111111114 0.017708333333333333 0.03518518518518519
8 0.5703125 0.937037037037037 0.008333333333333333 0.017592592592592594
48 0.5854166666666667 0.010185185185185186 0.06822916666666666 0.1361111111111111
14 0.7822916666666667 0.16666666666666666 0.051041666666666666 0.10185185185185185
29 0.6817708333333333 0.27037037037037037 0.034895833333333334 0.07037037037037037
15 0.11458333333333333 9.259259259259259e-10 0.0703125 0.12314814722222223
60 0.24895833333333334 0.5675925925925925 0.06041666666666667 0.12037037037037036
51 0.6916666666666667 0.6944444444444444 0.08333333333333333 0.16574074074074074
17 0.3963541666666667 0.1 0.0828125 0.1648148148148148
49 0.030729166666666665 0.7851851851851852 0.0875 0.17407407407407408
32 0.5911458333333334 0.5564814814814815 0.0828125 0.1648148148148148
18 0.18854166666666666 0.3972222222222222 0.050520833333333334 0.10092592592592593
55 0.4713541666666667 0.462037037037037 0.030208333333333334 0.06111111111111111
