63 0.86875 0.42962962962962964 0.0078125 0.016666666666666666
33 0.4171875 0.21481481481481482 0.06979166666666667 0.1388888888888889
6 0.21979166666666666 0.375 0.0328125 0.06574074074074074
2 0.159375 0.9018518518518519 0.0140625 0.028703703703703703
21 0.340625 0.33796296296296297 0.06354166666666666 0.1259259259259259
52 0.13697916666666668 0.6425925925925926 0.07083333333333333 0.14074074074074075
19 0.7458333333333333 0.6305555555555555 0.0484375 0.09722222222222222
11 0.3734375 0.775 0.033854166666666664 0.06759259259259259
48 0.41770833333333335 0.11388888888888889 0.008333333333333333 0.017592592592592594
11 0.8432291666666667 0.1361111111111111 0.03177083333333333 0.06296296296296296
42 0.053125 0.55 0.008854166666666666 0.018518518518518517
15 0.3104166666666667 0.65 0.0296875 0.05925925925925926
57 0.33125 0.13240740740740742 0.03229166666666667 0.06481481481481481
21 0.12916666666666668 0.8851851851851852 0.0125 0.025925925925925925
30 0.2755208333333333 0.9148148148148149 0.016666666666666666 0.03333333333333333
44 0.5572916666666666 0.4462962962962963 0.005729166666666666 0.012037037037037037
33 0.07447916666666667 0.30185185185185187 0.019270833333333334 0.03888888888888889
6 0.26197916666666665 0.39444444444444443 0.021354166666666667 0.04259259259259259
8 0.8140625 0.4064814814814815 0.023958333333333335 0.04814814814814815
8 0.5994791666666667 0.5157407407407407 0.06302083333333333 0.1259259259259259
