63 0.7234375 0.3425925925925926 0.027604166666666666 0.05462962962962963
34 0.6666666666666666 0.8388888888888889 0.06145833333333333 0.12222222222222222
44 0.057291666666666664 9.259259259259259e-10 0.06614583333333333 0.01018518425925926
55 0.12239583333333333 0.5694444444444444 0.046875 0.09351851851851851
4 0.7390625 0.6611111111111111 0.019270833333333334 0.03888888888888889
49 0.2994791666666667 0.65 0.007291666666666667 0.01574074074074074
15 0.6677083333333333 0.44351851851851853 0.0359375 0.07222222222222222
62 0.021354166666666667 0.5148148148148148 0.07552083333333333 0.15
29 0.9802083333333333 0.12129629629629629 0.019791666666666666 0.07314814814814814
56 0.2515625 0.6074074074074074 0.03229166666666667 0.06481481481481481
28 0.9171875 0.7972222222222223 0.0828125 0.175
25 0.4479166666666667 0.15 0.052083333333333336 0.10462962962962963
24 0.290625 0.8203703703703704 0.059375 0.11851851851851852
18 0.025 0.8305555555555556 0.007291666666666667 0.01574074074074074
40 0.165625 0.5916666666666667 0.034895833333333334 0.07037037037037037
22 0.8072916666666666 0.43703703703703706 0.0453125 0.09074074074074075
3 0.4796875 0.375 0.0921875 0.1824074074074074
26 0.26927083333333335 0.8722222222222222 0.0328125 0.06574074074074074
3 0.7911458333333333 0.48518518518518516 0.005729166666666666 0.012962962962962963
30 0.6333333333333333 0.06111111111111111 0.07239583333333334 0.14351851851851852
