2 0.044947864835576966 0.15526891625734235 0.0036458333333333334 0.010185185185185186 
3 0.5682751962880408 0.36678471288812636 0.0067708333333333336 0.018518518518518517 
23 0.36682009607788246 0.44869114612396327 0.021875 0.05462962962962963 
22 0.8867028667401613 0.42162758581623283 0.03854166666666667 0.0824074074074074 
35 0.2547950588606948 0.40711824054220314 0.07395833333333333 0.1712962962962963 
33 0.9224718872020558 0.3956052507301288 0.005729166666666666 0.012962962962962963 
31 0.8475787174214436 0.6621794125267646 0.027083333333333334 0.06851851851851852 
8 0.8774910584402122 0.3203572444092983 0.0046875 0.012962962962962963 
24 0.155519186245851 0.7257708376051595 0.06510416666666667 0.12129629629629629 
19 0.4978273577160669 0.5045718695890713 0.04375 0.09444444444444444 
17 0.3071604286146505 0.5015098386717867 0.0125 0.03148148148148148 
12 0.14505704865654664 0.795219664159338 0.004166666666666667 0.008333333333333333 
19 0.4055495047718558 0.7957971115685177 0.04895833333333333 0.10555555555555556 
37 0.5989542834352242 0.5789901753159451 0.05677083333333333 0.14444444444444443 
14 0.8996949013434623 0.9249013535300328 0.0421875 0.09259259259259259 
20 0.8090613289132964 0.6383080857604175 0.0046875 0.026851851851851852 
