2 0.7107119279927439 0.39745893332560667 0.05260416666666667 0.14907407407407408 
10 0.7834224721799382 0.46479269676081536 0.025520833333333333 0.07222222222222222 
5 0.7765680830249021 0.6409863995279232 0.0140625 0.040740740740740744 
35 0.6962316989586261 0.19245778878346773 0.013541666666666667 0.03148148148148148 
16 0.9091995729457869 0.3410929855367081 0.053125 0.12314814814814815 
7 0.8990551979053749 0.5450659875930232 0.0375 0.10555555555555556 
21 0.7086986722351328 0.5412020778431156 0.058333333333333334 0.16574074074074074 
16 0.6731080912494954 0.6681320728098487 0.07083333333333333 0.1648148148148148 
19 0.4059146461646989 0.33856204108758714 0.06458333333333334 0.1388888888888889 
32 0.05172009661891398 0.40176874606646673 0.042708333333333334 0.09259259259259259 
7 0.6141439197711608 0.1684687714467761 0.0046875 0.012962962962962963 
