2 0.6795258996289906 0.42798565689112167 0.034375 0.09814814814814815 
14 0.8371530193335505 0.574712072938146 0.0359375 0.0787037037037037 
3 0.9050589769487796 0.652444779742466 0.05260416666666667 0.14722222222222223 
10 0.8201038729773177 0.6507940965214025 0.06041666666666667 0.1712962962962963 
37 0.649143266014082 0.7302594792880951 0.04375 0.1111111111111111 
22 0.21400994077001412 0.4959823485218993 0.0078125 0.016666666666666666 
19 0.3029977768900274 0.4467870372225843 0.06510416666666667 0.1398148148148148 
11 0.777858152576472 0.8953368383789598 0.016145833333333335 0.04722222222222222 
23 0.332667273083872 0.1457485231759427 0.009895833333333333 0.025 
7 0.8080313418970314 0.32697335200028327 0.011458333333333333 0.03148148148148148 
17 0.8558517302114768 0.2360294653173973 0.0359375 0.09166666666666666 
33 0.7450433718264563 0.7400219941816888 0.0234375 0.05462962962962963 
6 0.6552931250801056 0.26464604139709746 0.020833333333333332 0.058333333333333334 
29 0.501991787620379 0.7545523828045858 0.075 0.16203703703703703 
10 0.40827319701425047 0.7722844906171428 0.016145833333333335 0.04722222222222222 
3 0.8221932805058714 0.3164909111976907 0.06197916666666667 0.17314814814814813 
4 0.46940185375906895 0.23145533714496386 0.04635416666666667 0.12962962962962962 
11 0.31819027631443675 0.2764592124052086 0.03229166666666667 0.09166666666666666 
26 0.8000358481935004 0.6310012772728375 0.06770833333333333 0.13796296296296295 
16 0.3472677168976294 0.8649977831101735 0.044270833333333336 0.1037037037037037 
35 0.6155688500660416 0.7274626065767088 0.008333333333333333 0.018518518518518517 
10 0.8646770420602188 0.3849621588807864 0.022916666666666665 0.06481481481481481 
