2 0.82102403020327 0.6632136571032173 0.0625 0.17777777777777778 
15 0.9003275424548292 0.047841921812113296 0.0265625 0.05740740740740741 
5 0.49748007027435587 0.6232423987230288 0.0078125 0.021296296296296296 
26 0.07927994175677827 0.14016510448539216 0.018229166666666668 0.03796296296296296 
12 0.05143049707380638 0.1825974599342302 0.05520833333333333 0.11851851851851852 
13 0.11305325714041381 0.40759973323445686 0.04791666666666667 0.10277777777777777 
29 0.5279130616093607 0.15034340687024667 0.004166666666666667 0.008333333333333333 
30 0.7828194480328772 0.6470056932740365 0.049479166666666664 0.11944444444444445 
12 0.8298625617384632 0.5264109566718913 0.071875 0.15462962962962962 
29 0.8373111946254553 0.7587213965242101 0.0375 0.08055555555555556 
23 0.15277390765548338 0.8148820289220609 0.0067708333333333336 0.016666666666666666 
3 0.6882246937021791 0.47275551672372096 0.06354166666666666 0.17777777777777778 
4 0.6163791234489268 0.8049578547955681 0.015625 0.044444444444444446 
9 0.48355243477024995 0.8804357582175463 0.059375 0.1638888888888889 
11 0.44421002097102985 0.20968456782173078 0.059895833333333336 0.1712962962962963 
31 0.1451609084025445 0.8278567687533115 0.005729166666666666 0.013888888888888888 
29 0.6247100660706358 0.12145381239885225 0.03125 0.06759259259259259 
16 0.4794150592854751 0.40901286067190995 0.025520833333333333 0.05925925925925926 
6 0.46388844269091967 0.8165733279586237 0.018229166666666668 0.05092592592592592 
19 0.3421742041405555 0.46936296866199134 0.0078125 0.016666666666666666 
23 0.7767013338258337 0.7868446546691454 0.04010416666666667 0.10092592592592593 
