2 0.4223514604003503 0.1398711593094076 0.020833333333333332 0.058333333333333334 
15 0.16555690016555036 0.3525067402668548 0.05677083333333333 0.12222222222222222 
27 0.20096808972424263 0.4554378272061441 0.0328125 0.07592592592592592 
3 0.18979977527846387 0.3038164099951382 0.05520833333333333 0.15555555555555556 
30 0.55376834084538 0.7894733293050312 0.051041666666666666 0.12222222222222222 
37 0.4225735366674868 0.8902028327482608 0.0109375 0.026851851851851852 
29 0.690217798540164 0.184090915617179 0.0609375 0.13148148148148148 
22 0.544416629168286 0.4291133594972498 0.04895833333333333 0.10555555555555556 
29 0.7513297643611586 0.5933001254147009 0.0067708333333333336 0.014814814814814815 
10 0.2327044244322258 0.3998694952363255 0.008854166666666666 0.025 
21 0.6048242626035987 0.6441875388330759 0.050520833333333334 0.1425925925925926 
13 0.1097575019385001 0.7878813309065072 0.028125 0.06018518518518518 
6 0.5719068486984926 0.22516956710067879 0.01875 0.05277777777777778 
31 0.8879123680084334 0.11948915679521636 0.036458333333333336 0.09259259259259259 
6 0.025442769193484472 0.304952723684803 0.043229166666666666 0.12129629629629629 
18 0.5214006173350676 0.09593765908579267 0.026041666666666668 0.05462962962962963 
16 0.915275786779188 0.6796392419746751 0.005208333333333333 0.012037037037037037 
37 0.772503935820184 0.6222897027721919 0.04114583333333333 0.1037037037037037 
26 0.5245618694629195 0.23875773219574842 0.020833333333333332 0.04259259259259259 
3 0.06697309772360521 0.6641800166045639 0.0109375 0.030555555555555555 
35 0.7382641034369092 0.5374718316643677 0.06197916666666667 0.14351851851851852 
3 0.3245446242884184 0.5519176141357519 0.03177083333333333 0.08888888888888889 
22 0.23953526088892893 0.6927810058824015 0.06354166666666666 0.1361111111111111 
10 0.39070075866603204 0.5479491592144367 0.05520833333333333 0.1574074074074074 
8 0.921778962758207 0.5776341524264048 0.0036458333333333334 0.010185185185185186 
29 0.31897290842133674 0.26286332894823466 0.042708333333333334 0.09259259259259259 
37 0.8811298675284049 0.5172119764767961 0.013541666666666667 0.03425925925925926 
22 0.2296622965747608 0.7008670272753105 0.058333333333333334 0.125 
5 0.05311493411133891 0.1395624017023204 0.021875 0.062037037037037036 
26 0.439705991575348 0.8332803063780634 0.06458333333333334 0.13240740740740742 
4 0.16670209746032136 0.048986559750323205 0.004166666666666667 0.011111111111111112 
15 0.6934955199647516 0.5184583467489069 0.019791666666666666 0.04351851851851852 
31 0.801714349092058 0.6982937164805996 0.03854166666666667 0.09814814814814815 
31 0.36210252968819934 0.91939420665261 0.029166666666666667 0.07407407407407407 
24 0.805548942559486 0.509524167205281 0.07395833333333333 0.13796296296296295 
10 0.5466320449765911 0.8333734710804832 0.03958333333333333 0.11296296296296296 
