2 0.32659929383038533 0.3171711225333613 0.034375 0.09814814814814815 
16 0.8565350538291285 0.3410381337453003 0.027604166666666666 0.06388888888888888 
34 0.8067702280641355 0.5264291785757526 0.04114583333333333 0.06759259259259259 
12 0.5593660883236816 0.25738336747697976 0.08229166666666667 0.17685185185185184 
30 0.05071842247594929 0.035920572778101754 0.017708333333333333 0.04351851851851852 
28 0.3377837784005667 0.07247174790667775 0.025520833333333333 0.05648148148148148 
34 0.6676872787240966 0.5410016760376214 0.06770833333333333 0.1111111111111111 
21 0.6026118538520948 0.3195035414524089 0.008854166666666666 0.025 
12 0.1546087191736272 0.3334214569552017 0.042708333333333334 0.09166666666666666 
11 0.8905360777854712 0.6238156541960541 0.030729166666666665 0.08611111111111111 
28 0.706322285292497 0.9358125405463932 0.04114583333333333 0.08981481481481482 
22 0.29817879796066693 0.9192204991255629 0.05677083333333333 0.12222222222222222 
14 0.5138990561547743 0.7791463897910187 0.0421875 0.09259259259259259 
15 0.20606106823051334 0.3808120894820961 0.06197916666666667 0.13333333333333333 
20 0.05682731996644715 0.25479804534574135 0.019791666666666666 0.1111111111111111 
16 0.449136704998837 0.7306080776868454 0.043229166666666666 0.10092592592592593 
33 0.1755021835956389 0.11803200563178891 0.051041666666666666 0.11851851851851852 
15 0.8720134420420242 0.9168085348425763 0.059895833333333336 0.12962962962962962 
20 0.3595274115049288 0.8262563218942915 0.03177083333333333 0.1787037037037037 
9 0.09391731005673848 0.6647304502764687 0.019270833333333334 0.053703703703703705 
32 0.21535235743407394 0.9139755632553869 0.020833333333333332 0.04537037037037037 
32 0.5426487004912602 0.4529547378844417 0.03229166666666667 0.07037037037037037 
15 0.07957420359174783 0.9467013906639987 0.01875 0.03981481481481482 
31 0.4960131085186615 0.6282257069317001 0.027083333333333334 0.06851851851851852 
32 0.2512897857326492 0.6056187557001103 0.08229166666666667 0.17962962962962964 
4 0.22826123592641984 0.10351578871082903 0.0109375 0.02962962962962963 
6 0.5805559291200396 0.5098132622223387 0.0296875 0.0824074074074074 
32 0.6449375438603426 0.15725202264707322 0.025520833333333333 0.05555555555555555 
