2 0.27693833917475336 0.6126389630421375 0.0375 0.10740740740740741 
19 0.8293566728251068 0.5174869505473005 0.027083333333333334 0.058333333333333334 
16 0.43406713122123186 0.2526299642937467 0.009895833333333333 0.023148148148148147 
37 0.577846540489546 0.2431750589446511 0.0067708333333333336 0.016666666666666666 
19 0.13575355604082148 0.07273306303412175 0.0036458333333333334 0.008333333333333333 
36 0.796730610401642 0.6416675252670011 0.06197916666666667 0.1425925925925926 
30 0.7531668610790743 0.9031194351155845 0.06458333333333334 0.15555555555555556 
8 0.7541680316109142 0.6928967815794568 0.013020833333333334 0.03796296296296296 
23 0.8428412144344962 0.19893001550864475 0.011458333333333333 0.028703703703703703 
19 0.31669828416200035 0.30628159562903867 0.07083333333333333 0.1527777777777778 
26 0.5730352069376002 0.3519016332188022 0.0296875 0.06111111111111111 
31 0.26904380887778045 0.47823426515407735 0.0078125 0.019444444444444445 
24 0.9588014341551614 0.1273278718055711 0.028645833333333332 0.05277777777777778 
