2 0.5881120679953141 0.2694201634498384 0.04583333333333333 0.13055555555555556 
21 0.16728299585488365 0.5376475587330762 0.0026041666666666665 0.008333333333333333 
21 0.8670335010837886 0.8670464778668725 0.014583333333333334 0.041666666666666664 
18 0.37761008514606037 0.8911404471322417 0.08854166666666667 0.1814814814814815 
18 0.5255269556399607 0.7203966859076332 0.08854166666666667 0.1814814814814815 
32 0.14227508330433808 0.6703678778305237 0.04375 0.09537037037037037 
30 0.11556168316171665 0.3074255898278365 0.03802083333333333 0.09074074074074075 
27 0.914277593379569 0.4029354009982078 0.0171875 0.03981481481481482 
3 0.2601885663762302 0.10438417585046161 0.036458333333333336 0.10185185185185185 
16 0.08010431938458878 0.29962455672026245 0.05260416666666667 0.12222222222222222 
3 0.18884027855980975 0.8420348531848605 0.0515625 0.14351851851851852 
32 0.8114367611842738 0.7250958342301537 0.019270833333333334 0.041666666666666664 
34 0.04085514040757712 0.8130966378850273 0.027083333333333334 0.04351851851851852 
34 0.05163623961935329 0.5550578683683733 0.09114583333333333 0.15 
4 0.9106842187105259 0.05948190736519838 0.025 0.07037037037037037 
10 0.5018514906579861 0.05004659547012646 0.007291666666666667 0.020370370370370372 
9 0.5920253551784715 0.5377289686415007 0.053125 0.14629629629629629 
24 0.2014476235241757 0.5942473566783609 0.0515625 0.0962962962962963 
24 0.1149034333087176 0.7908311728709746 0.042708333333333334 0.07962962962962963 
