2 0.2001381856073395 0.5397928244711467 0.0515625 0.14629629629629629 
22 0.5294658786798891 0.7142973163206894 0.07239583333333334 0.15555555555555556 
30 0.4401925191497669 0.5826886984358639 0.057291666666666664 0.13703703703703704 
21 0.4800502402951521 0.5980661663277668 0.0171875 0.049074074074074076 
30 0.8498237314728214 0.3701768201495148 0.0046875 0.011111111111111112 
5 0.7085710781119732 0.23893250126212523 0.0515625 0.14629629629629629 
11 0.8444804652035726 0.278567815915811 0.0203125 0.058333333333333334 
35 0.08927110095752892 0.6873914820907002 0.059895833333333336 0.1388888888888889 
32 0.35143675248891953 0.5928479546512139 0.034895833333333334 0.07592592592592592 
37 0.9612454963027184 0.6759858298721895 0.019270833333333334 0.04814814814814815 
11 0.3195967016747124 0.5396329985396435 0.04375 0.12407407407407407 
6 0.8052901790150505 0.4110554275063369 0.0546875 0.1537037037037037 
18 0.7566025740115476 0.959180464628926 0.020833333333333332 0.04351851851851852 
20 0.16293748235374172 0.2236027746070628 0.018229166666666668 0.10277777777777777 
18 0.6620935580235254 0.6998074621945864 0.021354166666666667 0.04537037037037037 
5 0.33142858291052185 0.28341920898634193 0.04583333333333333 0.12962962962962962 
18 0.860389675193885 0.6398899799131659 0.03854166666666667 0.0787037037037037 
