2 0.5418907541314878 0.6155221735740317 0.06145833333333333 0.17407407407407408 
27 0.8241285618639477 0.6510347166288705 0.027083333333333334 0.06296296296296296 
8 0.20313976996754649 0.14320979266449163 0.028645833333333332 0.08055555555555556 
3 0.1603575514073075 0.2838243109839545 0.015625 0.044444444444444446 
15 0.46601729316700125 0.7616295500807353 0.05677083333333333 0.12222222222222222 
13 0.3770241319784761 0.7391437830643901 0.07447916666666667 0.16018518518518518 
13 0.160911721870556 0.28359989075508985 0.0390625 0.08425925925925926 
22 0.49714644810120723 0.5766460715878802 0.0578125 0.125 
28 0.5319896382498274 0.9022222151853746 0.0625 0.1388888888888889 
33 0.2676472308166884 0.2919189822230037 0.05416666666666667 0.1259259259259259 
6 0.8102152481820765 0.5116596455827722 0.05416666666666667 0.15185185185185185 
