2 0.8980679342437082 0.37105997824060016 0.04010416666666667 0.11388888888888889 
28 0.5571291677742771 0.5552967853280713 0.0578125 0.1287037037037037 
23 0.2716520051154967 0.14248999100500798 0.021354166666666667 0.05462962962962963 
36 0.610045523569274 0.5777489028079039 0.013020833333333334 0.027777777777777776 
29 0.0422017425651041 0.15656976617818175 0.04114583333333333 0.08888888888888889 
24 0.2953003078512554 0.916577128483591 0.07552083333333333 0.14074074074074075 
28 0.2637267579053934 0.9766118091006561 0.005729166666666666 0.012037037037037037 
4 0.46706174670413647 0.41655815124435247 0.021354166666666667 0.05925925925925926 
34 0.3449429905776775 0.7937673814922307 0.04739583333333333 0.07777777777777778 
5 0.039820452469647154 0.6804217033850097 0.042708333333333334 0.12037037037037036 
16 0.3382746591943003 0.6058763833024793 0.07239583333333334 0.1685185185185185 
29 0.9585567121445534 0.6757026718373538 0.008333333333333333 0.017592592592592594 
7 0.782140484020427 0.284612803766674 0.0265625 0.07314814814814814 
16 0.259110378730888 0.7659021273982844 0.035416666666666666 0.0824074074074074 
18 0.8798985732090554 0.7986620280366665 0.050520833333333334 0.10462962962962963 
34 0.6915934657671908 0.5068695361756931 0.0359375 0.05925925925925926 
29 0.46855278485443586 0.13071436446960857 0.051041666666666666 0.10925925925925926 
16 0.8360710225833066 0.8729568463473681 0.0109375 0.025925925925925925 
35 0.8280808705010886 0.11133633476429931 0.0328125 0.07592592592592592 
34 0.39304978963477527 0.6998075551343763 0.043229166666666666 0.0712962962962963 
28 0.7112151369187864 0.11336944231632079 0.04635416666666667 0.10185185185185185 
