2 0.8579592712237532 0.9599042059123046 0.015625 0.044444444444444446 
32 0.22227377924714486 0.8280264045966048 0.0609375 0.13333333333333333 
3 0.5386512435258947 0.5926493636589423 0.043229166666666666 0.12129629629629629 
12 0.3818568039299246 0.7660191151759194 0.06614583333333333 0.1425925925925926 
4 0.606269515436103 0.1311626717664353 0.034895833333333334 0.09722222222222222 
6 0.39813635920340584 0.539681502798173 0.015104166666666667 0.04259259259259259 
15 0.15611549293910965 0.4020971370622202 0.06927083333333334 0.14814814814814814 
35 0.6726800303635851 0.046297488379219334 0.0203125 0.04722222222222222 
33 0.28116423300896404 0.7209415643785807 0.07239583333333334 0.1675925925925926 
26 0.3965922942432654 0.12927081847795702 0.043229166666666666 0.08796296296296297 
37 0.2552999191398446 0.43721275826506906 0.041666666666666664 0.10648148148148148 
34 0.4565228533293897 0.4280020845769903 0.050520833333333334 0.0824074074074074 
22 0.17676561682756942 0.7106065335882966 0.030208333333333334 0.06481481481481481 
17 0.4358732062270325 0.7093192169123195 0.0390625 0.09907407407407408 
19 0.5375798974528367 0.6336851040589169 0.009375 0.019444444444444445 
21 0.565016818655608 0.31042590067001546 0.0359375 0.10185185185185185 
37 0.6962843875323027 0.45743832195161044 0.06302083333333333 0.16018518518518518 
18 0.2411527761935347 0.3479978548290661 0.050520833333333334 0.10462962962962963 
18 0.04916169696167444 0.6267364782211734 0.071875 0.14722222222222223 
12 0.3998753287119366 0.15431536518636094 0.009375 0.019444444444444445 
9 0.22414364493413602 0.34594493386915337 0.030729166666666665 0.08518518518518518 
15 0.4571516986722734 0.30206873361685516 0.0640625 0.13796296296296295 
13 0.7485591607008882 0.35307477230502377 0.07239583333333334 0.15555555555555556 
37 0.8264102776986374 0.28907984117179597 0.06875 0.17407407407407408 
37 0.6271408467138171 0.19095883182885437 0.0453125 0.11481481481481481 
29 0.39886206665165885 0.18150612455200715 0.009895833333333333 0.020370370370370372 
5 0.5614044214851456 0.7596721047418584 0.058854166666666666 0.16666666666666666 
