3 0.23155153802067951 0.8821769431834441 0.008333333333333333 0.024074074074074074 
7 0.04709277856000096 0.7410626657209117 0.03177083333333333 0.08888888888888889 
9 0.6277525091906089 0.4044066885927566 0.059375 0.1638888888888889 
5 0.8621184418314467 0.23179631384509697 0.04114583333333333 0.1175925925925926 
32 0.5235001813933683 0.8910575144153963 0.04479166666666667 0.09907407407407408 
2 0.24517161498929468 0.5356665139515361 0.0375 0.10648148148148148 
7 0.13108238415541132 0.2060051753778716 0.028645833333333332 0.07962962962962963 
16 0.7997998731308644 0.30734360373090913 0.022395833333333334 0.05185185185185185 
29 0.11032261925261308 0.10480682029262643 0.051041666666666666 0.11018518518518519 
30 0.20083344251448623 0.5555318813773369 0.057291666666666664 0.13796296296296295 
23 0.5679387088580984 0.7951091841976181 0.0484375 0.12314814814814815 
5 0.7483729062233829 0.7576632671446472 0.028125 0.0787037037037037 
30 0.3154563782717153 0.7327658971923029 0.040625 0.0962962962962963 
19 0.24498070350031131 0.2868717397629523 0.0609375 0.13055555555555556 
19 0.9688956294615884 0.10597854647357804 0.021875 0.04722222222222222 
34 0.10648701432744498 0.8452814470413004 0.0953125 0.15648148148148147 
