3 0.23472112129842113 0.36843647312188005 0.059895833333333336 0.1685185185185185 
11 0.6340442924949176 0.19985879583050198 0.0078125 0.021296296296296296 
4 0.8725311142653449 0.09383659369257487 0.024479166666666666 0.06851851851851852 
4 0.23557751815276745 0.6899359116273274 0.06302083333333333 0.17592592592592593 
13 0.8258534881400076 0.06437289275750707 0.025520833333333333 0.05462962962962963 
10 0.08010208492362135 0.8332347891823719 0.0203125 0.05740740740740741 
11 0.6634404980610006 0.33623545383909 0.004166666666666667 0.011111111111111112 
17 0.6495290282625401 0.5082798402939032 0.06145833333333333 0.15555555555555556 
28 0.31718102389169706 0.4119588666642966 0.04010416666666667 0.08796296296296297 
12 0.3055427751037874 0.16160614761117217 0.0265625 0.05740740740740741 
30 0.798492945621175 0.7780134496506188 0.05364583333333333 0.1287037037037037 
12 0.8792566043331057 0.21616879811263714 0.03958333333333333 0.08518518518518518 
11 0.9343967141658971 0.8017910194825099 0.0109375 0.02962962962962963 
27 0.7153618030519666 0.5624505634505512 0.06145833333333333 0.1425925925925926 
36 0.8270882758844273 0.1251388321421854 0.021354166666666667 0.04814814814814815 
18 0.9555252107427363 0.6016147543669419 0.0046875 0.009259259259259259 
37 0.04413994955976987 0.3540874015656181 0.0421875 0.10648148148148148 
20 0.8192368266800722 0.6990401415376679 0.013020833333333334 0.0712962962962963 
26 0.6188578506153183 0.933243958724126 0.030729166666666665 0.06296296296296296 
27 0.921087038529753 0.8136681219927981 0.053125 0.12314814814814815 
14 0.7600174981446461 0.22614681794030916 0.07135416666666666 0.15925925925925927 
18 0.807332959896953 0.2657553160060565 0.0671875 0.13796296296296295 
16 0.07845149478088283 0.5234281160633771 0.013541666666666667 0.03148148148148148 
21 0.13709684364576546 0.5280589652847892 0.028125 0.07962962962962963 
8 0.04172116524413565 0.16248177673508343 0.030208333333333334 0.08518518518518518 
28 0.702431807126665 0.45231346935146105 0.04010416666666667 0.08888888888888889 
34 0.9212983183022174 0.5640016389306598 0.03177083333333333 0.05185185185185185 
12 0.7233067369479 0.8662045729044491 0.0796875 0.1712962962962963 
14 0.3104742090730159 0.5855718601989391 0.029166666666666667 0.06481481481481481 
2 0.143705458027708 0.8984643793801032 0.04479166666666667 0.12685185185185185 
5 0.9496891487378699 0.8551963907184187 0.0026041666666666665 0.006481481481481481 
19 0.23926141906309994 0.8845280976467979 0.06666666666666667 0.14351851851851852 
27 0.18402302380494082 0.4076603987773991 0.04479166666666667 0.10462962962962963 
16 0.39512570936807434 0.6372235632202646 0.009895833333333333 0.022222222222222223 
33 0.6683598842345149 0.12294597286326499 0.04010416666666667 0.09259259259259259 
