3 0.7480541526172034 0.06987573523475868 0.019791666666666666 0.05555555555555555 
17 0.43978956269353486 0.5238021393165112 0.008854166666666666 0.022222222222222223 
28 0.28144210883852666 0.4914281112054196 0.0484375 0.10833333333333334 
37 0.18020667990414133 0.40239598540756477 0.00625 0.014814814814814815 
35 0.5662216642995245 0.6562540855453183 0.057291666666666664 0.13240740740740742 
12 0.6971011619085237 0.520332688936472 0.04114583333333333 0.08888888888888889 
2 0.47677250506685365 0.6844871672130824 0.059895833333333336 0.17037037037037037 
27 0.890757940053105 0.7985052278613523 0.07239583333333334 0.16944444444444445 
37 0.3463459528982856 0.825832123314598 0.00625 0.014814814814814815 
28 0.9328880857799575 0.3260632001647151 0.014583333333333334 0.032407407407407406 
9 0.3589000365628365 0.2643992615360344 0.04739583333333333 0.13055555555555556 
24 0.6856680845687958 0.08372133860796896 0.04114583333333333 0.07592592592592592 
23 0.11356920759103695 0.7357543685432775 0.06458333333333334 0.16296296296296298 
18 0.4030892318324056 0.7507755632612902 0.05260416666666667 0.10833333333333334 
19 0.4145961782297093 0.6400437671428284 0.013020833333333334 0.028703703703703703 
16 0.7985902939225383 0.8969224077475336 0.05416666666666667 0.12685185185185185 
8 0.7004321867906196 0.2265764238943435 0.028645833333333332 0.08055555555555556 
7 0.45394948685363784 0.7293648436478707 0.030208333333333334 0.08425925925925926 
9 0.7744494361329285 0.7058468053062775 0.024479166666666666 0.06666666666666667 
26 0.7231411002276614 0.4422212810820934 0.04635416666666667 0.09444444444444444 
6 0.7564221950695053 0.6939389366274388 0.059375 0.16666666666666666 
