3 0.46034381620310466 0.20128528484949249 0.036458333333333336 0.10185185185185185 
20 0.35426815400762646 0.5991233421407431 0.030729166666666665 0.1712962962962963 
31 0.4682858763976529 0.788162461173764 0.0625 0.15925925925925927 
33 0.6211489259972102 0.4913446459506949 0.0296875 0.06851851851851852 
33 0.35290739180734243 0.4710648414245057 0.04739583333333333 0.11018518518518519 
2 0.3074147752039616 0.5339460613661492 0.013020833333333334 0.03796296296296296 
37 0.3337031582101754 0.19517302761197333 0.05572916666666667 0.14166666666666666 
2 0.16854444562220777 0.41972917731416953 0.0036458333333333334 0.010185185185185186 
15 0.3678557480401156 0.5046478374930072 0.029166666666666667 0.06296296296296296 
30 0.29520043037001864 0.739304477657003 0.015104166666666667 0.037037037037037035 
15 0.46057627414289715 0.712579581273008 0.07760416666666667 0.16666666666666666 
6 0.3908492226314438 0.8269580085917738 0.0171875 0.049074074074074076 
31 0.6063413825778214 0.16377934507083824 0.0640625 0.16296296296296298 
28 0.16978941424410454 0.1327726643889412 0.057291666666666664 0.12685185185185185 
18 0.16284875857290904 0.49771651832218017 0.071875 0.14722222222222223 
13 0.15556839701404832 0.531975306610107 0.06458333333333334 0.1388888888888889 
33 0.5370141942562346 0.6510826607734039 0.030208333333333334 0.06944444444444445 
8 0.5846760248453468 0.20712058886026066 0.03802083333333333 0.10740740740740741 
29 0.7331575698581723 0.39467302187748243 0.0359375 0.07777777777777778 
