3 0.44604912445567596 0.8351332633281439 0.04010416666666667 0.11203703703703703 
31 0.7042066289546852 0.6180932678667161 0.04583333333333333 0.11666666666666667 
18 0.44771180185075155 0.8953766639820943 0.010416666666666666 0.021296296296296296 
24 0.39413938187110165 0.2941909445400256 0.041666666666666664 0.07777777777777778 
4 0.8132691028088774 0.5610943675196634 0.046875 0.13148148148148148 
5 0.7410669377418897 0.8995124538311892 0.015104166666666667 0.04259259259259259 
23 0.15480627241641456 0.3084264701124526 0.0140625 0.03611111111111111 
4 0.7524645083404112 0.7681469945272278 0.033854166666666664 0.09351851851851851 
28 0.553459986949653 0.7881698341906265 0.0234375 0.05277777777777778 
7 0.36484328308559283 0.37573044241289705 0.04739583333333333 0.13240740740740742 
21 0.2605294434448532 0.3396388089310356 0.008854166666666666 0.025 
3 0.22853190386832375 0.6348769220754626 0.0203125 0.05740740740740741 
13 0.7900400000972067 0.12909652874725017 0.04479166666666667 0.09722222222222222 
22 0.3867258940638632 0.11205974552571674 0.05416666666666667 0.11574074074074074 
29 0.24868488710702139 0.2208733424228744 0.07552083333333333 0.16203703703703703 
11 0.329877378686109 0.7376937793686521 0.04114583333333333 0.11666666666666667 
24 0.9425036961803792 0.5500686391501854 0.0375 0.07037037037037037 
37 0.4690296339996484 0.7803902699150799 0.0125 0.03148148148148148 
23 0.9170286308316609 0.592996754539035 0.05 0.12685185185185185 
36 0.7017156972811002 0.1762558023268491 0.07291666666666667 0.16666666666666666 
17 0.3571589093156526 0.28226113702441685 0.019791666666666666 0.05 
27 0.038966090655522166 0.9335763296769831 0.027604166666666666 0.06388888888888888 
12 0.8548186330735134 0.5858098934371948 0.0171875 0.037037037037037035 
27 0.3155083762508328 0.6724907609806738 0.040625 0.09444444444444444 
