4 0.5417924867286006 0.43759184495032577 0.06354166666666666 0.17777777777777778 
3 0.6019171736727318 0.28424925798825956 0.03177083333333333 0.08796296296296297 
12 0.38117845206909645 0.2876145270614611 0.028645833333333332 0.062037037037037036 
6 0.5006834487700722 0.33336942652025314 0.021875 0.06018518518518518 
18 0.5836822845503971 0.938259592333129 0.01875 0.03981481481481482 
22 0.739700147729528 0.5843255286297223 0.04010416666666667 0.08611111111111111 
13 0.8710501212876911 0.6779308265076354 0.06822916666666666 0.14722222222222223 
13 0.424044685326294 0.6404429178506329 0.051041666666666666 0.11018518518518519 
8 0.4185685569014631 0.5757593586199081 0.04479166666666667 0.12685185185185185 
20 0.8380886529711293 0.42592208017146804 0.0171875 0.09444444444444444 
4 0.26528882025253075 0.6969513462212199 0.019791666666666666 0.05555555555555555 
23 0.18288582674530918 0.673889616561346 0.016666666666666666 0.04259259259259259 
4 0.167955574507919 0.35521325318107666 0.035416666666666666 0.1 
31 0.4651968078317515 0.7812301284348515 0.0421875 0.10740740740740741 
32 0.8354475434285389 0.7994912643768666 0.004166666666666667 0.009259259259259259 
30 0.5366164208176107 0.4199187609227977 0.07552083333333333 0.1814814814814815 
33 0.9292192182411415 0.22930168669245077 0.04583333333333333 0.10648148148148148 
