4 0.5064088093727847 0.27872450817493766 0.0328125 0.09074074074074075 
3 0.9091148579571731 0.737232822658975 0.021875 0.06111111111111111 
32 0.09507226123252292 0.4367362716184083 0.024479166666666666 0.053703703703703705 
28 0.7460961691014634 0.5830606806454571 0.0390625 0.08611111111111111 
8 0.015113714755254682 0.5772016287808243 0.016145833333333335 0.04722222222222222 
8 0.4003332053210715 0.5769907787303066 0.018229166666666668 0.05185185185185185 
34 0.7274287610985963 0.46041919580298935 0.06927083333333334 0.11388888888888889 
21 0.22675672674516933 0.5902323083754831 0.03229166666666667 0.09074074074074075 
8 0.3659895463373604 0.2554340110729806 0.04375 0.125 
2 0.4216706002461893 0.6000910646357128 0.049479166666666664 0.1398148148148148 
15 0.7720945101970423 0.8929727813296512 0.0796875 0.1712962962962963 
32 0.10891439917871318 0.33785058546835395 0.022916666666666665 0.05 
29 0.7023495482643405 0.44118566726852976 0.022916666666666665 0.049074074074074076 
7 0.4488619471010421 0.8235332570256009 0.016145833333333335 0.046296296296296294 
28 0.20099617753177146 0.2647456961583425 0.04739583333333333 0.1037037037037037 
12 0.2506297905494203 0.7704186743478157 0.049479166666666664 0.10648148148148148 
5 0.2388000405384949 0.12178724345834761 0.034895833333333334 0.1 
4 0.49736416519350823 0.7031858308123147 0.0484375 0.13518518518518519 
33 0.11901334192116472 0.16871835782441869 0.021354166666666667 0.05 
20 0.3563044743951603 0.5146423146078151 0.022916666666666665 0.12685185185185185 
2 0.6159263640019873 0.8150350064506138 0.04895833333333333 0.13796296296296295 
18 0.5994599729632385 0.04757818094027992 0.024479166666666666 0.05 
