4 0.1874333253117406 0.32218106836648963 0.042708333333333334 0.11944444444444445 
9 0.18793202831133146 0.4215303244813021 0.0375 0.1037037037037037 
17 0.8522584399785311 0.208317585567953 0.029166666666666667 0.07314814814814814 
11 0.8137441696410606 0.8480075534298215 0.013020833333333334 0.03796296296296296 
10 0.40527651169321005 0.234932605050636 0.04583333333333333 0.13055555555555556 
33 0.5736137654222252 0.26941036417852016 0.03854166666666667 0.08981481481481482 
37 0.03972214916244041 0.7160775290420502 0.058854166666666666 0.14907407407407408 
26 0.26761110215918793 0.5627413251281252 0.005729166666666666 0.011111111111111112 
27 0.06216453981470997 0.8163650406489176 0.07395833333333333 0.1712962962962963 
7 0.39078945467976745 0.7193257102365889 0.03333333333333333 0.09259259259259259 
37 0.36425200199409224 0.7222819703527086 0.04010416666666667 0.10185185185185185 
5 0.6224612794520117 0.9233708177759834 0.041666666666666664 0.11851851851851852 
34 0.772360222367988 0.7381590042832767 0.008333333333333333 0.012962962962962963 
34 0.46862587299530295 0.6014997281542336 0.06666666666666667 0.10925925925925926 
14 0.07479967062368402 0.48090597697400583 0.035416666666666666 0.07777777777777778 
27 0.8320423241871325 0.8704619268002098 0.06510416666666667 0.15185185185185185 
31 0.3836160599384457 0.5801950573572073 0.034895833333333334 0.08796296296296297 
