4 0.047245826639404596 0.4382463396271367 0.04479166666666667 0.125 
10 0.6033463436062723 0.5781036579951144 0.06145833333333333 0.175 
22 0.780121454938675 0.6000323221803284 0.05520833333333333 0.11851851851851852 
16 0.0895911909682864 0.45710492385180296 0.04583333333333333 0.10648148148148148 
21 0.36901078068183407 0.4966114779251537 0.027604166666666666 0.07777777777777778 
27 0.3283518577337601 0.6944762223646199 0.018229166666666668 0.04259259259259259 
2 0.4574700490612338 0.6783190633754994 0.011458333333333333 0.03148148148148148 
18 0.5940925588242877 0.6398093335853717 0.0375 0.07685185185185185 
36 0.14193934069034048 0.6439069866609971 0.06458333333333334 0.14814814814814814 
9 0.20771261208823105 0.23901375327595786 0.06197916666666667 0.17037037037037037 
23 0.7867412091246004 0.2644539529976058 0.0328125 0.0824074074074074 
9 0.06715228933856311 0.7056618357428144 0.024479166666666666 0.06666666666666667 
18 0.03514018996765388 0.6583812760945806 0.036458333333333336 0.075 
