4 0.4638026778720009 0.3972599469327294 0.024479166666666666 0.06851851851851852 
12 0.6022790017236355 0.3134733286958111 0.019791666666666666 0.04259259259259259 
13 0.5487224407524288 0.2824486076396636 0.0171875 0.03611111111111111 
4 0.4080540172102274 0.44594048191805136 0.0026041666666666665 0.007407407407407408 
8 0.8081410433611186 0.18955158991453144 0.024479166666666666 0.06851851851851852 
8 0.49897109655813526 0.6341863866240571 0.016666666666666666 0.04814814814814815 
13 0.2901564747608246 0.7575974566376065 0.016666666666666666 0.03611111111111111 
22 0.598695350923169 0.31362578930359347 0.06770833333333333 0.14537037037037037 
36 0.8153934591541718 0.8788322660776658 0.019791666666666666 0.04351851851851852 
6 0.3950515261357769 0.40109038602275127 0.06354166666666666 0.17777777777777778 
2 0.5879782253150393 0.8407274077176171 0.0421875 0.11944444444444445 
17 0.07035319615461032 0.5078863872489613 0.011979166666666667 0.02962962962962963 
27 0.5293396156283836 0.16987633183874098 0.0703125 0.16296296296296298 
24 0.1332487977440453 0.9220624658241754 0.021354166666666667 0.03981481481481482 
2 0.26176947773029846 0.49414566452561454 0.0640625 0.1814814814814815 
16 0.8726239126792232 0.5255063303509028 0.0328125 0.07685185185185185 
28 0.20937572358598788 0.6150870725188428 0.00625 0.013888888888888888 
9 0.35601987088564524 0.5644487015796256 0.018229166666666668 0.05 
28 0.7940502464755685 0.811034624159004 0.05364583333333333 0.12037037037037036 
18 0.7660131479595266 0.5916278596335811 0.06770833333333333 0.1388888888888889 
36 0.6597315471775155 0.24018510107457103 0.0421875 0.0962962962962963 
36 0.9166138110359281 0.20285405618021016 0.05572916666666667 0.12777777777777777 
34 0.8402028612949107 0.7773306871981858 0.08177083333333333 0.13425925925925927 
21 0.3734777257234109 0.7798793473635679 0.06302083333333333 0.1787037037037037 
27 0.4880263460866586 0.7501781331854769 0.005729166666666666 0.012962962962962963 
