4 0.4365542203016681 0.8288948013848658 0.011458333333333333 0.032407407407407406 
23 0.5287188891101503 0.32353296713333707 0.059375 0.15 
12 0.5791163462880199 0.1536630036438715 0.0171875 0.03611111111111111 
35 0.39615641061924944 0.2756006835681489 0.07447916666666667 0.17314814814814813 
35 0.18752575416079725 0.3430617668772722 0.06041666666666667 0.1398148148148148 
30 0.6661343554193327 0.21657787776890497 0.008333333333333333 0.019444444444444445 
5 0.5887266652023875 0.2889878734378468 0.06354166666666666 0.18055555555555555 
14 0.4625189701055585 0.4726226444911786 0.023958333333333335 0.05277777777777778 
18 0.9537204504929361 0.36142673969355543 0.0296875 0.06111111111111111 
4 0.08181108424470132 0.15349308584504223 0.03854166666666667 0.10740740740740741 
30 0.1353232451766796 0.15973209982198142 0.0390625 0.09259259259259259 
27 0.11655767874104289 0.44219864688694327 0.03125 0.07314814814814814 
16 0.6129997949634068 0.8162125485452726 0.021875 0.05092592592592592 
36 0.19750376307184742 0.7252495825776488 0.034375 0.07777777777777778 
27 0.5896327242775748 0.1805063440340071 0.06614583333333333 0.15462962962962962 
5 0.8668461621155177 0.5544785970618505 0.0390625 0.1111111111111111 
13 0.1307074831820814 0.25136754509715276 0.016145833333333335 0.03425925925925926 
30 0.16442172491763246 0.340132757351301 0.06770833333333333 0.16296296296296298 
18 0.5946957894699232 0.5387626561576747 0.05 0.1037037037037037 
14 0.14087867133051213 0.4761342319042117 0.0796875 0.17685185185185184 
7 0.04352354285713538 0.6130072788523453 0.005729166666666666 0.016666666666666666 
29 0.2438257821604453 0.6327671208078494 0.034375 0.07314814814814814 
36 0.7213141168605927 0.8880373946389117 0.051041666666666666 0.1175925925925926 
37 0.41171570293369075 0.387221605279503 0.04114583333333333 0.10462962962962963 
22 0.4289968604299556 0.22443095618682565 0.021354166666666667 0.04537037037037037 
26 0.16385302781337505 0.5293507168002275 0.025520833333333333 0.05185185185185185 
28 0.14070170092943368 0.6358858368998235 0.04375 0.0962962962962963 
