4 0.04764911455441586 0.45288674448039856 0.036458333333333336 0.10277777777777777 
29 0.5625198234120632 0.5407975037868504 0.013020833333333334 0.027777777777777776 
3 0.330132217248973 0.8615398259545752 0.019270833333333334 0.053703703703703705 
15 0.24036155099125603 0.35458003966760365 0.019791666666666666 0.04351851851851852 
5 0.29993047296363345 0.7545621425383392 0.057291666666666664 0.1638888888888889 
18 0.04583801550972709 0.3614343440425471 0.08177083333333333 0.1685185185185185 
20 0.5342998575882989 0.48339896538465976 0.011979166666666667 0.06574074074074074 
11 0.25797711625054115 0.505366269130445 0.0296875 0.08425925925925926 
2 0.2310949910375663 0.6520843781320224 0.024479166666666666 0.06944444444444445 
37 0.3571768856755727 0.684233976582427 0.025 0.06296296296296296 
11 0.678166779753976 0.6956552572615935 0.0609375 0.17314814814814813 
3 0.5624789529194656 0.6698324816755434 0.0484375 0.13425925925925927 
34 0.4510009171055132 0.860981914982135 0.027083333333333334 0.04351851851851852 
3 0.2008629185998021 0.82434818331429 0.0265625 0.07407407407407407 
11 0.8448543579787164 0.6896333887980515 0.030208333333333334 0.08518518518518518 
11 0.5527412601441233 0.1828800609142773 0.0609375 0.17314814814814813 
27 0.769267903750117 0.7237305167293417 0.0765625 0.1787037037037037 
11 0.5173661833569265 0.7330479060586905 0.057291666666666664 0.1638888888888889 
35 0.10739893909296698 0.8853800826461331 0.021354166666666667 0.049074074074074076 
5 0.5227657044046408 0.2729476782696357 0.024479166666666666 0.06944444444444445 
30 0.8211592921384858 0.7583044283160226 0.06927083333333334 0.16666666666666666 
14 0.7913027312733509 0.2840872703613031 0.053125 0.11851851851851852 
