4 0.7040672299007505 0.9071216725073492 0.028645833333333332 0.07962962962962963 
30 0.7101667007750487 0.8347172987559571 0.0171875 0.041666666666666664 
2 0.24913110817355885 0.5883991003684061 0.035416666666666666 0.10092592592592593 
14 0.7413387749471579 0.05526210788498992 0.008854166666666666 0.019444444444444445 
31 0.913000027684605 0.6163166196066096 0.009895833333333333 0.024074074074074074 
22 0.792670557512164 0.4070715088168713 0.04010416666666667 0.08518518518518518 
26 0.2790734396172931 0.5778351563896464 0.057291666666666664 0.1175925925925926 
23 0.4735721522357891 0.5756944568047221 0.028645833333333332 0.07222222222222222 
36 0.9370469085234093 0.507334907657521 0.010416666666666666 0.022222222222222223 
24 0.799535866538332 0.7852582724291359 0.059895833333333336 0.11203703703703703 
13 0.2599761301072005 0.23800070139004798 0.078125 0.1675925925925926 
36 0.38704399180454124 0.8037083683810781 0.0140625 0.030555555555555555 
16 0.280696957086092 0.8279453461431686 0.0140625 0.03333333333333333 
6 0.8103428115356911 0.27319330909997147 0.021875 0.06111111111111111 
29 0.1814491842803081 0.6440261556336793 0.0609375 0.13148148148148148 
37 0.049444100850880135 0.9326101740203099 0.033854166666666664 0.08611111111111111 
34 0.5986454981764935 0.31344560177521924 0.021354166666666667 0.03425925925925926 
