5 0.7268421885109009 0.8159078139095208 0.03229166666666667 0.09166666666666666 
3 0.0922063282821964 0.3976370475018518 0.03697916666666667 0.1037037037037037 
5 0.5829588224146056 0.7460443788105242 0.014583333333333334 0.04259259259259259 
20 0.248935775807674 0.3477433014180703 0.013541666666666667 0.07685185185185185 
8 0.17311542205172847 0.2421352782050194 0.059375 0.16944444444444445 
11 0.26150925202477227 0.10900043290584238 0.0234375 0.06574074074074074 
14 0.09390884368597803 0.8623283774222344 0.05677083333333333 0.1259259259259259 
17 0.39701855598822927 0.510932526574616 0.0515625 0.13148148148148148 
16 0.32559124379704385 0.6907687228551008 0.0067708333333333336 0.014814814814814815 
31 0.16809356878047396 0.7357374843555744 0.06770833333333333 0.17222222222222222 
11 0.6041058971844423 0.5263592511238433 0.0296875 0.08333333333333333 
21 0.5555750245321246 0.9544989480076056 0.00625 0.017592592592592594 
24 0.6691516109442337 0.5983507139195704 0.052083333333333336 0.09722222222222222 
29 0.08045566123952982 0.5544833464853833 0.07604166666666666 0.1638888888888889 
36 0.7833744403132303 0.2872940022656125 0.052083333333333336 0.11944444444444445 
35 0.6158849462994206 0.5881025275092441 0.06510416666666667 0.15092592592592594 
34 0.6441937388324884 0.699171848229511 0.042708333333333334 0.06944444444444445 
7 0.5097592310148552 0.18246694353521012 0.05677083333333333 0.15833333333333333 
5 0.048914643230167476 0.86743755404665 0.049479166666666664 0.14074074074074075 
27 0.055549316519114184 0.5805812757758939 0.06145833333333333 0.1425925925925926 
