5 0.7738930752067821 0.307301377724973 0.04895833333333333 0.13796296296296295 
10 0.9292047827759934 0.7162585111592104 0.04114583333333333 0.1175925925925926 
16 0.25486752376794153 0.35140121104951666 0.030729166666666665 0.0712962962962963 
15 0.27387297993381937 0.66177617411576 0.0796875 0.1712962962962963 
15 0.049086039924593136 0.8190053368705328 0.020833333333333332 0.04537037037037037 
33 0.5509978731668115 0.6336733119669004 0.058854166666666666 0.1361111111111111 
11 0.764076263458427 0.6409374350109522 0.051041666666666666 0.14444444444444443 
31 0.49159361948538194 0.19767425402504524 0.0171875 0.04351851851851852 
7 0.42024135536955165 0.5232835063720688 0.011979166666666667 0.03333333333333333 
12 0.5460719098074065 0.5671833754162535 0.0390625 0.08333333333333333 
22 0.3266804938407806 0.68778200790318 0.018229166666666668 0.03888888888888889 
15 0.8869803274098196 0.5377464246723476 0.0828125 0.1787037037037037 
