5 0.4548897665066849 0.2331727191357365 0.023958333333333335 0.06759259259259259 
10 0.39412817964972857 0.7356173032181184 0.035416666666666666 0.10092592592592593 
27 0.7808311737188969 0.48014415756466844 0.044270833333333336 0.10277777777777777 
35 0.06215564719253225 0.3509230156383506 0.044270833333333336 0.10185185185185185 
19 0.2401362389871883 0.2879160522528045 0.0171875 0.037037037037037035 
35 0.48650779469073496 0.13883168444114316 0.015625 0.03611111111111111 
27 0.5178281929367811 0.6046782974074532 0.058854166666666666 0.1361111111111111 
18 0.6725338231941168 0.7336972413857876 0.05572916666666667 0.11481481481481481 
12 0.9011226701209097 0.8646251717976999 0.04791666666666667 0.10277777777777777 
9 0.22215818593819275 0.13487774736755717 0.003125 0.008333333333333333 
9 0.36212701125449037 0.298274274405456 0.03177083333333333 0.08703703703703704 
5 0.03133666226533299 0.5946797095543993 0.005208333333333333 0.013888888888888888 
18 0.15233427368209748 0.8784853842440213 0.05625 0.11666666666666667 
26 0.5853554517433598 0.3501328921922818 0.07604166666666666 0.15648148148148147 
13 0.06569444803548717 0.28816078574085924 0.05260416666666667 0.11296296296296296 
16 0.19007602223410008 0.9206417636619695 0.04739583333333333 0.11018518518518519 
2 0.5444526773937328 0.7902786695633922 0.05260416666666667 0.14814814814814814 
7 0.1490590660002375 0.3887175380923756 0.0109375 0.030555555555555555 
34 0.19663628448391068 0.41763759335855466 0.103125 0.16944444444444445 
9 0.7851614080957207 0.4346463166109751 0.03177083333333333 0.08796296296296297 
6 0.28749976156746254 0.39017138180244415 0.024479166666666666 0.06851851851851852 
2 0.4616774273900609 0.5050092181496741 0.009895833333333333 0.026851851851851852 
30 0.7742886059906362 0.5878519050511383 0.049479166666666664 0.11944444444444445 
4 0.40973533014847824 0.2744717658103825 0.0125 0.03518518518518519 
31 0.7703300174004968 0.48418330644323015 0.0265625 0.06759259259259259 
24 0.865283075650172 0.6991415348395483 0.049479166666666664 0.09259259259259259 
26 0.6652709508388449 0.5607282801474305 0.05677083333333333 0.11666666666666667 
8 0.27411150572849097 0.8240099472667375 0.06302083333333333 0.1787037037037037 
2 0.21813887314909566 0.7358276878865583 0.0484375 0.13703703703703704 
16 0.316525207844986 0.15465608985440307 0.005729166666666666 0.013888888888888888 
3 0.008671430540687603 0.4322225348235446 0.010416666666666666 0.027777777777777776 
8 0.8035081825528907 0.16005134020063683 0.007291666666666667 0.019444444444444445 
33 0.487176028158139 0.060367758033476854 0.0036458333333333334 0.008333333333333333 
34 0.16683638007856616 0.695530570766777 0.05520833333333333 0.09074074074074075 
34 0.44837315432574393 0.5135487604913933 0.008854166666666666 0.013888888888888888 
23 0.05686082798908527 0.6734062934622564 0.0078125 0.019444444444444445 
