5 0.21750751192866735 0.5719799955797394 0.05416666666666667 0.15462962962962962 
11 0.8394726597330677 0.7220734545861442 0.03333333333333333 0.09444444444444444 
12 0.66377031581834 0.19468255091980885 0.049479166666666664 0.10648148148148148 
31 0.36138797837254394 0.03134589907357799 0.007291666666666667 0.017592592592592594 
14 0.38582648512703765 0.8154258680491724 0.00625 0.013888888888888888 
17 0.1864997922650357 0.30641451848317813 0.0171875 0.04351851851851852 
29 0.8991088355188858 0.24109501936779582 0.06510416666666667 0.1398148148148148 
18 0.5839641983563492 0.5802385872750189 0.084375 0.17407407407407408 
32 0.4020446463382632 0.2081554701581515 0.005729166666666666 0.012037037037037037 
26 0.8248637740207867 0.19178332094492376 0.06927083333333334 0.14166666666666666 
24 0.22901178796516897 0.77337016969125 0.07135416666666666 0.13240740740740742 
15 0.4671284378490471 0.8488927304276425 0.036458333333333336 0.07777777777777778 
3 0.31494843144829815 0.8215176005017076 0.0625 0.175 
5 0.617656046249854 0.6422310710990766 0.03177083333333333 0.08888888888888889 
15 0.5770732650227558 0.3771670818851 0.008854166666666666 0.019444444444444445 
9 0.6978282809225337 0.18539853436914094 0.059375 0.1638888888888889 
30 0.341573247135433 0.5202739121681704 0.03177083333333333 0.07592592592592592 
20 0.4145146386508834 0.30578627096581135 0.0203125 0.11203703703703703 
18 0.6135875337315109 0.7460023654544018 0.015104166666666667 0.02962962962962963 
34 0.6549594978769706 0.8400450695455319 0.06197916666666667 0.10185185185185185 
22 0.6234083561917004 0.6550888459929416 0.0625 0.13425925925925927 
22 0.6625369526624021 0.5546059185802839 0.0796875 0.1712962962962963 
36 0.13852059500926012 0.1828804322541679 0.05416666666666667 0.12407407407407407 
34 0.34694778453555863 0.2999729031554588 0.10520833333333333 0.17314814814814813 
23 0.78413513789019 0.8894258387253307 0.06979166666666667 0.17592592592592593 
14 0.19494048840580772 0.2938956761317557 0.08125 0.17962962962962964 
34 0.7282179491251348 0.8488835925946714 0.09479166666666666 0.15555555555555556 
12 0.4767886675438723 0.6299495941896474 0.059375 0.12685185185185185 
