5 0.5632740491095988 0.8674061843723235 0.030729166666666665 0.08703703703703704 
14 0.29605322066902234 0.8867664465346001 0.058333333333333334 0.12962962962962962 
12 0.8072942416409681 0.7078128975922008 0.058333333333333334 0.1259259259259259 
29 0.24706331398952072 0.5835108914736898 0.058333333333333334 0.125 
15 0.15849398736458487 0.56214175762101 0.0609375 0.13055555555555556 
32 0.7157738448852006 0.4859829919288902 0.013020833333333334 0.027777777777777776 
27 0.5297224765427068 0.9044824662929201 0.06302083333333333 0.14722222222222223 
4 0.6126656634767659 0.27135990533748844 0.030729166666666665 0.08518518518518518 
17 0.8189973785293061 0.24567880975710268 0.06354166666666666 0.16203703703703703 
19 0.6425448089189982 0.566060520672887 0.021875 0.04722222222222222 
3 0.7703371378746073 0.4237895733831428 0.04479166666666667 0.125 
36 0.270198017955918 0.2530928277421154 0.013541666666666667 0.02962962962962963 
33 0.36345099264123165 0.3784731784830733 0.0328125 0.07592592592592592 
19 0.33120739037078584 0.5248164245213531 0.0796875 0.1712962962962963 
17 0.37453594908364085 0.48150896389451153 0.003125 0.008333333333333333 
4 0.32001970151860376 0.23255250789548662 0.025520833333333333 0.0712962962962963 
2 0.24663550023868572 0.4669660738292961 0.057291666666666664 0.16296296296296298 
