5 0.2934755808763196 0.44034303743990877 0.018229166666666668 0.05185185185185185 
17 0.4242130779421825 0.568830862495671 0.052083333333333336 0.13240740740740742 
19 0.04513103108269478 0.5105786119860326 0.0546875 0.1175925925925926 
30 0.5713378180187838 0.3927315870453061 0.06614583333333333 0.16018518518518518 
14 0.5513189420370679 0.4469774075999891 0.06666666666666667 0.14722222222222223 
29 0.09516370955688924 0.42617132656202905 0.0375 0.08055555555555556 
34 0.8897900752892207 0.443069509782097 0.090625 0.14907407407407408 
24 0.93933975030575 0.5406079698862026 0.05677083333333333 0.10648148148148148 
5 0.3133171985007586 0.8480369574729111 0.0484375 0.1361111111111111 
32 0.15821894148015142 0.08950173161761836 0.022916666666666665 0.05092592592592592 
3 0.7743194547159926 0.7641473337503434 0.036458333333333336 0.10277777777777777 
30 0.3760489578647231 0.17682027562873648 0.0140625 0.032407407407407406 
37 0.3242587846800769 0.17624084680521263 0.022916666666666665 0.058333333333333334 
13 0.6498598865808197 0.2721100275667725 0.078125 0.1675925925925926 
18 0.10600406723489025 0.32079856174689436 0.040625 0.0824074074074074 
23 0.8926139538923291 0.7990711076672243 0.034895833333333334 0.08888888888888889 
32 0.31996224826826924 0.08075920266418761 0.022916666666666665 0.05092592592592592 
2 0.6500870364826999 0.3056131226352296 0.05677083333333333 0.16111111111111112 
35 0.40210959434773624 0.13820354892520859 0.0484375 0.11296296296296296 
21 0.343815336971918 0.33525909719988467 0.059895833333333336 0.16944444444444445 
20 0.7795210878724428 0.8980221304419416 0.015104166666666667 0.08333333333333333 
36 0.7015724841484027 0.615674896266544 0.0265625 0.05925925925925926 
29 0.4043687812223817 0.31689138104569564 0.0625 0.13425925925925927 
8 0.40904038820892225 0.815079337834352 0.01875 0.053703703703703705 
6 0.4338397444147514 0.5835821027472411 0.0625 0.175 
21 0.3112328273285294 0.5051745410516204 0.011979166666666667 0.03518518518518519 
6 0.9017930271763019 0.38182656267603715 0.041666666666666664 0.11666666666666667 
14 0.4147501820170662 0.4429191281741232 0.0140625 0.030555555555555555 
21 0.8863134870455687 0.6922268579783807 0.035416666666666666 0.1 
22 0.5654086987799637 0.6317193370546635 0.06041666666666667 0.12962962962962962 
