5 0.626905693289149 0.09569247488044581 0.03854166666666667 0.10925925925925926 
17 0.7845791198576819 0.2596656750939252 0.0036458333333333334 0.008333333333333333 
33 0.22917948619884695 0.44152031964746397 0.0671875 0.15555555555555556 
5 0.6969814651703459 0.7836180713655065 0.0296875 0.08425925925925926 
16 0.1890910287601884 0.30397807014146505 0.04791666666666667 0.11203703703703703 
4 0.19147574644095372 0.6567121585161888 0.009895833333333333 0.027777777777777776 
13 0.5353561564253833 0.3237111745443496 0.005729166666666666 0.012962962962962963 
11 0.7977386577745943 0.7090210430838821 0.043229166666666666 0.12222222222222222 
16 0.40240284601472376 0.6982134656470121 0.050520833333333334 0.1175925925925926 
2 0.30309662091746 0.564522408902239 0.0515625 0.14537037037037037 
4 0.6356431265668115 0.21344074516459466 0.015104166666666667 0.04259259259259259 
22 0.1379039403717948 0.0217814003385468 0.0067708333333333336 0.013888888888888888 
14 0.8103202173010456 0.6119353364006805 0.004166666666666667 0.008333333333333333 
29 0.9704635851698581 0.8750058734401004 0.013541666666666667 0.028703703703703703 
5 0.8493018667504809 0.14423520102139809 0.04114583333333333 0.1175925925925926 
4 0.8276910965057491 0.20810031104744284 0.026041666666666668 0.07314814814814814 
2 0.6057250303442552 0.08382645503579773 0.008333333333333333 0.022222222222222223 
6 0.6849001679640919 0.2763734995219511 0.033854166666666664 0.09537037037037037 
31 0.8082746700801775 0.24111508368280535 0.0203125 0.05092592592592592 
7 0.13657949989456777 0.5051333379684367 0.03177083333333333 0.08888888888888889 
18 0.6404055304095877 0.19819692749888038 0.0671875 0.13796296296296295 
