5 0.49602534900764317 0.8169451346700907 0.021875 0.06111111111111111 
19 0.8638969283772524 0.26783868085989404 0.026041666666666668 0.05555555555555555 
9 0.19963725297214002 0.8358061765188204 0.0140625 0.03888888888888889 
18 0.040406761216988496 0.3250792341981873 0.06927083333333334 0.1425925925925926 
31 0.588443279041685 0.6884968939159278 0.06041666666666667 0.1537037037037037 
37 0.4512104453518065 0.5807024121202419 0.046875 0.11851851851851852 
3 0.899643176813251 0.5096274340797093 0.04114583333333333 0.11574074074074074 
33 0.7784814538654016 0.305867218786574 0.05520833333333333 0.12777777777777777 
31 0.13602903030260904 0.7786827136978294 0.0375 0.09444444444444444 
20 0.6101649883068786 0.794445839241921 0.023958333333333335 0.13333333333333333 
29 0.651025442778426 0.07482248508463159 0.0046875 0.010185185185185186 
31 0.0840423321578276 0.5494492452443137 0.0296875 0.075 
35 0.09849502586429709 0.8719214590631709 0.022395833333333334 0.05092592592592592 
31 0.31362030100923477 0.31239329698056373 0.009375 0.024074074074074074 
13 0.11694591506088592 0.4721505503344674 0.0734375 0.15833333333333333 
15 0.8168511387782431 0.25083726311745935 0.034375 0.07314814814814814 
