5 0.10587162032312473 0.9442272503007353 0.0265625 0.075 
24 0.2974301907242242 0.5307716375175049 0.040625 0.07592592592592592 
30 0.8439984559689185 0.2360695297390597 0.07083333333333333 0.17037037037037037 
34 0.4487909432092224 0.43682041628730794 0.10416666666666667 0.1712962962962963 
32 0.40701318453055185 0.19881484025993829 0.0796875 0.17407407407407408 
28 0.32104261383924165 0.514260921038297 0.0171875 0.03888888888888889 
11 0.882930926300766 0.5070294217901372 0.0515625 0.14537037037037037 
34 0.1389124715578705 0.452335369244078 0.0109375 0.017592592592592594 
2 0.7967876253794142 0.928086959435386 0.028125 0.07962962962962963 
11 0.8559726907256026 0.7513593156628696 0.005208333333333333 0.013888888888888888 
3 0.4491163864934544 0.2870983084262407 0.04739583333333333 0.13240740740740742 
30 0.2602070469796363 0.5619647920436313 0.0328125 0.07777777777777778 
