5 0.587356835103116 0.5836899913272361 0.04010416666666667 0.11388888888888889 
29 0.8171456338138542 0.5788889273637403 0.07447916666666667 0.16018518518518518 
23 0.3104708726541694 0.747038411884698 0.049479166666666664 0.1259259259259259 
26 0.22071725806748843 0.6674632974254221 0.052083333333333336 0.10740740740740741 
36 0.737129228279316 0.39813665842624846 0.04010416666666667 0.09074074074074075 
5 0.5022624219312807 0.20223454972986782 0.05 0.14166666666666666 
30 0.9136692338922485 0.4875335732676429 0.06041666666666667 0.14444444444444443 
4 0.45224439785999176 0.2344657922088784 0.0109375 0.030555555555555555 
33 0.6474409331529377 0.512381015929596 0.0125 0.028703703703703703 
34 0.13582652391599576 0.7791913396745804 0.08697916666666666 0.14351851851851852 
5 0.5264812336777885 0.7581643404998698 0.0609375 0.17314814814814813 
28 0.6901778880629588 0.4047032393370511 0.08489583333333334 0.18888888888888888 
13 0.5901695057614879 0.8535476914292733 0.018229166666666668 0.03888888888888889 
13 0.7650376440995336 0.18951298899699182 0.00625 0.013888888888888888 
15 0.5817894455176327 0.6368649547872832 0.07760416666666667 0.16666666666666666 
20 0.34604258497730384 0.8269151629780813 0.015104166666666667 0.08333333333333333 
36 0.6957517720198618 0.2240601569452778 0.04791666666666667 0.11018518518518519 
26 0.8333089473861901 0.6533615205010659 0.03854166666666667 0.0787037037037037 
27 0.8220732264447292 0.5248473307713707 0.051041666666666666 0.11944444444444445 
37 0.15807711885721756 0.6403952504855712 0.011979166666666667 0.02962962962962963 
26 0.062295798309959474 0.49279373618055844 0.046875 0.09537037037037037 
4 0.9131242188909664 0.6953735390263808 0.0484375 0.13425925925925927 
34 0.34100257035597853 0.9452658885389602 0.04375 0.0712962962962963 
21 0.9079519328651698 0.9341171432286844 0.04010416666666667 0.11296296296296296 
16 0.799431110114227 0.3844588047243205 0.06666666666666667 0.15555555555555556 
23 0.7555828060353713 0.6304907015846118 0.017708333333333333 0.04537037037037037 
21 0.29663358785070065 0.15631747298114154 0.015625 0.044444444444444446 
8 0.6750240768114151 0.8138706899052031 0.0265625 0.07407407407407407 
18 0.739685687784328 0.5261561068412699 0.015104166666666667 0.030555555555555555 
32 0.7358297829114017 0.053930362061935994 0.021354166666666667 0.046296296296296294 
20 0.3810329910572864 0.19107511179746084 0.030208333333333334 0.16944444444444445 
31 0.6194365163793819 0.5712707531833185 0.06458333333333334 0.1638888888888889 
17 0.6173420329219286 0.9534097550987756 0.025520833333333333 0.06481481481481481 
5 0.5041581199839215 0.32096800452642393 0.0109375 0.02962962962962963 
34 0.27555841065619574 0.14820835321523385 0.06875 0.11296296296296296 
23 0.19675734049557883 0.6329325658987457 0.016145833333333335 0.040740740740740744 
