5 0.891391941004105 0.6421971123306606 0.01875 0.053703703703703705 
33 0.7935165355614588 0.5520647141281444 0.06614583333333333 0.1537037037037037 
2 0.31476284168916346 0.24638415451835483 0.028645833333333332 0.08055555555555556 
20 0.24479481676333417 0.6864637740885522 0.024479166666666666 0.1361111111111111 
9 0.9057828315107953 0.4481398294098542 0.03125 0.08611111111111111 
22 0.2703362379880263 0.39545037770075303 0.028125 0.05925925925925926 
33 0.47829244836360985 0.23958274679814295 0.058854166666666666 0.1361111111111111 
21 0.45320309865368275 0.31754536451802545 0.0546875 0.15555555555555556 
12 0.9562949784005815 0.3896383981638923 0.030729166666666665 0.06666666666666667 
4 0.3142906673754918 0.5137737470731275 0.03125 0.08703703703703704 
12 0.8760004443718257 0.15404207495329517 0.0265625 0.05648148148148148 
2 0.6869037915521321 0.9637984014171769 0.020833333333333332 0.05925925925925926 
22 0.5169389910890306 0.08951139521241541 0.021354166666666667 0.04537037037037037 
34 0.3212187200760707 0.8432605041117732 0.0828125 0.1361111111111111 
29 0.04621309829735362 0.8958035609156311 0.08020833333333334 0.17222222222222222 
30 0.3615197424197542 0.6235055217030849 0.075 0.17962962962962964 
35 0.5925206670970071 0.827315307752625 0.022395833333333334 0.05092592592592592 
2 0.31465517611206106 0.13710338148710643 0.015104166666666667 0.04259259259259259 
33 0.8253160827722589 0.641763335912381 0.022395833333333334 0.05092592592592592 
20 0.1359705057871672 0.16626069315750192 0.0234375 0.13148148148148148 
27 0.9327295781212009 0.2873634559475887 0.0203125 0.04722222222222222 
33 0.7938113429114846 0.23101898266837548 0.014583333333333334 0.03425925925925926 
