5 0.5184047123283834 0.5284318785159854 0.027083333333333334 0.07592592592592592 
35 0.1697549990044436 0.07199539891065973 0.011979166666666667 0.027777777777777776 
16 0.7873290753662183 0.9559753658106026 0.0125 0.028703703703703703 
35 0.5042215863469558 0.4957059675135971 0.04479166666666667 0.1037037037037037 
23 0.15592400411725776 0.4513502022946033 0.019270833333333334 0.04814814814814815 
12 0.857517641134153 0.506909764405206 0.0515625 0.1111111111111111 
29 0.33843848710868113 0.6472727775958196 0.0578125 0.12407407407407407 
26 0.38123789693568727 0.8029157438559746 0.015104166666666667 0.02962962962962963 
23 0.08191499806953884 0.7123788114247857 0.0609375 0.1537037037037037 
15 0.7228078689170271 0.464591621419528 0.005729166666666666 0.012962962962962963 
20 0.07933908043492076 0.12011547676110285 0.014583333333333334 0.08055555555555556 
32 0.616733916952083 0.3189908104545579 0.05 0.10925925925925926 
20 0.4241141258826431 0.9238899828635837 0.008854166666666666 0.05 
37 0.42786388937516484 0.7493630272226227 0.0640625 0.16203703703703703 
21 0.4189065327602725 0.4790544349395383 0.016145833333333335 0.046296296296296294 
22 0.7096357640586646 0.33622511403007366 0.04895833333333333 0.10555555555555556 
