6 0.1621779184985973 0.5950193492423821 0.033854166666666664 0.09537037037037037 
6 0.7161771153842841 0.144719053427224 0.051041666666666666 0.1425925925925926 
5 0.3824112934713141 0.7184953587220398 0.058333333333333334 0.16574074074074074 
22 0.8839810555704094 0.7290699174768015 0.025 0.05277777777777778 
29 0.5440759630370692 0.31397862531555903 0.08020833333333334 0.17314814814814813 
36 0.1394515092996791 0.21864827326967984 0.027083333333333334 0.06111111111111111 
10 0.9223962418133054 0.19630023559706183 0.025 0.07037037037037037 
10 0.7104033058637225 0.7483193793993965 0.059895833333333336 0.1712962962962963 
14 0.4719572757688464 0.8120309575997974 0.0484375 0.10740740740740741 
6 0.5720005876225488 0.6934418106048781 0.016666666666666666 0.046296296296296294 
12 0.6767363431057203 0.9037117457304993 0.07135416666666666 0.1527777777777778 
35 0.9129290036370816 0.8667022234954613 0.029166666666666667 0.06759259259259259 
18 0.5724984249717772 0.9311648714033836 0.026041666666666668 0.053703703703703705 
33 0.1534724238720956 0.4328586186230022 0.04583333333333333 0.10648148148148148 
31 0.6236015555641188 0.2562997454781622 0.04114583333333333 0.1037037037037037 
8 0.3356056201860099 0.3685458747862917 0.049479166666666664 0.1398148148148148 
24 0.22188199245904094 0.7836530992142757 0.090625 0.16944444444444445 
27 0.2877117113581229 0.5369051914018848 0.0067708333333333336 0.01574074074074074 
28 0.649117274222338 0.45557797021859425 0.021875 0.049074074074074076 
4 0.455391194839285 0.9798248267625141 0.0067708333333333336 0.018518518518518517 
16 0.8464489292277664 0.5796093705234604 0.07291666666666667 0.16944444444444445 
35 0.10660479948860341 0.591487334800294 0.07604166666666666 0.17592592592592593 
21 0.6677733450675357 0.806644360025711 0.0026041666666666665 0.006481481481481481 
3 0.8562954168708422 0.6913925895973463 0.030208333333333334 0.08425925925925926 
12 0.6592126597304261 0.7920491467435837 0.0359375 0.07777777777777778 
32 0.3004419081448677 0.014078696697210933 0.007291666666666667 0.014814814814814815 
10 0.4415332908358177 0.6056291749411887 0.0625 0.17777777777777778 
27 0.3362613485122584 0.16947823765384934 0.014583333333333334 0.03425925925925926 
7 0.5622177489019526 0.21320345204793847 0.03958333333333333 0.1111111111111111 
22 0.6285900196748756 0.7473852984686582 0.08177083333333333 0.17592592592592593 
