6 0.7958808899896966 0.2882347631632481 0.044270833333333336 0.12314814814814815 
15 0.6909259777081547 0.3190081249041757 0.034895833333333334 0.075 
12 0.193834325813413 0.5980065299103117 0.075 0.16203703703703703 
14 0.882613651097472 0.13553720497621013 0.008854166666666666 0.018518518518518517 
22 0.6831721103618944 0.7141399382941165 0.06041666666666667 0.12962962962962962 
35 0.7247411527018804 0.5185213969934337 0.0234375 0.053703703703703705 
37 0.7531573006780828 0.40317409810185945 0.042708333333333334 0.10833333333333334 
36 0.20306527198835464 0.5397039917171892 0.0296875 0.06759259259259259 
19 0.5370631057319379 0.8321542611709888 0.0234375 0.05 
24 0.6200475738072747 0.6036544947949273 0.06614583333333333 0.12314814814814815 
10 0.7189069401168131 0.84301021524481 0.03854166666666667 0.10925925925925926 
24 0.5231389615251869 0.8128467693839588 0.07864583333333333 0.14629629629629629 
8 0.31337043887225496 0.49062048256283897 0.05625 0.16018518518518518 
15 0.6438780056681717 0.7598475283232671 0.022395833333333334 0.04814814814814815 
31 0.08601697021645001 0.4993802266310558 0.03958333333333333 0.1 
26 0.5435886821884013 0.7176165764075294 0.017708333333333333 0.037037037037037035 
13 0.9292125910749055 0.7819625622858601 0.019791666666666666 0.04351851851851852 
17 0.4111034424479594 0.49325274472903946 0.0515625 0.13055555555555556 
20 0.22802651530929338 0.45867058149111806 0.016145833333333335 0.09074074074074075 
31 0.055335456480512656 0.8026362329513562 0.011979166666666667 0.030555555555555555 
