6 0.3038048722520567 0.7433383233351967 0.00625 0.017592592592592594 
17 0.7597417604031412 0.49113086906665676 0.008854166666666666 0.022222222222222223 
19 0.44889768074112096 0.6864751470486102 0.03125 0.06666666666666667 
7 0.5701656247997955 0.586346155555272 0.04479166666666667 0.125 
18 0.859297249741814 0.33342292482773495 0.05260416666666667 0.10925925925925926 
19 0.2134597005840697 0.15309880254062191 0.036458333333333336 0.07777777777777778 
14 0.9690846347252493 0.35198378289557264 0.01875 0.04259259259259259 
19 0.6241809232426073 0.6478656747974674 0.0703125 0.15092592592592594 
11 0.9263416908737677 0.7660466834449667 0.043229166666666666 0.12222222222222222 
16 0.8565231392426399 0.6669359310785326 0.0234375 0.05462962962962963 
28 0.8245673483453262 0.3660312273330533 0.0234375 0.05277777777777778 
3 0.6832053684490816 0.9078577778437232 0.01875 0.05277777777777778 
21 0.6393989600323953 0.31210754502770477 0.03177083333333333 0.08888888888888889 
26 0.17653578767806066 0.4296484693448101 0.018229166666666668 0.03796296296296296 
19 0.7141651838137425 0.798230269251642 0.08125 0.175 
24 0.7623510851741436 0.5699510563230759 0.0265625 0.05 
36 0.7204886156947246 0.5970113809426832 0.07604166666666666 0.175 
9 0.1621222827598214 0.7500359072538241 0.03125 0.08611111111111111 
6 0.6924671236318479 0.5747940837760052 0.06354166666666666 0.17777777777777778 
21 0.11769892361804564 0.7302622215972951 0.029166666666666667 0.0824074074074074 
19 0.7649689305269233 0.17735510403144772 0.08020833333333334 0.17314814814814813 
22 0.1370008203939444 0.9084964208871182 0.0546875 0.1175925925925926 
14 0.2455532914112226 0.31926303442626236 0.03229166666666667 0.0712962962962963 
36 0.4562217674551827 0.20175937474570216 0.03229166666666667 0.07314814814814814 
