6 0.30603575485243345 0.6062177396945563 0.005729166666666666 0.014814814814814815 
23 0.5556423317540007 0.6815098658805442 0.021875 0.05555555555555555 
35 0.26567799948619625 0.4500869788271616 0.06041666666666667 0.1398148148148148 
5 0.20014754657116826 0.5811947523223352 0.029166666666666667 0.08148148148148149 
29 0.11182931925354545 0.42551321801571146 0.0359375 0.07685185185185185 
15 0.5494942415979853 0.2956929065719595 0.029166666666666667 0.062037037037037036 
23 0.5477756568189681 0.5128520197425928 0.03125 0.0787037037037037 
33 0.3695122487381745 0.9074452161413892 0.043229166666666666 0.1 
19 0.3033913965049045 0.5309131784486845 0.013541666666666667 0.02962962962962963 
24 0.8872025614776489 0.6534492423066296 0.08125 0.15092592592592594 
9 0.6140083270530443 0.7632128963233008 0.06354166666666666 0.175 
6 0.5460580943837375 0.31647248388182175 0.06302083333333333 0.17685185185185184 
22 0.8907281303751674 0.9503531184833846 0.00625 0.012962962962962963 
21 0.7916979628632644 0.39970443154355245 0.03229166666666667 0.09074074074074075 
15 0.5303970771959348 0.6511453449178102 0.07083333333333333 0.1527777777777778 
17 0.1610904479970272 0.1523386789090422 0.04010416666666667 0.10185185185185185 
21 0.37051920029175844 0.5876307440268939 0.06354166666666666 0.17962962962962964 
5 0.3002579865351189 0.8045103273596824 0.04895833333333333 0.1388888888888889 
20 0.8308101661879213 0.7125592779358086 0.0026041666666666665 0.013888888888888888 
34 0.597601535261071 0.8834569087394893 0.10208333333333333 0.1675925925925926 
6 0.14804209674649685 0.4385101744452946 0.0359375 0.10092592592592593 
10 0.19717729586311075 0.08232282491844373 0.007291666666666667 0.019444444444444445 
33 0.05987505033306326 0.8121163187671399 0.008333333333333333 0.018518518518518517 
36 0.43228997668910096 0.5103563878764729 0.040625 0.09259259259259259 
9 0.15163000587168066 0.19594662813171948 0.005208333333333333 0.014814814814814815 
31 0.1159925769151504 0.5678186798633409 0.05520833333333333 0.14074074074074075 
33 0.4123341023310851 0.6817649735902527 0.03802083333333333 0.08703703703703704 
16 0.09174830731482286 0.5002125101996452 0.013020833333333334 0.030555555555555555 
4 0.08168010815151569 0.5390375731748608 0.026041666666666668 0.07222222222222222 
12 0.6365984670067583 0.44026462033649555 0.0067708333333333336 0.014814814814814815 
26 0.5327449733166538 0.7195020021274587 0.029166666666666667 0.05925925925925926 
