6 0.6743400036196777 0.633146197000847 0.019270833333333334 0.053703703703703705 
34 0.5800396475154427 0.14300961602481338 0.050520833333333334 0.0824074074074074 
31 0.7077624859843045 0.39436568446143166 0.04635416666666667 0.1175925925925926 
10 0.1562938014266828 0.32094902926289265 0.03854166666666667 0.11018518518518519 
24 0.2760851004948256 0.9580291211063646 0.033854166666666664 0.06296296296296296 
6 0.7689202218391274 0.35130533876504905 0.0375 0.10555555555555556 
22 0.23075184894509135 0.30690366201634434 0.07916666666666666 0.16944444444444445 
37 0.35829849280995785 0.8684705782412119 0.0375 0.09444444444444444 
24 0.8025537558647191 0.7000567527059876 0.05 0.09259259259259259 
4 0.5220161271845941 0.8177217060819253 0.051041666666666666 0.14166666666666666 
16 0.4724527852848144 0.4783568913185053 0.044270833333333336 0.1037037037037037 
22 0.05748270146528149 0.4022074826746952 0.028125 0.05925925925925926 
13 0.13900167383399123 0.4549806463823431 0.06666666666666667 0.14351851851851852 
12 0.7204473900052811 0.6475446101610274 0.06979166666666667 0.15 
29 0.6103839754332343 0.8548584083754073 0.059895833333333336 0.1287037037037037 
28 0.47712024142224313 0.14129703848485078 0.044270833333333336 0.09722222222222222 
17 0.8524215695688941 0.8687058414016228 0.03854166666666667 0.09814814814814815 
20 0.8517763037989865 0.41168054358622835 0.016145833333333335 0.08981481481481482 
12 0.8463781366924877 0.6182497678909038 0.05572916666666667 0.12037037037037036 
37 0.49337468410163055 0.8410624230271142 0.028645833333333332 0.07222222222222222 
7 0.178337975523912 0.8495801289184997 0.03854166666666667 0.10833333333333334 
28 0.663213178382897 0.5024438530692625 0.04010416666666667 0.08796296296296297 
2 0.3265168745296081 0.880074961503521 0.03229166666666667 0.08981481481481482 
9 0.09716149512556763 0.16526118564792777 0.058854166666666666 0.16203703703703703 
21 0.14499649119839042 0.3415544230367764 0.013541666666666667 0.03796296296296296 
30 0.3654969788630885 0.3654270797142151 0.06927083333333334 0.1675925925925926 
32 0.8310134952609693 0.575607381643111 0.0578125 0.1259259259259259 
