6 0.1977174496381299 0.09161917087210095 0.033854166666666664 0.09351851851851851 
35 0.8474344078006059 0.7785313378155643 0.06302083333333333 0.14629629629629629 
20 0.30795087159264894 0.5895796513685297 0.0296875 0.16574074074074074 
35 0.6253656475928255 0.5639536438809466 0.0578125 0.13425925925925927 
21 0.4507635390142042 0.28918876398343935 0.03229166666666667 0.09074074074074075 
28 0.14598703475400052 0.22856587757736335 0.06770833333333333 0.15 
9 0.5766648763608071 0.030873319044914 0.005208333333333333 0.013888888888888888 
32 0.6880951395512137 0.08090216836921445 0.023958333333333335 0.05277777777777778 
5 0.3709288788349127 0.9459420901658577 0.015104166666666667 0.04259259259259259 
36 0.35712299467607594 0.219905203644324 0.04010416666666667 0.09074074074074075 
33 0.6173574962132772 0.2851228810979542 0.0734375 0.1712962962962963 
36 0.7535864225985047 0.06612714391725673 0.01875 0.041666666666666664 
28 0.5391905342302418 0.9053059121726312 0.04375 0.0962962962962963 
