7 0.4893443949953852 0.39320772805846255 0.0453125 0.1259259259259259 
2 0.18607223531325992 0.5117921187822259 0.005729166666666666 0.01574074074074074 
34 0.5966648390824686 0.3274326150351171 0.090625 0.14814814814814814 
26 0.6747555120784319 0.6980864088456611 0.0328125 0.06666666666666667 
4 0.9094382727805581 0.6265118436319581 0.03854166666666667 0.10740740740740741 
26 0.18872352066552467 0.1780692851312943 0.005729166666666666 0.011111111111111112 
5 0.7511957938705666 0.39098648579242246 0.05416666666666667 0.15462962962962962 
32 0.4768893279073744 0.37421448546873354 0.0671875 0.14629629629629629 
30 0.10575048105374237 0.3902892682492056 0.05520833333333333 0.13148148148148148 
30 0.664351773538834 0.5291710260680973 0.01875 0.04537037037037037 
26 0.050117608930672256 0.8224588681367335 0.0546875 0.11296296296296296 
12 0.6140612706679819 0.8161982581636137 0.06979166666666667 0.15 
5 0.05074140651291297 0.21079894797550106 0.013020833333333334 0.03796296296296296 
22 0.3500211480402458 0.8405973361820632 0.0067708333333333336 0.014814814814814815 
18 0.5139379900512262 0.11924296244414243 0.06458333333333334 0.13240740740740742 
11 0.61116725933542 0.6302196607121485 0.0296875 0.08333333333333333 
37 0.8495581547949885 0.32292398511388 0.005208333333333333 0.012962962962962963 
26 0.5751556591194913 0.22527548553673843 0.020833333333333332 0.04351851851851852 
15 0.7767327090566035 0.9149385113724512 0.06510416666666667 0.14074074074074075 
26 0.6644767815495463 0.5895535343345647 0.0796875 0.1638888888888889 
37 0.08806104963649267 0.7228501079248746 0.06770833333333333 0.17222222222222222 
26 0.39455884677373104 0.19786669828926157 0.05625 0.11666666666666667 
7 0.12992307600696484 0.755506246463166 0.03958333333333333 0.1111111111111111 
18 0.7017499950476864 0.5929372006917834 0.059375 0.12222222222222222 
28 0.7348160643250683 0.9079473014453575 0.07708333333333334 0.17222222222222222 
14 0.015992178093473124 0.16223838346115257 0.003125 0.006481481481481481 
21 0.15135821373106573 0.9216831377503363 0.04635416666666667 0.13148148148148148 
23 0.08713056953562154 0.8245560408080377 0.011979166666666667 0.030555555555555555 
18 0.16977563308304222 0.5380706489413692 0.057291666666666664 0.1175925925925926 
5 0.6264732963588893 0.7244369804478268 0.03177083333333333 0.08888888888888889 
7 0.19882908282198852 0.5237383125769864 0.035416666666666666 0.1 
19 0.7847294175427433 0.5795362642557166 0.046875 0.10092592592592593 
26 0.11134132448617146 0.7195314859544427 0.0734375 0.15 
21 0.3084028770478372 0.9212468635643597 0.033854166666666664 0.09537037037037037 
24 0.19390321395186538 0.3657902146096901 0.059895833333333336 0.11203703703703703 
