7 0.5233293596122405 0.20410443839858877 0.018229166666666668 0.05092592592592592 
4 0.84334987020962 0.25137525973554153 0.010416666666666666 0.027777777777777776 
28 0.8331692334751941 0.1192588694604215 0.0609375 0.13518518518518519 
31 0.14688931651097464 0.7633191296715015 0.027604166666666666 0.06944444444444445 
8 0.8301820900530797 0.34946284396009053 0.041666666666666664 0.11851851851851852 
22 0.13372110273754334 0.15637146192875412 0.016145833333333335 0.03425925925925926 
36 0.11233201820012262 0.13797949235070944 0.07291666666666667 0.1675925925925926 
24 0.5204365536856611 0.8730433368584538 0.06145833333333333 0.11481481481481481 
20 0.15503917832496028 0.15206608539522548 0.021875 0.12129629629629629 
18 0.9698506761119642 0.15738828185071335 0.005208333333333333 0.010185185185185186 
7 0.5059881164407836 0.16146162555809596 0.033854166666666664 0.09351851851851851 
12 0.903031780857348 0.7402542198527622 0.07083333333333333 0.1527777777777778 
10 0.7489651989579722 0.7592089137752904 0.06145833333333333 0.175 
26 0.44324256832181874 0.5604241438671488 0.0546875 0.11203703703703703 
31 0.7214362939712383 0.44638628488914484 0.05260416666666667 0.13333333333333333 
3 0.22718038674919816 0.2567673513324092 0.0546875 0.1537037037037037 
32 0.31581118549101106 0.200683631025596 0.07083333333333333 0.15555555555555556 
16 0.14871039132222663 0.6883096266402513 0.040625 0.09444444444444444 
3 0.8863544251978058 0.785142193551275 0.025 0.06944444444444445 
21 0.8724695669603648 0.5060899161724743 0.06197916666666667 0.175 
6 0.3177416078219179 0.049993948025624055 0.019791666666666666 0.05555555555555555 
13 0.2728609388721809 0.8478816771226011 0.036458333333333336 0.07777777777777778 
3 0.7431231400718364 0.33149886457515887 0.035416666666666666 0.09907407407407408 
26 0.22513322607881975 0.754411395111769 0.016145833333333335 0.032407407407407406 
2 0.1473408055690067 0.8058612012696996 0.04635416666666667 0.13148148148148148 
18 0.526530375076477 0.7172266106542802 0.084375 0.17407407407407408 
4 0.9238701024379488 0.8464555476332462 0.017708333333333333 0.049074074074074076 
27 0.2990940632955172 0.3188370834759576 0.034895833333333334 0.08055555555555556 
31 0.5997323941968487 0.7790528172926594 0.06354166666666666 0.16203703703703703 
11 0.6627565757957388 0.8614229281128609 0.043229166666666666 0.12314814814814815 
35 0.7287594505377918 0.24388422453477027 0.034375 0.0787037037037037 
27 0.8231964342671388 0.3515440155702975 0.014583333333333334 0.03425925925925926 
12 0.7107771506715373 0.591041116763348 0.08125 0.17407407407407408 
5 0.02651952281761649 0.1727633245820179 0.005208333333333333 0.014814814814814815 
28 0.8050765074918007 0.7948380200066959 0.05364583333333333 0.12037037037037036 
30 0.9152541963762488 0.1506098038062455 0.046875 0.11203703703703703 
