7 0.5296544455671863 0.07321213683100414 0.020833333333333332 0.05740740740740741 
12 0.7213477198992996 0.34072951958579717 0.044270833333333336 0.09537037037037037 
26 0.676717945221672 0.4466780117119551 0.071875 0.14722222222222223 
12 0.7278701396216762 0.34977248899817026 0.033854166666666664 0.07314814814814814 
31 0.6178189214477 0.3792339835040881 0.030208333333333334 0.07592592592592592 
30 0.09483194258768657 0.5182293313092106 0.004166666666666667 0.010185185185185186 
14 0.19898275984384436 0.5280566953299473 0.05677083333333333 0.1259259259259259 
30 0.34247577365794185 0.8702705576144176 0.0109375 0.025 
10 0.09014579661409824 0.8785811159710128 0.06197916666666667 0.17592592592592593 
4 0.38485292719839986 0.44692386692502967 0.0109375 0.02962962962962963 
21 0.17263364401589137 0.7992763522545687 0.019270833333333334 0.05462962962962963 
36 0.1747581556030295 0.31673359820106395 0.07447916666666667 0.1712962962962963 
26 0.39359975468501124 0.8616483396554108 0.0390625 0.07962962962962963 
13 0.6606797259222241 0.27282714687058107 0.06614583333333333 0.14166666666666666 
34 0.4517711463189196 0.6590764585364519 0.08125 0.13333333333333333 
18 0.33107379682874283 0.8161881617840756 0.00625 0.012962962962962963 
5 0.1420488509568162 0.9246651246906538 0.04583333333333333 0.12962962962962962 
9 0.5892109182259144 0.7821540627928083 0.04114583333333333 0.11296296296296296 
36 0.09170041525934869 0.5656777499741635 0.0359375 0.0824074074074074 
12 0.26313004540352053 0.22521123034959475 0.021875 0.046296296296296294 
12 0.6010644855775878 0.07925847178161986 0.033854166666666664 0.07222222222222222 
34 0.4786275243398956 0.39084522502703284 0.0109375 0.017592592592592594 
9 0.8808211225696995 0.5354695386812505 0.0203125 0.05555555555555555 
30 0.6140817905585861 0.5339956664655382 0.0671875 0.16203703703703703 
13 0.7143947987066847 0.32003505060337645 0.019270833333333334 0.041666666666666664 
36 0.6537345967285291 0.8622216881756346 0.019270833333333334 0.04259259259259259 
