7 0.3869095885502095 0.8122569771223691 0.0453125 0.12685185185185185 
15 0.4499247698261682 0.22686170242235393 0.07447916666666667 0.16018518518518518 
26 0.42946458325226694 0.46949404727885313 0.028125 0.058333333333333334 
13 0.06551174803358886 0.5744532241191009 0.0036458333333333334 0.008333333333333333 
21 0.1321282465270685 0.8780350455223013 0.0046875 0.012962962962962963 
33 0.8814702605157727 0.041393173444268655 0.017708333333333333 0.040740740740740744 
11 0.36007664349070845 0.2034416671192028 0.04583333333333333 0.12962962962962962 
26 0.8870889246129972 0.8439125491371025 0.0875 0.17962962962962964 
14 0.9203807961154666 0.14509491745816558 0.0140625 0.030555555555555555 
31 0.5835985412315889 0.8580636499566497 0.0421875 0.10648148148148148 
16 0.5407235852231793 0.5705592708881088 0.0375 0.08703703703703704 
32 0.5152476800142614 0.7641871233518666 0.009375 0.019444444444444445 
34 0.8482983677143039 0.7469017274388589 0.09583333333333334 0.1574074074074074 
36 0.04673569210888513 0.7536123308386854 0.053125 0.12222222222222222 
13 0.7751003075739265 0.6614466277557164 0.021354166666666667 0.046296296296296294 
4 0.44645799430620775 0.5619607103603557 0.0484375 0.13425925925925927 
6 0.6761547764328616 0.20142294598914742 0.0109375 0.02962962962962963 
21 0.7763720015869346 0.46094046735753375 0.05 0.14074074074074075 
34 0.8869607393051409 0.711063271372693 0.020833333333333332 0.03425925925925926 
33 0.8725062159650149 0.7025406220177276 0.04375 0.10185185185185185 
21 0.6597586312292806 0.35232737575054635 0.00625 0.017592592592592594 
