7 0.01114783372199388 0.2144353581515646 0.016145833333333335 0.04537037037037037 
30 0.43692576579355474 0.29335148832915425 0.0328125 0.07777777777777778 
30 0.6281930486686805 0.338823625487539 0.06197916666666667 0.14814814814814814 
32 0.2187498734595677 0.7958827420558504 0.04635416666666667 0.10092592592592593 
12 0.5229991366584885 0.876865934065325 0.059895833333333336 0.12962962962962962 
33 0.6704656003058402 0.893504824196506 0.0484375 0.11296296296296296 
12 0.3629958749599005 0.020845641656332754 0.009895833333333333 0.021296296296296296 
29 0.4837066153991896 0.7121600728293339 0.0734375 0.1574074074074074 
21 0.5218193887090808 0.17480852721431095 0.06302083333333333 0.1787037037037037 
8 0.4979746226679049 0.8107694297488214 0.0109375 0.02962962962962963 
23 0.09996033113349836 0.48737581881369263 0.042708333333333334 0.10833333333333334 
33 0.3495208347819798 0.708167708766769 0.0484375 0.11203703703703703 
13 0.6374172625278746 0.7023521663489642 0.05677083333333333 0.12222222222222222 
14 0.1552488979757923 0.32631194960277426 0.024479166666666666 0.05462962962962963 
34 0.4988531536784812 0.8208919603440429 0.058333333333333334 0.09537037037037037 
8 0.646061527752172 0.49612810991166 0.0026041666666666665 0.006481481481481481 
3 0.4062172801007262 0.49187592677772435 0.0453125 0.1259259259259259 
32 0.24242191924353343 0.10033618900127021 0.022395833333333334 0.049074074074074076 
36 0.3403355648268805 0.8483148626063841 0.005208333333333333 0.010185185185185186 
19 0.8987434425644556 0.23050883591552018 0.049479166666666664 0.10648148148148148 
28 0.08802002187683539 0.13155418351711193 0.024479166666666666 0.05462962962962963 
17 0.56616647498817 0.3182370866749551 0.052083333333333336 0.13148148148148148 
6 0.4746604768292455 0.7731342141088017 0.059375 0.16666666666666666 
7 0.36433115353246937 0.2397665771378311 0.03958333333333333 0.1111111111111111 
9 0.23108030099843846 0.8848802601728986 0.033854166666666664 0.09351851851851851 
20 0.6783977689606379 0.700872492917917 0.0125 0.06851851851851852 
12 0.7364303462163461 0.6369667860625284 0.0765625 0.1648148148148148 
26 0.5279851996457262 0.20580576641357123 0.05364583333333333 0.11018518518518519 
21 0.698244315631025 0.4601977415685229 0.05520833333333333 0.15648148148148147 
30 0.041218685171820486 0.2725179357326205 0.025 0.05925925925925926 
31 0.37464215312163224 0.5388231091979037 0.0046875 0.012037037037037037 
