8 0.9308899824307186 0.711422081361636 0.019270833333333334 0.05555555555555555 
3 0.23200683194707755 0.03988392327489218 0.007291666666666667 0.020370370370370372 
32 0.505904320254151 0.3944422785117289 0.0067708333333333336 0.014814814814814815 
37 0.7306723205572715 0.1975284063243664 0.05 0.12685185185185185 
33 0.3629406332829616 0.7623780867957968 0.005208333333333333 0.011111111111111112 
12 0.5908891607555484 0.7797438552045145 0.0109375 0.023148148148148147 
35 0.06238196212593958 0.2177635682590441 0.04635416666666667 0.10740740740740741 
35 0.10530728478289397 0.5044624616758574 0.05677083333333333 0.13148148148148148 
29 0.6241111150931998 0.7977911906981884 0.011979166666666667 0.025925925925925925 
9 0.2669764747066451 0.8034314001961842 0.030729166666666665 0.08518518518518518 
28 0.6262658995098647 0.11051151122517824 0.0328125 0.07222222222222222 
3 0.2623235710180678 0.12751884508483563 0.040625 0.11388888888888889 
12 0.2093698447351094 0.13836151458438462 0.003125 0.006481481481481481 
35 0.710307685878122 0.39327582584387255 0.026041666666666668 0.06018518518518518 
31 0.3315986260199752 0.4506679063573511 0.034375 0.08703703703703704 
34 0.2373518502972391 0.8925964616256614 0.06354166666666666 0.1037037037037037 
21 0.019518554009371553 0.12029045904926074 0.030729166666666665 0.08611111111111111 
14 0.721463680693182 0.6006736049285155 0.04791666666666667 0.10648148148148148 
