8 0.2121775345058234 0.5591452350477664 0.05260416666666667 0.14907407407407408 
9 0.12059393180418064 0.3797095744702703 0.0453125 0.12407407407407407 
12 0.01767901697995751 0.24777195561288923 0.0046875 0.009259259259259259 
35 0.6475173007760703 0.8412382275250103 0.0067708333333333336 0.014814814814814815 
15 0.4047234443193771 0.8654589536757769 0.0671875 0.14444444444444443 
26 0.17611255632304734 0.3801895857839585 0.03177083333333333 0.06574074074074074 
15 0.043023228918114734 0.23953291049069764 0.0640625 0.13796296296296295 
10 0.07853203722355591 0.04336078231301191 0.008333333333333333 0.022222222222222223 
7 0.21997544635112973 0.6729881648948789 0.0296875 0.0824074074074074 
29 0.42761393585560115 0.36826100265535255 0.0171875 0.037037037037037035 
15 0.6868430279702138 0.8535913320562425 0.04635416666666667 0.09907407407407408 
24 0.2268491530042989 0.18016256770480985 0.019270833333333334 0.03611111111111111 
27 0.8317246241371706 0.3354506920303989 0.0046875 0.011111111111111112 
17 0.3279824794779396 0.5579167825629259 0.034895833333333334 0.08796296296296297 
