8 0.7040399638284548 0.44002080711307484 0.03177083333333333 0.08981481481481482 
10 0.9015611353048312 0.5996442889280581 0.0546875 0.15648148148148147 
10 0.48654944501263353 0.17360457674676166 0.023958333333333335 0.06759259259259259 
26 0.6316532148134711 0.06370854357224998 0.0046875 0.009259259259259259 
27 0.34576402806916173 0.46583365196291376 0.06875 0.16018518518518518 
37 0.5399165325852462 0.7126640449582269 0.005208333333333333 0.012962962962962963 
31 0.06122610733830597 0.8532629616055506 0.036458333333333336 0.09259259259259259 
32 0.5530631500973141 0.6202399609858164 0.021875 0.04814814814814815 
9 0.3329163211367846 0.19645698471110096 0.0625 0.17222222222222222 
14 0.22490044539132595 0.5570366927205216 0.009375 0.019444444444444445 
19 0.8566342895372926 0.11653989790203696 0.0578125 0.125 
10 0.1309813251303898 0.44952962554107134 0.06302083333333333 0.1787037037037037 
31 0.6677812593571751 0.24760339558489552 0.03125 0.0787037037037037 
2 0.5017298812004652 0.4813671597936701 0.022916666666666665 0.06481481481481481 
23 0.8525473874874897 0.8245579050542535 0.0671875 0.16944444444444445 
12 0.15858645766546206 0.7225045276954141 0.03697916666666667 0.07962962962962963 
23 0.7287568669069333 0.6343014156699085 0.059375 0.15 
22 0.23912597192842805 0.32982190233076775 0.078125 0.1685185185185185 
29 0.5843175233669413 0.21654086426729452 0.07604166666666666 0.1638888888888889 
13 0.4422645962782506 0.42582185488249574 0.0234375 0.05 
5 0.19778844681654878 0.7611283617621856 0.058854166666666666 0.1675925925925926 
