8 0.09956508307552148 0.704459193831166 0.0067708333333333336 0.018518518518518517 
13 0.46185306715330476 0.8596457785660708 0.040625 0.08703703703703704 
32 0.5578732158336098 0.8358410682776711 0.0046875 0.010185185185185186 
12 0.45465203561541256 0.22117672575121408 0.016666666666666666 0.03611111111111111 
34 0.6268664270956678 0.8752225365447616 0.015104166666666667 0.024074074074074074 
30 0.23201298586708988 0.37890728705977694 0.07239583333333334 0.17407407407407408 
27 0.36399843447728236 0.7850970838057529 0.009895833333333333 0.022222222222222223 
14 0.23412788180637178 0.09250379503911249 0.007291666666666667 0.01574074074074074 
7 0.32802192732121077 0.5000408427305483 0.06145833333333333 0.17222222222222222 
13 0.5972369803299569 0.34560778253060603 0.07447916666666667 0.16018518518518518 
6 0.8300278146109586 0.22188615237020795 0.0078125 0.022222222222222223 
17 0.45643606365408934 0.35221591883559433 0.024479166666666666 0.062037037037037036 
