8 0.18244996606501762 0.6016013467866312 0.027604166666666666 0.07777777777777778 
15 0.8351698287216366 0.8487026873720157 0.025 0.053703703703703705 
22 0.06706753780875763 0.7936845531313207 0.04739583333333333 0.10185185185185185 
34 0.8303652235140594 0.8259142139452355 0.1046875 0.1712962962962963 
11 0.8046931405678048 0.49639164044835665 0.0109375 0.02962962962962963 
2 0.27281647425904215 0.48050336245934605 0.016145833333333335 0.046296296296296294 
14 0.5335691294074401 0.6297624811301197 0.057291666666666664 0.12685185185185185 
5 0.8299392039847885 0.20701423230233934 0.018229166666666668 0.05185185185185185 
3 0.09472504351002178 0.3316974955227985 0.04114583333333333 0.11574074074074074 
7 0.4955850276906674 0.95189495501678 0.015625 0.04351851851851852 
12 0.1510187927356417 0.8488892624918493 0.050520833333333334 0.10833333333333334 
10 0.4202832769630017 0.841047344039886 0.06197916666666667 0.17592592592592593 
15 0.23018748309416143 0.10799322422010896 0.04635416666666667 0.09907407407407408 
3 0.13585734768301774 0.1422117503365407 0.034895833333333334 0.09814814814814815 
31 0.3389021687033086 0.17783615732626487 0.007291666666666667 0.017592592592592594 
7 0.7341223971629696 0.3444957276906065 0.007291666666666667 0.019444444444444445 
11 0.6541609804324564 0.2690926508590791 0.005208333333333333 0.014814814814814815 
