8 0.1362494138681846 0.746033211030441 0.029166666666666667 0.08148148148148149 
17 0.5692924036785854 0.8071871004939417 0.03958333333333333 0.10092592592592593 
18 0.46269371672867277 0.44136105549332383 0.013541666666666667 0.026851851851851852 
16 0.7020618152940185 0.19345635966374486 0.041666666666666664 0.09722222222222222 
13 0.4296311554020861 0.2575842591680476 0.06145833333333333 0.13148148148148148 
22 0.30842290192466665 0.5311563475376067 0.0265625 0.05648148148148148 
35 0.6200106543319847 0.8842178533200121 0.04375 0.10092592592592593 
21 0.47853891761986894 0.5347721610107395 0.06041666666666667 0.17222222222222222 
22 0.567076780357536 0.8205945604396746 0.07916666666666666 0.17037037037037037 
32 0.3734765559515605 0.41500813039413503 0.0640625 0.1398148148148148 
24 0.793495378573706 0.3796682000289197 0.0875 0.16296296296296298 
17 0.3280376294222062 0.836060919106531 0.022395833333333334 0.05740740740740741 
22 0.6507900092778527 0.4235934928622721 0.058854166666666666 0.1259259259259259 
32 0.8533798743070904 0.41657193716241586 0.0328125 0.0712962962962963 
6 0.3496032761866242 0.18152639459229278 0.044270833333333336 0.12314814814814815 
10 0.515756265655437 0.12472179338860427 0.009895833333333333 0.026851851851851852 
15 0.04031634408066075 0.7966220633841138 0.04114583333333333 0.08888888888888889 
11 0.3389087478280624 0.09302531928268791 0.025520833333333333 0.07222222222222222 
26 0.692509816130407 0.6224974581503586 0.036458333333333336 0.07407407407407407 
7 0.7241478459776249 0.20377144932661762 0.053125 0.14814814814814814 
37 0.39823168371650847 0.8735443371433527 0.043229166666666666 0.11018518518518519 
7 0.6749886361730789 0.2533108895624113 0.034895833333333334 0.09814814814814815 
5 0.7351394741366818 0.9379642232961374 0.0078125 0.021296296296296296 
5 0.6183898341375476 0.40319487747492144 0.008854166666666666 0.025 
14 0.024737584977578636 0.1846014315913216 0.0390625 0.08518518518518518 
20 0.09231744652059028 0.2928339017169343 0.0046875 0.026851851851851852 
15 0.6951829321038018 0.6307915037960719 0.050520833333333334 0.10833333333333334 
9 0.5613280491498841 0.8460804767222201 0.043229166666666666 0.11944444444444445 
12 0.30789661671322743 0.5542345072887258 0.014583333333333334 0.030555555555555555 
22 0.5959165683339575 0.19667921344523298 0.0828125 0.1787037037037037 
