8 0.7180458797640681 0.8564028612606053 0.023958333333333335 0.06759259259259259 
20 0.6367118259138431 0.3833605484494411 0.024479166666666666 0.1361111111111111 
4 0.8925075211805055 0.37132739616945676 0.03229166666666667 0.09074074074074075 
11 0.2196166340609172 0.6260902602203119 0.06302083333333333 0.17962962962962964 
3 0.2591899812878872 0.807193591020712 0.017708333333333333 0.05 
3 0.18556215111391366 0.36488589728785165 0.0640625 0.1787037037037037 
26 0.1526741351728199 0.3428536218796653 0.08333333333333333 0.17222222222222222 
30 0.08988319784876332 0.9192103882644957 0.04895833333333333 0.11666666666666667 
4 0.4554004921890145 0.1820044967106358 0.03854166666666667 0.10833333333333334 
27 0.7605248954792816 0.2724665450386655 0.065625 0.1527777777777778 
26 0.03698604469629392 0.460576685332805 0.052083333333333336 0.10740740740740741 
11 0.8820266804165526 0.23832043821575266 0.0625 0.17777777777777778 
12 0.7264002008728133 0.16762984484044574 0.008333333333333333 0.017592592592592594 
17 0.028113277521001657 0.1012987704970962 0.0390625 0.09907407407407408 
14 0.7217633058990222 0.08817006562461091 0.022395833333333334 0.05 
26 0.6902786055972666 0.6566357561709353 0.071875 0.14722222222222223 
31 0.5518870195368185 0.24174961596851435 0.06197916666666667 0.1574074074074074 
23 0.22409586719281463 0.46480862984177246 0.06927083333333334 0.17592592592592593 
9 0.24030783407936604 0.18086877356509895 0.05260416666666667 0.14537037037037037 
15 0.7517139655763512 0.20788415465498242 0.0765625 0.1648148148148148 
33 0.08230637732065142 0.3206146839267661 0.0140625 0.032407407407407406 
6 0.635694022428134 0.8822515320937196 0.05416666666666667 0.15092592592592594 
36 0.8170682634871751 0.9153868925534171 0.04114583333333333 0.09351851851851851 
