8 0.6068595741129243 0.5142869254316235 0.057291666666666664 0.16296296296296298 
22 0.8508429983342652 0.12194409759090527 0.06041666666666667 0.12962962962962962 
34 0.2778692797614182 0.503389276228934 0.05364583333333333 0.08796296296296297 
29 0.447553787636624 0.9113960515166871 0.06666666666666667 0.14351851851851852 
28 0.2682112141215736 0.2649854984395112 0.07760416666666667 0.17407407407407408 
20 0.2103635230956687 0.30604586123833993 0.021354166666666667 0.12037037037037036 
5 0.3507292340359758 0.3689954182580757 0.016145833333333335 0.046296296296296294 
2 0.8165114468292392 0.5621702651438437 0.036458333333333336 0.1037037037037037 
21 0.2742029350717883 0.5397667253481677 0.05260416666666667 0.14814814814814814 
6 0.21398203563556967 0.4170935320609327 0.005729166666666666 0.016666666666666666 
11 0.28397652214182634 0.16802229694022244 0.03125 0.08796296296296297 
4 0.02204818856036484 0.1272478358179206 0.016145833333333335 0.04537037037037037 
3 0.16373560263816989 0.4967099925231031 0.03177083333333333 0.08796296296296297 
14 0.3787598182052383 0.28159985620941813 0.03854166666666667 0.08425925925925926 
12 0.856860920008665 0.750299009755456 0.06302083333333333 0.13518518518518519 
22 0.47394960398492625 0.7920557631073485 0.051041666666666666 0.11018518518518519 
35 0.3378968518109672 0.4937225239029203 0.06614583333333333 0.1537037037037037 
36 0.724482917561408 0.44555168736558054 0.07708333333333334 0.17777777777777778 
17 0.6682412046586513 0.6714406851283258 0.0671875 0.1712962962962963 
21 0.9054232442407081 0.5676489840977788 0.034375 0.09814814814814815 
26 0.7085187825682708 0.36525648016675416 0.07291666666666667 0.14907407407407408 
14 0.9012637806172268 0.7339255817390401 0.025 0.05555555555555555 
7 0.5870952385017313 0.3298993658713394 0.013020833333333334 0.037037037037037035 
30 0.5282801167461816 0.6656685123127616 0.009375 0.021296296296296296 
23 0.9105748554835221 0.8405699399755348 0.030729166666666665 0.07777777777777778 
27 0.35870640245229934 0.5584508589007686 0.046875 0.10833333333333334 
