8 0.7801926554448781 0.6141221023192159 0.035416666666666666 0.10092592592592593 
28 0.44420369092029677 0.6800883379393992 0.0609375 0.13518518518518519 
3 0.6132153282526862 0.841142046893376 0.023958333333333335 0.06666666666666667 
18 0.14891333152442024 0.40245925388459936 0.0640625 0.13148148148148148 
3 0.9040737144897398 0.29853676336756313 0.05260416666666667 0.14629629629629629 
2 0.3803559408698681 0.3764398905277778 0.05364583333333333 0.1527777777777778 
13 0.28639144477460937 0.6051768921736886 0.050520833333333334 0.10833333333333334 
26 0.7173030925992334 0.5568746484303151 0.059375 0.12129629629629629 
27 0.7935867258591508 0.8877264027060741 0.07552083333333333 0.17592592592592593 
14 0.845286663005704 0.432311217454265 0.071875 0.16018518518518518 
22 0.255516693783307 0.7058961018784464 0.05364583333333333 0.11481481481481481 
4 0.4238012136601154 0.11173072812780072 0.035416666666666666 0.09907407407407408 
32 0.8675432360303528 0.12382990198587128 0.0036458333333333334 0.008333333333333333 
16 0.19478630884347542 0.5534892101974958 0.03177083333333333 0.07407407407407407 
9 0.37175996172008624 0.18634942508866648 0.04583333333333333 0.12685185185185185 
10 0.10754895858997088 0.07027966409372895 0.005208333333333333 0.013888888888888888 
21 0.11013131049722023 0.3635805397380329 0.04895833333333333 0.13796296296296295 
34 0.30617144903280114 0.15235678693688007 0.06614583333333333 0.10833333333333334 
15 0.7056954843088801 0.897501487617147 0.0046875 0.010185185185185186 
27 0.5674389643686334 0.803522207409429 0.06770833333333333 0.1574074074074074 
