8 0.25145287127106725 0.3943648616323322 0.027604166666666666 0.07777777777777778 
35 0.1185105983717594 0.6670861338346513 0.052083333333333336 0.12037037037037036 
18 0.4369954830570926 0.3891998033701747 0.05677083333333333 0.11666666666666667 
32 0.8851376586628312 0.8797644361722626 0.05625 0.12314814814814815 
2 0.12988711683958828 0.3553018496119733 0.03802083333333333 0.10740740740740741 
26 0.4448990413675124 0.6127002241026922 0.041666666666666664 0.08518518518518518 
5 0.43637071655253856 0.4663219191266305 0.011979166666666667 0.03425925925925926 
13 0.247814308828463 0.6488287470435176 0.034375 0.07314814814814814 
8 0.17582394446848013 0.4746097566047963 0.020833333333333332 0.058333333333333334 
23 0.6402637577630713 0.6133155040793548 0.011979166666666667 0.02962962962962963 
4 0.12957703708710427 0.27703560417036993 0.058333333333333334 0.16296296296296298 
30 0.16911173601455887 0.30737879265276674 0.06875 0.16574074074074074 
24 0.7798845662354983 0.21312314871238608 0.08645833333333333 0.16111111111111112 
35 0.7436152117854355 0.8802592410637924 0.07447916666666667 0.17222222222222222 
29 0.6114993233985576 0.7516922465184473 0.03854166666666667 0.0824074074074074 
13 0.602994425578516 0.5222019454985624 0.06822916666666666 0.14629629629629629 
