9 0.5861479789521551 0.18287652222421105 0.051041666666666666 0.14074074074074075 
6 0.5133597169802538 0.6014389048886358 0.0078125 0.022222222222222223 
6 0.9130535569120073 0.3564880457701566 0.03958333333333333 0.1111111111111111 
23 0.2506854538700716 0.1297593484522122 0.0625 0.15833333333333333 
36 0.8626604284170097 0.5096142429712287 0.010416666666666666 0.022222222222222223 
3 0.14642031065413916 0.20345715820710294 0.021875 0.06111111111111111 
4 0.3186067081773248 0.43158672629523087 0.022395833333333334 0.06296296296296296 
34 0.8370936214166718 0.8727825131043575 0.06510416666666667 0.10648148148148148 
8 0.30017458720383805 0.47437888136732276 0.0390625 0.1111111111111111 
2 0.2196082291598388 0.35497208321807916 0.013541666666666667 0.03981481481481482 
15 0.2868674514566641 0.754280323431898 0.009895833333333333 0.021296296296296296 
21 0.1381767983238617 0.8591233252976457 0.021354166666666667 0.06018518518518518 
27 0.7438431963628206 0.855299202193486 0.04583333333333333 0.10648148148148148 
27 0.9461055573554773 0.8685636877516478 0.0067708333333333336 0.01574074074074074 
3 0.1438732779125322 0.16477726962229608 0.021875 0.062037037037037036 
21 0.3747329835865246 0.830993245367712 0.018229166666666668 0.05092592592592592 
5 0.08695793999711074 0.17084308602533593 0.053125 0.15 
26 0.048100947058108454 0.204523108687883 0.0171875 0.03611111111111111 
16 0.18124373979994632 0.5325875797968594 0.004166666666666667 0.009259259259259259 
31 0.38745643310233985 0.7993276779099606 0.03177083333333333 0.08055555555555556 
31 0.2814173882572692 0.20248451109232696 0.0140625 0.03611111111111111 
33 0.31288944221719805 0.8323587078115515 0.0234375 0.053703703703703705 
