9 0.7071597116634868 0.9497905485898919 0.024479166666666666 0.06759259259259259 
16 0.20659021610676837 0.45056387897007716 0.0515625 0.12037037037037036 
19 0.33925062454600463 0.8832485422521822 0.06927083333333334 0.14814814814814814 
34 0.32824509210228475 0.7187885824409861 0.049479166666666664 0.08055555555555556 
2 0.603679397962272 0.8415905263845039 0.049479166666666664 0.14074074074074075 
24 0.5267900401601459 0.7629128173223482 0.051041666666666666 0.09537037037037037 
24 0.606108201881316 0.6569168494777629 0.08802083333333334 0.1638888888888889 
12 0.6158528094797818 0.10458201743184861 0.03958333333333333 0.08518518518518518 
37 0.6327675191491889 0.8203043223006701 0.022916666666666665 0.05740740740740741 
22 0.20400238063415413 0.2526881012623262 0.07447916666666667 0.16018518518518518 
3 0.21832775761739956 0.1663897322565477 0.022916666666666665 0.06388888888888888 
2 0.2525889591738667 0.9151767368688066 0.049479166666666664 0.14074074074074075 
10 0.49362953588881797 0.3649706286779768 0.06302083333333333 0.1787037037037037 
23 0.04439982034540607 0.2745873324733873 0.058333333333333334 0.14629629629629629 
14 0.2881497207246229 0.09411780151412946 0.034375 0.07592592592592592 
17 0.36763167179732487 0.47590814675363136 0.06458333333333334 0.1648148148148148 
11 0.40518599946744105 0.1655918197895234 0.013541666666666667 0.03981481481481482 
32 0.5200640436421773 0.15260518837897016 0.019791666666666666 0.04351851851851852 
