9 0.4629606480046999 0.5849326739738996 0.04583333333333333 0.1259259259259259 
20 0.28212290465292167 0.6326878436784188 0.011979166666666667 0.06666666666666667 
29 0.7420146534774877 0.30570380406709774 0.05572916666666667 0.12037037037037036 
19 0.49930849264453997 0.6740328514067397 0.07395833333333333 0.15925925925925927 
29 0.11593947663986787 0.927661497595566 0.019270833333333334 0.041666666666666664 
37 0.8863486139749255 0.5090960070875772 0.0046875 0.012037037037037037 
22 0.33693372832264024 0.2621163654652361 0.059895833333333336 0.1287037037037037 
33 0.8541746258745013 0.2951318776327824 0.04739583333333333 0.11018518518518519 
13 0.5333224956261412 0.27618551459972196 0.03125 0.06666666666666667 
20 0.056494219044334874 0.4475059725685966 0.03125 0.17314814814814813 
16 0.6351350435581451 0.4393904652728878 0.028125 0.06574074074074074 
22 0.6395712447017436 0.3965427941089136 0.06510416666666667 0.1398148148148148 
16 0.1889540666895196 0.33967736297701456 0.07395833333333333 0.17222222222222222 
