9 0.223312749480373 0.27824144184945965 0.058854166666666666 0.16111111111111112 
26 0.8003675551747739 0.14331147610744902 0.05260416666666667 0.10925925925925926 
31 0.5794696930548034 0.9204984691561292 0.0484375 0.12222222222222222 
17 0.2547550935229444 0.18744133470287716 0.05364583333333333 0.1361111111111111 
12 0.38289611284724173 0.1565748509921753 0.027083333333333334 0.058333333333333334 
37 0.23752831774503927 0.7772722858163705 0.051041666666666666 0.12962962962962962 
35 0.27315213007685923 0.7543124109151855 0.03697916666666667 0.08518518518518518 
19 0.7131028685391141 0.5410082958211807 0.078125 0.1675925925925926 
29 0.7585419738418467 0.16880339249245807 0.024479166666666666 0.05277777777777778 
34 0.8832932220009037 0.8769366466358687 0.025520833333333333 0.041666666666666664 
2 0.9164971151241722 0.47346723941609414 0.041666666666666664 0.11851851851851852 
33 0.5737041281014036 0.12840060132744222 0.018229166666666668 0.041666666666666664 
26 0.33207847295458237 0.15571409052648885 0.078125 0.16111111111111112 
24 0.2683863039958746 0.2761901885311085 0.06979166666666667 0.12962962962962962 
23 0.06557026964882444 0.34068114926980697 0.03333333333333333 0.08518518518518518 
31 0.04799300680551421 0.7358800520006322 0.0390625 0.09907407407407408 
33 0.5564312140053188 0.5886423987873498 0.07291666666666667 0.16944444444444445 
19 0.5328714187577579 0.7865927259135669 0.015625 0.03425925925925926 
34 0.31449313878640983 0.4084320139543254 0.009375 0.014814814814814815 
11 0.85102752116016 0.4002028951425598 0.022916666666666665 0.06481481481481481 
33 0.39495759032086447 0.4915428622388801 0.0578125 0.13425925925925927 
35 0.8846603892939382 0.5093487679489537 0.027604166666666666 0.06388888888888888 
31 0.0401964486476212 0.5863130264172294 0.004166666666666667 0.010185185185185186 
27 0.6266385965768851 0.342686925271668 0.0390625 0.09166666666666666 
12 0.1605717343659379 0.7659804656578686 0.0640625 0.13796296296296295 
19 0.7878378244245897 0.6020187046077784 0.06614583333333333 0.14166666666666666 
11 0.3924245569896507 0.8794445781551627 0.03125 0.08796296296296297 
12 0.3742996058658412 0.43104707453853186 0.06145833333333333 0.13148148148148148 
37 0.1269505294715321 0.7987613901447028 0.010416666666666666 0.026851851851851852 
27 0.41582238722039777 0.32049281472599733 0.005729166666666666 0.012962962962962963 
15 0.7965861095258725 0.9236879531222303 0.04583333333333333 0.09814814814814815 
26 0.34731432832296305 0.31854703501881765 0.06302083333333333 0.1287037037037037 
3 0.04921256610941093 0.6442511422241434 0.004166666666666667 0.011111111111111112 
6 0.4717496674704444 0.32993303191274914 0.0026041666666666665 0.007407407407407408 
14 0.14046510148723385 0.4626403137870644 0.033854166666666664 0.07407407407407407 
