9 0.13150731819699857 0.32132857100705164 0.014583333333333334 0.03981481481481482 
28 0.8399011807352325 0.35221887399662444 0.034895833333333334 0.07685185185185185 
3 0.516050948399495 0.6061498004217538 0.03229166666666667 0.08981481481481482 
32 0.07730884444360028 0.562784150346436 0.0515625 0.11296296296296296 
20 0.3376505637890195 0.12146033257457008 0.011458333333333333 0.06388888888888888 
23 0.5699445737949517 0.27872854006945447 0.0640625 0.16203703703703703 
13 0.6716431402556151 0.4064461311573587 0.030729166666666665 0.06666666666666667 
21 0.4912807883919383 0.4716115046786083 0.0359375 0.10277777777777777 
22 0.26733488520707727 0.4766881069602507 0.00625 0.012962962962962963 
15 0.39905550053218997 0.0853261395826975 0.03958333333333333 0.08518518518518518 
27 0.9455087561854639 0.3860798289417092 0.03697916666666667 0.08611111111111111 
27 0.7946022350981906 0.6050715968605267 0.06510416666666667 0.15092592592592594 
22 0.37854611378735664 0.3187208469301252 0.03802083333333333 0.08148148148148149 
7 0.1254621269206965 0.8455017075514035 0.013541666666666667 0.03796296296296296 
2 0.3477752841000222 0.43599727743553485 0.026041666666666668 0.07314814814814814 
2 0.7367065845347084 0.32539675731762324 0.0046875 0.012962962962962963 
23 0.28233656406535196 0.6428603409337744 0.0578125 0.14629629629629629 
34 0.7556743824529008 0.2313748168970255 0.07447916666666667 0.12222222222222222 
34 0.013887297983071034 0.49323713048990275 0.0067708333333333336 0.010185185185185186 
26 0.38855637179784197 0.9294232891718365 0.013541666666666667 0.026851851851851852 
33 0.265035038955581 0.8841250300967859 0.018229166666666668 0.041666666666666664 
36 0.5944352708082831 0.9533220735462877 0.0036458333333333334 0.006481481481481481 
31 0.827241016253263 0.6643201945292604 0.050520833333333334 0.12777777777777777 
18 0.39711516034309713 0.5010646900988848 0.03854166666666667 0.0787037037037037 
4 0.29576692285301087 0.6489138046299688 0.05416666666666667 0.15092592592592594 
22 0.6494593687799999 0.8859722685230403 0.028125 0.06018518518518518 
15 0.8398280612746438 0.6177640834111015 0.0578125 0.125 
20 0.8133559601004388 0.8663435006416825 0.010416666666666666 0.05740740740740741 
16 0.2021151659253996 0.5994628846377102 0.0234375 0.05462962962962963 
14 0.7434903799295572 0.21881450871416475 0.06458333333333334 0.1425925925925926 
31 0.11348712012514958 0.582777200959134 0.06666666666666667 0.16944444444444445 
