10 0.43264494165907985 0.645293510377557 0.04739583333333333 0.13425925925925927 
9 0.8234449635407501 0.7772075984780326 0.059375 0.1638888888888889 
35 0.3061606186674708 0.09524715208156902 0.0421875 0.09722222222222222 
5 0.8449079412031106 0.8698132990185619 0.05520833333333333 0.15833333333333333 
11 0.3434120338159897 0.740381862496871 0.06197916666666667 0.17592592592592593 
30 0.5394400313847036 0.33969676531839016 0.07447916666666667 0.1787037037037037 
19 0.9080575746165734 0.38111469395230707 0.07083333333333333 0.1527777777777778 
23 0.3578305352794337 0.5951619951553865 0.04583333333333333 0.11666666666666667 
14 0.08041375132911661 0.7949875144453785 0.0359375 0.07962962962962963 
13 0.679571004893027 0.5383910145951704 0.03854166666666667 0.0824074074074074 
18 0.8387435076491222 0.3790650240237096 0.07135416666666666 0.14629629629629629 
5 0.12542781720087917 0.41964539804228035 0.030208333333333334 0.08518518518518518 
24 0.23880579323092443 0.777067801916674 0.0375 0.07037037037037037 
35 0.15916640807422053 0.4955506372630086 0.0671875 0.15648148148148147 
20 0.39251597029432833 0.6973305123933335 0.025520833333333333 0.14166666666666666 
30 0.7125945636742439 0.5520244362965958 0.06770833333333333 0.16296296296296298 
2 0.2429709128731387 0.14584528394582558 0.041666666666666664 0.11851851851851852 
4 0.019678604285563644 0.08058720798199355 0.025520833333333333 0.0712962962962963 
22 0.8897917559046233 0.7725121736399523 0.07239583333333334 0.15555555555555556 
23 0.780966979720946 0.7587166276941348 0.013020833333333334 0.032407407407407406 
7 0.0583855525033585 0.27732411785719735 0.0171875 0.04814814814814815 
17 0.5374467752949098 0.3595110973215508 0.004166666666666667 0.010185185185185186 
30 0.4647454427252547 0.6724467485572915 0.06770833333333333 0.16296296296296298 
10 0.5063169193660018 0.30952460665470105 0.0078125 0.022222222222222223 
6 0.6679650266808439 0.09065259546870781 0.014583333333333334 0.041666666666666664 
24 0.6370175654582171 0.7094866978195252 0.07552083333333333 0.14074074074074075 
37 0.2482466954418675 0.5612533454001167 0.003125 0.008333333333333333 
33 0.5615091334172012 0.7059258440363285 0.07447916666666667 0.17314814814814813 
11 0.6552397353309423 0.6110303018660226 0.058333333333333334 0.16666666666666666 
