10 0.34648827981613145 0.8528380291599356 0.04739583333333333 0.13425925925925927 
11 0.039796936261663814 0.40567544164708325 0.044270833333333336 0.1259259259259259 
12 0.8077616945052275 0.8860767771283008 0.0421875 0.08981481481481482 
26 0.7329149368010839 0.5143299927083971 0.03854166666666667 0.0787037037037037 
27 0.18856920983027597 0.7604616832862717 0.015625 0.03611111111111111 
30 0.5131898130499416 0.4758427448382941 0.052083333333333336 0.125 
16 0.28170993458286525 0.3355377582897606 0.075 0.17407407407407408 
14 0.448246005026127 0.11689624346051643 0.05677083333333333 0.1259259259259259 
36 0.5478976326006768 0.7368293670382168 0.0359375 0.08148148148148149 
18 0.04842223432047108 0.1172815855927884 0.022395833333333334 0.046296296296296294 
9 0.780772291111646 0.17932612830919636 0.06302083333333333 0.17407407407407408 
8 0.2711072367463647 0.8003336355732595 0.025 0.07037037037037037 
19 0.20127618010283185 0.3971011403150131 0.08125 0.17407407407407408 
31 0.5579755911970659 0.17522266260163008 0.0375 0.09537037037037037 
4 0.03164464545677736 0.422882255876426 0.06145833333333333 0.1712962962962963 
3 0.7477986008124264 0.4124456335127886 0.0421875 0.1175925925925926 
33 0.21695430146490163 0.4277962779389746 0.06354166666666666 0.14722222222222223 
33 0.11441594542915576 0.6167405574415747 0.029166666666666667 0.06759259259259259 
12 0.04977646039998313 0.30140559560653146 0.07239583333333334 0.15555555555555556 
12 0.1765581744813517 0.6218850550934795 0.06927083333333334 0.14907407407407408 
32 0.05825845401399714 0.3726908122118732 0.07239583333333334 0.15833333333333333 
35 0.07856217402253103 0.7383914678494607 0.023958333333333335 0.05555555555555555 
28 0.1475671611120217 0.2841183638945428 0.015104166666666667 0.03333333333333333 
24 0.4614793599193737 0.4577554982326909 0.059895833333333336 0.1111111111111111 
6 0.14668152177042176 0.637206328406064 0.05 0.1388888888888889 
23 0.2887942404376966 0.5132814147048753 0.0265625 0.06666666666666667 
6 0.652266234995659 0.6106089659530167 0.05520833333333333 0.15555555555555556 
7 0.4504799272960267 0.2548221859549785 0.026041666666666668 0.07222222222222222 
31 0.49600211638499353 0.4626857152192592 0.008333333333333333 0.020370370370370372 
32 0.8138144773081756 0.6754285566259884 0.008333333333333333 0.017592592592592594 
18 0.8993541093785125 0.8801185328160515 0.0390625 0.07962962962962963 
