10 0.6932561181085258 0.21403274590614513 0.0453125 0.12777777777777777 
11 0.6802425561973893 0.9114367548936105 0.008333333333333333 0.024074074074074074 
21 0.7950739550916903 0.4733116801482294 0.06041666666666667 0.1712962962962963 
5 0.3576991636247568 0.14173630606699228 0.0578125 0.1648148148148148 
2 0.6391407148293499 0.7735222380648451 0.0046875 0.012962962962962963 
36 0.5373561131988647 0.9052783003454536 0.059375 0.1361111111111111 
9 0.8608641932358354 0.616260544731202 0.027083333333333334 0.07407407407407407 
8 0.5288533025987093 0.6851576207755744 0.009895833333333333 0.026851851851851852 
20 0.2070905349477965 0.47854042918235995 0.003125 0.017592592592592594 
33 0.7535207117438828 0.15929991232916743 0.01875 0.04351851851851852 
24 0.8470635232652143 0.030209446540831405 0.009895833333333333 0.018518518518518517 
13 0.7467732379198744 0.23894371928399755 0.022916666666666665 0.049074074074074076 
18 0.5437730823240218 0.3158735293449162 0.03229166666666667 0.06574074074074074 
6 0.47627789076307053 0.8332219828735146 0.05520833333333333 0.15555555555555556 
