10 0.42832547869499243 0.3976945399201899 0.021875 0.06296296296296296 
27 0.6809124269728711 0.6123530290323415 0.046875 0.10833333333333334 
18 0.46093240587363504 0.0997012091754431 0.057291666666666664 0.1175925925925926 
23 0.05804896271947456 0.22815354224791395 0.05364583333333333 0.1361111111111111 
37 0.8795445834082111 0.3884383709584876 0.0375 0.09537037037037037 
26 0.9101512529293254 0.1526840308128779 0.027083333333333334 0.05555555555555555 
18 0.3939065875782469 0.09706403088700002 0.024479166666666666 0.05092592592592592 
32 0.6911699175427948 0.8406496637075039 0.06510416666666667 0.1425925925925926 
32 0.12752993379259983 0.38084697916820986 0.051041666666666666 0.11203703703703703 
17 0.19366913619926887 0.3320529502039429 0.042708333333333334 0.10833333333333334 
12 0.2556814650805838 0.2871544822800554 0.004166666666666667 0.008333333333333333 
23 0.399952212488949 0.05926278564400457 0.005208333333333333 0.012962962962962963 
9 0.6173153386103108 0.5887747564512598 0.05 0.13796296296296295 
26 0.29740922537899067 0.7558897876050098 0.057291666666666664 0.1175925925925926 
35 0.2738257841988907 0.26075422597202874 0.0067708333333333336 0.014814814814814815 
16 0.14976097349973258 0.7044465478867026 0.0640625 0.14814814814814814 
14 0.11896532025698868 0.736692076341816 0.010416666666666666 0.022222222222222223 
11 0.31255807976432376 0.48818047140972654 0.040625 0.11481481481481481 
7 0.4292232448184406 0.86141961293768 0.0109375 0.030555555555555555 
8 0.33758505355603796 0.5956676763249082 0.03125 0.08796296296296297 
31 0.8224896846526226 0.5444715891971679 0.05416666666666667 0.13703703703703704 
5 0.8825079553391361 0.37500806211805365 0.03802083333333333 0.10925925925925926 
14 0.8249612595109178 0.23465282588720507 0.018229166666666668 0.040740740740740744 
17 0.43328601063013633 0.33424244448376916 0.0625 0.15925925925925927 
4 0.45747382052848773 0.47626623876250257 0.0296875 0.08333333333333333 
26 0.05498384986859639 0.929251464046515 0.035416666666666666 0.07314814814814814 
20 0.9550953352085594 0.1131004364181766 0.0109375 0.062037037037037036 
37 0.9084053959799476 0.6219921280047158 0.05416666666666667 0.13796296296296295 
