10 0.3425334170238998 0.6133215358544776 0.044270833333333336 0.125 
27 0.5132928021929266 0.33371604769531116 0.022916666666666665 0.05277777777777778 
36 0.016925880512329045 0.17259815092600847 0.0067708333333333336 0.013888888888888888 
9 0.49165039756933787 0.6793497002547936 0.008854166666666666 0.024074074074074074 
29 0.16324594683460364 0.3039570717596645 0.05625 0.12037037037037036 
16 0.9772591996061734 0.27042524777294225 0.0078125 0.017592592592592594 
22 0.7386920608786415 0.8619912126495733 0.004166666666666667 0.008333333333333333 
34 0.8891237641914964 0.7074188739419146 0.0828125 0.1361111111111111 
37 0.3682739350917313 0.6286859977031352 0.0390625 0.09907407407407408 
23 0.4099771848062157 0.14813212440367413 0.05260416666666667 0.13333333333333333 
20 0.5403920097998477 0.3099555014448869 0.0078125 0.04351851851851852 
23 0.5364443420853461 0.47463288709303153 0.019791666666666666 0.05 
12 0.07540668896477729 0.2967851913287076 0.03177083333333333 0.06759259259259259 
9 0.06543186026371935 0.4390358759397673 0.043229166666666666 0.11944444444444445 
