10 0.10203537238363246 0.053362829275326755 0.013020833333333334 0.037037037037037035 
31 0.5343445635998842 0.314600267201815 0.0578125 0.14629629629629629 
37 0.35498868232969477 0.8567374839012956 0.014583333333333334 0.03611111111111111 
31 0.2564177531024734 0.7109321523891691 0.042708333333333334 0.10833333333333334 
31 0.3686112138503638 0.8672902300636847 0.052083333333333336 0.13240740740740742 
26 0.20909609511682975 0.05132527796584821 0.03177083333333333 0.06481481481481481 
4 0.5455882522628128 0.6335306228849683 0.050520833333333334 0.14074074074074075 
19 0.20112992162240628 0.6889562313032606 0.0484375 0.1037037037037037 
27 0.6132611345326795 0.7055961306399068 0.020833333333333332 0.049074074074074076 
17 0.4823935949362745 0.18188907000587354 0.015625 0.03981481481481482 
36 0.361925551424798 0.15608413344489758 0.015104166666666667 0.03333333333333333 
29 0.4465008714631832 0.5400100136092223 0.030208333333333334 0.06481481481481481 
27 0.10766758862862495 0.45981029519281735 0.008854166666666666 0.020370370370370372 
37 0.2521921800245595 0.6185428817178033 0.05520833333333333 0.14074074074074075 
31 0.021153095843171807 0.7882910502876477 0.026041666666666668 0.06574074074074074 
18 0.8316361908694705 0.8145132244227953 0.06197916666666667 0.12777777777777777 
36 0.19885756254400697 0.6700909511116935 0.043229166666666666 0.09814814814814815 
12 0.6965816798266585 0.8040933239443098 0.0546875 0.1175925925925926 
34 0.9047582469883829 0.5222958777552078 0.042708333333333334 0.07037037037037037 
11 0.4172285018528808 0.6351190414898207 0.013541666666666667 0.03888888888888889 
13 0.8645524660902772 0.4450516699620884 0.03125 0.06666666666666667 
23 0.47492860877168713 0.9211643217899665 0.021875 0.05555555555555555 
30 0.2965533816594643 0.4698217787526023 0.07239583333333334 0.17407407407407408 
14 0.4900771770288796 0.6946050937996221 0.044270833333333336 0.09907407407407408 
32 0.7000279736411412 0.26844969733386786 0.005208333333333333 0.011111111111111112 
20 0.7963743582350542 0.6978998280672257 0.023958333333333335 0.13240740740740742 
5 0.18431757928790948 0.2746638682379003 0.043229166666666666 0.12314814814814815 
11 0.5372990346353366 0.7816261910508885 0.035416666666666666 0.10092592592592593 
22 0.4716108375136472 0.6205761302195059 0.07552083333333333 0.16203703703703703 
10 0.8739700062593623 0.6704289543345219 0.0609375 0.17314814814814813 
5 0.5293151260215699 0.13439261377580464 0.035416666666666666 0.10185185185185185 
