11 0.36750395130984814 0.5462209461959205 0.030208333333333334 0.08518518518518518 
7 0.9023811661520806 0.09987204180219207 0.018229166666666668 0.05092592592592592 
17 0.050958937243290356 0.8597299818917922 0.046875 0.11944444444444445 
29 0.33639826701273495 0.36673015094853656 0.08177083333333333 0.17592592592592593 
11 0.5954112832171773 0.4299505355943354 0.013541666666666667 0.03981481481481482 
14 0.4797500249814272 0.6247107506908006 0.004166666666666667 0.009259259259259259 
10 0.025926137331299944 0.6489106064990458 0.0234375 0.06574074074074074 
3 0.12373888297316486 0.5782589278468971 0.0109375 0.030555555555555555 
14 0.9063265320707583 0.2184050065994762 0.03333333333333333 0.07314814814814814 
13 0.37139927419506225 0.7744761778639585 0.040625 0.08703703703703704 
19 0.3253908894350039 0.35828439238686016 0.0515625 0.1111111111111111 
2 0.6245648364059666 0.7137785912960142 0.06302083333333333 0.17962962962962964 
35 0.47186081302202726 0.22502668153471755 0.05520833333333333 0.12777777777777777 
7 0.1594034927555045 0.40981926962123144 0.04479166666666667 0.125 
26 0.6744728786888052 0.7589576630176156 0.08489583333333334 0.175 
14 0.4122012125381331 0.20000211588138592 0.035416666666666666 0.07777777777777778 
34 0.9102590340780551 0.5376786920753219 0.09739583333333333 0.16018518518518518 
4 0.32682760296444885 0.7182504981662383 0.0609375 0.17037037037037037 
