11 0.44981159431836826 0.28839767013535733 0.050520833333333334 0.1425925925925926 
11 0.32780977688110663 0.4634477886188108 0.052083333333333336 0.14722222222222223 
33 0.34898355295621003 0.626172520704476 0.07395833333333333 0.1712962962962963 
17 0.3050595068889082 0.7740585990968024 0.0036458333333333334 0.008333333333333333 
13 0.4276965215662672 0.6085660483542388 0.057291666666666664 0.12314814814814815 
24 0.7195915011658897 0.582028756486056 0.078125 0.14537037037037037 
22 0.47948747978585293 0.8660566535347949 0.05520833333333333 0.1175925925925926 
11 0.41773870506295785 0.45037100580200945 0.022395833333333334 0.06296296296296296 
2 0.8797329107646419 0.6643558889886317 0.022395833333333334 0.06296296296296296 
17 0.2345444722755475 0.4505712827260192 0.0067708333333333336 0.017592592592592594 
34 0.2120913188751134 0.9308388557400593 0.04583333333333333 0.075 
32 0.6783814363833104 0.21521781321497624 0.06197916666666667 0.13518518518518519 
37 0.31397100133559414 0.5285607095125984 0.015625 0.03888888888888889 
32 0.5904094809883473 0.7924415874930982 0.075 0.1638888888888889 
32 0.27826536664365104 0.7134823454377296 0.022916666666666665 0.05092592592592592 
4 0.7729563916528754 0.5789463146870302 0.034375 0.0962962962962963 
27 0.8435230675743522 0.20324169132551778 0.014583333333333334 0.03425925925925926 
2 0.08208890215630685 0.35624419343076 0.005729166666666666 0.016666666666666666 
37 0.532254376715119 0.16997573528913992 0.03697916666666667 0.09444444444444444 
32 0.7966096760578856 0.5672522952030181 0.07239583333333334 0.15833333333333333 
7 0.7898318843140022 0.7881686392394418 0.052083333333333336 0.14537037037037037 
35 0.5965458316035197 0.3787611248419014 0.016145833333333335 0.037037037037037035 
5 0.23633788503553566 0.7733330870304004 0.04739583333333333 0.13425925925925927 
11 0.15822686101186292 0.7151844426792932 0.05 0.14166666666666666 
36 0.7085093929781459 0.4329507477424691 0.06041666666666667 0.1388888888888889 
