11 0.12091961564692505 0.8973366283391669 0.019791666666666666 0.05648148148148148 
27 0.8505907806503967 0.47179811922240456 0.03333333333333333 0.07777777777777778 
27 0.24995193922940012 0.2749216349542166 0.0546875 0.12685185185185185 
7 0.49175384588119364 0.07225696854641359 0.029166666666666667 0.08148148148148149 
29 0.40098271985899436 0.45778994416868224 0.008854166666666666 0.018518518518518517 
3 0.09210620560162858 0.3007501302496851 0.049479166666666664 0.1388888888888889 
21 0.7493502814877969 0.4523740936823698 0.007291666666666667 0.019444444444444445 
30 0.3886945262211069 0.47365007401863335 0.0625 0.14907407407407408 
29 0.23881896828860757 0.2305187748763587 0.052083333333333336 0.11203703703703703 
31 0.34652819190054124 0.18283072509826695 0.03333333333333333 0.08425925925925926 
15 0.43221809665374045 0.510743997591613 0.05677083333333333 0.12222222222222222 
