11 0.5650790001101856 0.3466723168664406 0.03697916666666667 0.10462962962962963 
27 0.5722662229367572 0.275797360325193 0.06979166666666667 0.16203703703703703 
31 0.19387847104603845 0.9274027490434685 0.03802083333333333 0.09722222222222222 
32 0.1937025407960423 0.19971340765583667 0.0484375 0.10555555555555556 
26 0.3392967342919729 0.5406967451470619 0.03697916666666667 0.075 
22 0.3839668275187223 0.4544139943654072 0.0067708333333333336 0.013888888888888888 
36 0.07146911633335881 0.5761462967856491 0.06510416666666667 0.15 
19 0.22775512266135764 0.8388052002481403 0.008333333333333333 0.017592592592592594 
10 0.712140541799711 0.3667036621030198 0.0484375 0.13796296296296295 
29 0.5377188447051044 0.31589640004838915 0.0375 0.08055555555555556 
7 0.5691400054441808 0.632898332338935 0.008854166666666666 0.024074074074074074 
26 0.3002740925956673 0.7080410154224592 0.06770833333333333 0.1388888888888889 
34 0.7301525456613261 0.9220390648927435 0.014583333333333334 0.023148148148148147 
17 0.42178446553555066 0.2943651288148484 0.06979166666666667 0.17777777777777778 
16 0.8462823563540391 0.03849835458950383 0.01875 0.04351851851851852 
13 0.27889929828223575 0.3103792879913733 0.015104166666666667 0.032407407407407406 
18 0.6950788426750175 0.40504391474091656 0.08125 0.1675925925925926 
27 0.7873990810626754 0.5301416712764112 0.03802083333333333 0.08888888888888889 
6 0.36785308831582225 0.1210906473046661 0.0328125 0.09166666666666666 
11 0.6549334330454804 0.44919348020462124 0.030729166666666665 0.08703703703703704 
18 0.0414453766168693 0.21332884751317616 0.044270833333333336 0.08981481481481482 
19 0.7450623829468548 0.4013644166280205 0.04114583333333333 0.08888888888888889 
27 0.5138874698610475 0.4661444858324221 0.06145833333333333 0.14351851851851852 
17 0.03809018443744404 0.5214300559135079 0.04635416666666667 0.1175925925925926 
33 0.6180216114779425 0.670880491393603 0.044270833333333336 0.10277777777777777 
6 0.449913449832126 0.17138845252840643 0.03177083333333333 0.08888888888888889 
36 0.8801569738352518 0.6259338239548334 0.07708333333333334 0.17777777777777778 
19 0.1419709536501428 0.40886811499471437 0.0484375 0.1037037037037037 
15 0.8464167580375236 0.576728760917134 0.04479166666666667 0.0962962962962963 
12 0.9207699212633521 0.6062066292396666 0.0375 0.08055555555555556 
