11 0.8203955711159798 0.4190159063787804 0.043229166666666666 0.12222222222222222 
31 0.797285410974308 0.5887604189136897 0.0546875 0.1388888888888889 
10 0.7385522423890961 0.20002179844862922 0.04375 0.125 
5 0.6488669723663155 0.9536177477561685 0.024479166666666666 0.06944444444444445 
15 0.7144179356720497 0.8746879695899934 0.0125 0.026851851851851852 
11 0.6512543902883287 0.6409346328147772 0.0265625 0.075 
6 0.7048421783094749 0.7265893832170424 0.005729166666666666 0.014814814814814815 
16 0.647124394557644 0.34203932463000797 0.027604166666666666 0.06388888888888888 
5 0.643975944409936 0.39822280158218276 0.026041666666666668 0.07407407407407407 
30 0.045425614323185065 0.6558109895847 0.0640625 0.15185185185185185 
24 0.08500761322686923 0.2932965384179984 0.08333333333333333 0.15555555555555556 
24 0.4302956082230007 0.2817439775451947 0.07135416666666666 0.13333333333333333 
19 0.8390247978732351 0.8362922577496493 0.0109375 0.024074074074074074 
33 0.7260711234643366 0.6923911164377341 0.0484375 0.11296296296296296 
23 0.43417556152449666 0.046261284257263655 0.0046875 0.011111111111111112 
18 0.15923075126430603 0.8865607945605649 0.035416666666666666 0.07222222222222222 
19 0.08128400269065064 0.4750168214406009 0.07760416666666667 0.16666666666666666 
32 0.696216340035155 0.5607000040451597 0.0609375 0.13240740740740742 
32 0.10009934870961555 0.3791802115744985 0.04791666666666667 0.10462962962962963 
21 0.3228736119728098 0.6829809882049412 0.05625 0.16018518518518518 
6 0.07722368306541708 0.8719635530534469 0.015104166666666667 0.04259259259259259 
11 0.8056179638552547 0.8207897910637099 0.03333333333333333 0.09444444444444444 
6 0.8198854665089533 0.947352796655828 0.023958333333333335 0.06666666666666667 
2 0.7635376491234551 0.6858780279426873 0.03697916666666667 0.10462962962962963 
12 0.10619589196246682 0.3586153742462801 0.07291666666666667 0.15648148148148147 
27 0.5114991006549319 0.6870510111734022 0.050520833333333334 0.1175925925925926 
5 0.10859203882804072 0.7742579150259098 0.027083333333333334 0.07685185185185185 
2 0.518730054568334 0.29774479461526115 0.05520833333333333 0.15833333333333333 
