11 0.49716651299265846 0.1704151300606438 0.05416666666666667 0.1537037037037037 
32 0.5559486261084375 0.07939264145244646 0.013020833333333334 0.027777777777777776 
16 0.44124574998099403 0.752330705068353 0.028645833333333332 0.06666666666666667 
19 0.4130742011928375 0.4465780587402095 0.036458333333333336 0.0787037037037037 
7 0.8988379458044222 0.34030094436114383 0.0125 0.03518518518518519 
22 0.12767130271205548 0.5340828698172653 0.08177083333333333 0.17592592592592593 
7 0.6068849305559602 0.685403334304648 0.009375 0.025925925925925925 
14 0.06656727769204986 0.8818091986793117 0.06979166666666667 0.15555555555555556 
14 0.778928375060457 0.7681606128334294 0.033854166666666664 0.075 
22 0.1201525975302136 0.8326343378852152 0.058854166666666666 0.1259259259259259 
14 0.2997413401228917 0.8018634713566275 0.078125 0.17407407407407408 
26 0.5119442194344448 0.4048276712416141 0.009895833333333333 0.019444444444444445 
20 0.362397154132084 0.07195035096663444 0.009375 0.05277777777777778 
3 0.7165956324138955 0.7069377065987379 0.034895833333333334 0.09814814814814815 
17 0.07291066939687052 0.5166359930281257 0.0125 0.03148148148148148 
