11 0.031964457630925806 0.43327324681895674 0.0625 0.17777777777777778 
35 0.5881662190137635 0.914070951746642 0.034895833333333334 0.08055555555555556 
12 0.1632924594825689 0.9319237239917387 0.034895833333333334 0.075 
32 0.37886333874821254 0.44895614204993994 0.023958333333333335 0.05277777777777778 
35 0.563758590564269 0.2571044771015539 0.015625 0.03611111111111111 
28 0.40930962341262195 0.7024960849316849 0.0578125 0.1287037037037037 
24 0.6258927052314479 0.5893862146724002 0.03229166666666667 0.06018518518518518 
3 0.18634637334652202 0.6360305608797964 0.06041666666666667 0.1685185185185185 
21 0.16524645762227094 0.538108832473525 0.019270833333333334 0.05462962962962963 
5 0.7733612010390096 0.5663482773803371 0.04791666666666667 0.1361111111111111 
21 0.7229442861466862 0.527229983291755 0.0515625 0.14537037037037037 
8 0.31843491788380973 0.7513039235873793 0.03177083333333333 0.08888888888888889 
30 0.05316113078382415 0.4647004926100007 0.042708333333333334 0.10277777777777777 
30 0.3840332013936896 0.2346939544765418 0.040625 0.09814814814814815 
11 0.671835484253393 0.6015784530338687 0.04010416666666667 0.11388888888888889 
9 0.4828509649859604 0.1992523851527472 0.015625 0.04259259259259259 
23 0.3307162259527867 0.8400727622760976 0.007291666666666667 0.018518518518518517 
4 0.8490644229358085 0.46549553167036956 0.009375 0.025925925925925925 
4 0.3911151156643012 0.48871041805722437 0.005208333333333333 0.014814814814814815 
2 0.2008004366094852 0.9291781033903836 0.005729166666666666 0.016666666666666666 
13 0.6049874002910213 0.5169876003006959 0.03958333333333333 0.08518518518518518 
