12 0.3161148325401389 0.31314229299031154 0.06822916666666666 0.14722222222222223 
8 0.07249195089162837 0.6818953837912731 0.0546875 0.15648148148148147 
18 0.13277956989734907 0.5494218247833449 0.0890625 0.18333333333333332 
5 0.8945746500565389 0.29376885628381666 0.036458333333333336 0.1037037037037037 
20 0.31518561190762306 0.48851208731445855 0.019270833333333334 0.10648148148148148 
8 0.24411085151148307 0.6979569294503447 0.04010416666666667 0.11388888888888889 
28 0.22321998938076004 0.13365345189450764 0.06197916666666667 0.13703703703703704 
6 0.9620658390068005 0.5571078890040512 0.0067708333333333336 0.019444444444444445 
14 0.5620102228880092 0.610271762482607 0.051041666666666666 0.11296296296296296 
22 0.13724610661121123 0.26097930075816744 0.040625 0.08703703703703704 
6 0.8916839483496531 0.5701789048634222 0.0578125 0.16203703703703703 
10 0.7869080558806836 0.16261008920504405 0.049479166666666664 0.14074074074074075 
11 0.6616520022924027 0.6994126744809003 0.030208333333333334 0.08518518518518518 
32 0.49328828579270845 0.6323864055319631 0.013020833333333334 0.027777777777777776 
37 0.03143551204935838 0.525430019059355 0.03854166666666667 0.09722222222222222 
15 0.36458117051638966 0.20022210120749828 0.034895833333333334 0.07592592592592592 
8 0.2606702544788534 0.9294759155883664 0.0234375 0.06666666666666667 
24 0.21062977623598816 0.7799793909261649 0.0578125 0.10740740740740741 
4 0.021057246273635477 0.9042022041403297 0.01875 0.05277777777777778 
36 0.022052054238083638 0.8793276348952498 0.027604166666666666 0.062037037037037036 
28 0.3978894372643507 0.64050803348887 0.06822916666666666 0.15092592592592594 
7 0.29471759534877345 0.3340733546450715 0.017708333333333333 0.049074074074074076 
3 0.7180754061780419 0.5992929183703848 0.0640625 0.1787037037037037 
34 0.2755585650409382 0.6238438855383446 0.06145833333333333 0.10092592592592593 
24 0.6969034804298943 0.7785116182671387 0.05260416666666667 0.09814814814814815 
34 0.94895980492618 0.11725124942574715 0.0234375 0.03888888888888889 
4 0.8163871326549459 0.12164335393725784 0.021875 0.06111111111111111 
24 0.4515749559474878 0.20873391696009885 0.0953125 0.17777777777777778 
7 0.6974475677204883 0.5872122943415041 0.043229166666666666 0.12129629629629629 
12 0.7126771523878286 0.4240612213451643 0.06510416666666667 0.14074074074074075 
16 0.7598652561452941 0.7790756820303462 0.027083333333333334 0.06296296296296296 
24 0.8217616786290457 0.17717162963309585 0.08541666666666667 0.15925925925925927 
4 0.6536490963686373 0.315419655869732 0.0453125 0.1259259259259259 
11 0.045751613424872495 0.4927369338762895 0.0265625 0.07407407407407407 
