12 0.7653213121097988 0.7874558595856134 0.0390625 0.08333333333333333 
8 0.7614981275274123 0.08918348786446031 0.01875 0.05277777777777778 
19 0.41707434294658463 0.6179341599838742 0.07604166666666666 0.1638888888888889 
17 0.7986702887270948 0.13096008479932936 0.051041666666666666 0.12962962962962962 
10 0.9457083157667371 0.342662866300096 0.022395833333333334 0.06296296296296296 
37 0.5100643935103072 0.4314930136790107 0.0578125 0.14629629629629629 
14 0.3740983028959466 0.9218564133613156 0.058333333333333334 0.12962962962962962 
4 0.4865009108991169 0.9019727858425167 0.05520833333333333 0.15462962962962962 
35 0.5102738041006636 0.5760427855809458 0.07604166666666666 0.17592592592592593 
19 0.4549245521187886 0.8672096068957913 0.019791666666666666 0.04351851851851852 
21 0.8632518283188716 0.35027090991427823 0.058333333333333334 0.1648148148148148 
4 0.36705585082382175 0.7414081810463184 0.05520833333333333 0.15555555555555556 
4 0.7148708320065632 0.860768539212558 0.06145833333333333 0.1712962962962963 
35 0.8717313029377005 0.5634617280863284 0.07552083333333333 0.175 
20 0.8821385136860612 0.9762052551450864 0.0020833333333333333 0.010185185185185186 
37 0.8275680005084176 0.348749247764227 0.029166666666666667 0.07314814814814814 
13 0.4316171382414347 0.13446587122043946 0.025520833333333333 0.05462962962962963 
21 0.6295922896900337 0.7381708979988598 0.028125 0.07962962962962963 
15 0.3455552765780517 0.6420225609627808 0.034895833333333334 0.07592592592592592 
6 0.16135616571122202 0.05372685382813616 0.0109375 0.030555555555555555 
23 0.842339409808047 0.8914735527519576 0.065625 0.1648148148148148 
28 0.8651728075120043 0.24754988925199634 0.0703125 0.15648148148148147 
33 0.5367369142495655 0.8356531224594985 0.019791666666666666 0.04537037037037037 
24 0.33177099744734057 0.08286852241199887 0.0328125 0.06111111111111111 
2 0.8355547963312797 0.6995082250709568 0.0484375 0.1361111111111111 
18 0.5353748951406591 0.0425241132721191 0.004166666666666667 0.008333333333333333 
33 0.6590246545285715 0.7321981398539122 0.059895833333333336 0.1388888888888889 
3 0.836186871639296 0.1501922314284701 0.0026041666666666665 0.008333333333333333 
23 0.671204723611375 0.815775087903529 0.050520833333333334 0.1287037037037037 
27 0.35424976359637 0.5532788851086706 0.03958333333333333 0.09259259259259259 
8 0.2990568336469712 0.8510094670194226 0.05260416666666667 0.14907407407407408 
6 0.08505672995811382 0.7440921215650844 0.013020833333333334 0.037037037037037035 
