0 0.6130208333333333 0.6277777777777778 0.5854166666666667 0.23703703703703705
1 0.4783854166666667 0.38611111111111107 0.5463541666666667 0.687037037037037
33 0.3184895833333333 0.3523148148148148 0.021354166666666667 0.049074074074074076 
20 0.3330729166666667 0.3523148148148148 0.008854166666666666 0.049074074074074076 
25 0.34895833333333337 0.3523148148148148 0.022916666666666665 0.049074074074074076 
8 0.3796875 0.3527777777777778 0.017708333333333333 0.05 
10 0.39739583333333334 0.3527777777777778 0.017708333333333333 0.05 
8 0.41510416666666666 0.3527777777777778 0.017708333333333333 0.05 
9 0.4432291666666667 0.3527777777777778 0.017708333333333333 0.04814814814814815 
3 0.4609375 0.3523148148148148 0.017708333333333333 0.049074074074074076 
5 0.4786458333333333 0.3527777777777778 0.017708333333333333 0.05 
2 0.5067708333333334 0.3527777777777778 0.017708333333333333 0.05 
6 0.5244791666666667 0.3523148148148148 0.017708333333333333 0.049074074074074076 
2 0.5421875 0.3527777777777778 0.017708333333333333 0.05 
