12 0.12420337103896237 0.3888851581275803 0.0171875 0.037037037037037035 
14 0.4980120462278132 0.782530113796688 0.011458333333333333 0.024074074074074074 
11 0.848239238966886 0.7546481657142461 0.0546875 0.15555555555555556 
10 0.5194276895910772 0.9701853086195158 0.0125 0.03611111111111111 
33 0.12849740081192776 0.5385378056131149 0.0171875 0.03981481481481482 
34 0.8108089879631833 0.7782933356074899 0.06875 0.11296296296296296 
37 0.753968009450025 0.8023898776795227 0.051041666666666666 0.12962962962962962 
18 0.4891261856402745 0.7412067709259206 0.07760416666666667 0.16111111111111112 
33 0.8297116818136697 0.8634517227897196 0.0609375 0.14166666666666666 
19 0.6420699636391635 0.6927556214910405 0.019270833333333334 0.041666666666666664 
21 0.8156958185141022 0.10024106503776828 0.0328125 0.09351851851851851 
30 0.6373396755590903 0.17904285473801443 0.009895833333333333 0.023148148148148147 
14 0.7769269988620395 0.49714370200017055 0.025520833333333333 0.05648148148148148 
20 0.032655313015798625 0.09212131852196628 0.013541666666666667 0.07592592592592592 
17 0.6753590992438518 0.7837929167909825 0.052083333333333336 0.13240740740740742 
28 0.25285384202120526 0.05159182086925277 0.019791666666666666 0.044444444444444446 
3 0.8527947485616 0.23906713645147348 0.058333333333333334 0.16296296296296298 
14 0.873297306263483 0.30436621293585225 0.06666666666666667 0.14722222222222223 
34 0.4408273694179404 0.17633538791272574 0.014583333333333334 0.024074074074074074 
19 0.07615808962115672 0.6834474244403753 0.075 0.16111111111111112 
20 0.9203219882177702 0.641362028183687 0.0078125 0.04351851851851852 
24 0.4300344707276584 0.2572707664893055 0.013020833333333334 0.024074074074074074 
34 0.030410521219905774 0.7718881574372262 0.046875 0.07685185185185185 
33 0.3524744405357543 0.8409970052411466 0.06145833333333333 0.1425925925925926 
7 0.31023055129882926 0.28850149810569087 0.0171875 0.04814814814814815 
27 0.017530614439877305 0.1921961034115404 0.01875 0.04351851851851852 
37 0.30208202434336556 0.6258145621570959 0.0234375 0.05925925925925926 
6 0.5606169977547495 0.8263825110256868 0.05416666666666667 0.1527777777777778 
16 0.7471541093216183 0.42655354693779135 0.0140625 0.03333333333333333 
7 0.7559542618469752 0.6465285644120864 0.05364583333333333 0.15092592592592594 
26 0.847423310518331 0.23207396176702666 0.07291666666666667 0.14907407407407408 
10 0.6690782203836257 0.4909993469321764 0.05416666666666667 0.1537037037037037 
17 0.6558758331196564 0.2335645947982335 0.03802083333333333 0.09722222222222222 
27 0.11506542352854249 0.19100086507193212 0.04635416666666667 0.10740740740740741 
