0 0.6330729166666667 0.35509259259259257 0.2859375 0.11574074074074074
1 0.8216145833333333 0.7462962962962963 0.2671875 0.3351851851851852
29 0.74375 0.7296296296296296 0.011458333333333333 0.024074074074074074 
16 0.7541666666666667 0.7296296296296296 0.010416666666666666 0.024074074074074074 
17 0.7640625 0.7296296296296296 0.009375 0.024074074074074074 
9 0.778125 0.7296296296296296 0.008333333333333333 0.024074074074074074 
2 0.7864583333333334 0.7296296296296296 0.008333333333333333 0.024074074074074074 
7 0.7947916666666667 0.7296296296296296 0.008333333333333333 0.024074074074074074 
9 0.8083333333333333 0.7296296296296296 0.008333333333333333 0.024074074074074074 
10 0.8166666666666667 0.7296296296296296 0.008333333333333333 0.024074074074074074 
2 0.825 0.7296296296296296 0.008333333333333333 0.024074074074074074 
10 0.8385416666666666 0.7296296296296296 0.008333333333333333 0.024074074074074074 
4 0.8468749999999999 0.7296296296296296 0.008333333333333333 0.024074074074074074 
7 0.8552083333333333 0.7296296296296296 0.008333333333333333 0.024074074074074074 
