0 0.5479166666666666 0.6101851851851852 0.5708333333333333 0.23148148148148148
1 0.4591145833333333 0.4240740740740741 0.5328125 0.6703703703703704
14 0.30390625 0.3907407407407408 0.022395833333333334 0.05 
31 0.3244791666666667 0.3907407407407407 0.01875 0.04814814814814815 
18 0.3458333333333333 0.3907407407407408 0.023958333333333335 0.05 
4 0.3768229166666667 0.3907407407407407 0.0171875 0.04814814814814815 
8 0.3940104166666667 0.39120370370370366 0.0171875 0.049074074074074076 
10 0.41119791666666666 0.39120370370370366 0.0171875 0.049074074074074076 
2 0.43880208333333337 0.39120370370370366 0.0171875 0.049074074074074076 
9 0.45598958333333334 0.3912037037037037 0.0171875 0.04722222222222222 
11 0.47317708333333336 0.39120370370370366 0.0171875 0.049074074074074076 
5 0.50078125 0.39120370370370366 0.0171875 0.049074074074074076 
8 0.51796875 0.39120370370370366 0.0171875 0.049074074074074076 
10 0.53515625 0.39120370370370366 0.0171875 0.049074074074074076 
