0 0.73359375 0.7296296296296296 0.2109375 0.08518518518518518
1 0.15625 0.3662037037037037 0.196875 0.24722222222222223
20 0.09583333333333333 0.35324074074074074 0.003125 0.017592592592592594 
32 0.10130208333333333 0.35324074074074074 0.0078125 0.017592592592592594 
34 0.11067708333333333 0.35324074074074074 0.0109375 0.017592592592592594 
4 0.12239583333333334 0.35324074074074074 0.00625 0.017592592592592594 
8 0.12864583333333332 0.35324074074074074 0.00625 0.017592592592592594 
11 0.13489583333333333 0.35324074074074074 0.00625 0.017592592592592594 
9 0.14479166666666665 0.35324074074074074 0.00625 0.017592592592592594 
8 0.15104166666666666 0.35324074074074074 0.00625 0.017592592592592594 
5 0.15729166666666666 0.35324074074074074 0.00625 0.017592592592592594 
7 0.1671875 0.35324074074074074 0.00625 0.017592592592592594 
11 0.1734375 0.35324074074074074 0.00625 0.017592592592592594 
8 0.1796875 0.35324074074074074 0.00625 0.017592592592592594 
