12 0.7622746864169622 0.22943318461645748 0.04739583333333333 0.10185185185185185 
23 0.5561131720847718 0.14868493343428466 0.03229166666666667 0.08148148148148149 
24 0.5856407646209593 0.8547783313136659 0.0203125 0.03796296296296296 
28 0.9781463752402246 0.13008989588695208 0.0140625 0.03148148148148148 
27 0.18906095680515758 0.5961657404601295 0.0296875 0.06851851851851852 
9 0.8179734623929543 0.9210243014496314 0.0026041666666666665 0.006481481481481481 
6 0.5091791756736366 0.17084998794635095 0.01875 0.05277777777777778 
15 0.2571074224250855 0.5798377922762863 0.03697916666666667 0.07962962962962963 
14 0.4352866447608594 0.5409257706950399 0.0765625 0.17037037037037037 
23 0.5357343608166169 0.604628828886114 0.021875 0.05462962962962963 
26 0.9851158852382041 0.6531758561550693 0.008854166666666666 0.017592592592592594 
10 0.4900295727572388 0.47527335952673533 0.05520833333333333 0.1574074074074074 
