12 0.5199523569522913 0.4637513466852887 0.05416666666666667 0.11574074074074074 
23 0.0713601297896366 0.20425250045009982 0.019791666666666666 0.05 
29 0.3342831975144067 0.2095318990103997 0.07864583333333333 0.16944444444444445 
28 0.950403877390525 0.11947108012411281 0.04114583333333333 0.08981481481481482 
20 0.17386997953145722 0.61874043600453 0.025 0.1398148148148148 
4 0.5811560628079208 0.7441807033004069 0.058854166666666666 0.1648148148148148 
30 0.630347115637438 0.5542144821702396 0.04375 0.10555555555555556 
3 0.5477915328443655 0.7897504400415141 0.0546875 0.1527777777777778 
10 0.4644542804408212 0.8343354279543596 0.03854166666666667 0.10925925925925926 
24 0.9305823471404514 0.48407586590295887 0.0171875 0.032407407407407406 
34 0.7053230955087145 0.2798785771282538 0.10052083333333334 0.1648148148148148 
14 0.47719809147939185 0.83527071957847 0.017708333333333333 0.03981481481481482 
9 0.25076094766027995 0.7891046557693592 0.059895833333333336 0.16574074074074074 
10 0.44164987015275003 0.8850718532461064 0.0265625 0.07407407407407407 
12 0.5211547579094076 0.5376223056288748 0.0578125 0.125 
4 0.1087401021556073 0.18360614086744792 0.06197916666666667 0.17314814814814813 
9 0.30235959827061326 0.026877820675999888 0.003125 0.008333333333333333 
20 0.12087368270452965 0.22489502217803786 0.0265625 0.14814814814814814 
35 0.21414969593218636 0.11889009167358616 0.04583333333333333 0.10648148148148148 
