0 0.7104166666666667 0.3199074074074074 0.509375 0.2064814814814815
1 0.26718749999999997 0.387037037037037 0.47604166666666664 0.5981481481481481
33 0.12734375 0.3564814814814815 0.018229166666666668 0.04259259259259259 
27 0.14557291666666666 0.3564814814814815 0.018229166666666668 0.04259259259259259 
34 0.16770833333333335 0.3564814814814815 0.026041666666666668 0.04259259259259259 
4 0.19713541666666665 0.3564814814814815 0.015104166666666667 0.04259259259259259 
3 0.21223958333333331 0.3564814814814815 0.015104166666666667 0.04259259259259259 
4 0.22734374999999998 0.3564814814814815 0.015104166666666667 0.04259259259259259 
9 0.2513020833333333 0.35694444444444445 0.015104166666666667 0.041666666666666664 
2 0.26640625 0.35694444444444445 0.015104166666666667 0.04351851851851852 
7 0.2815104166666667 0.35740740740740745 0.015104166666666667 0.04259259259259259 
11 0.30546875 0.35694444444444445 0.015104166666666667 0.04351851851851852 
7 0.3205729166666667 0.35740740740740745 0.015104166666666667 0.04259259259259259 
5 0.33567708333333335 0.35694444444444445 0.015104166666666667 0.04351851851851852 
