0 0.7627604166666667 0.07361211111111111 0.3619791666666667 0.14722222222222223
1 0.47942708333333334 0.28935185185185186 0.3380208333333333 0.425
16 0.38046875 0.26851851851851855 0.013020833333333334 0.02962962962962963 
36 0.3932291666666667 0.26851851851851855 0.013541666666666667 0.02962962962962963 
32 0.40703125 0.26851851851851855 0.0140625 0.02962962962962963 
3 0.42578125 0.26851851851851855 0.0109375 0.02962962962962963 
8 0.43671875000000004 0.26851851851851855 0.0109375 0.02962962962962963 
10 0.44765625000000003 0.26851851851851855 0.0109375 0.02962962962962963 
4 0.46484375 0.26851851851851855 0.0109375 0.02962962962962963 
2 0.47578125000000004 0.26851851851851855 0.0109375 0.02962962962962963 
11 0.48671875000000003 0.26851851851851855 0.0109375 0.02962962962962963 
10 0.50390625 0.26851851851851855 0.0109375 0.02962962962962963 
11 0.51484375 0.26851851851851855 0.0109375 0.02962962962962963 
10 0.52578125 0.26851851851851855 0.0109375 0.02962962962962963 
