0 0.3885416666666667 0.34675925925925927 0.3854166666666667 0.15648148148148147
1 0.6299479166666667 0.40601851851851856 0.35989583333333336 0.4527777777777778
33 0.5247395833333334 0.3833333333333333 0.0140625 0.03148148148148148 
30 0.5380208333333333 0.3833333333333333 0.013541666666666667 0.03148148148148148 
22 0.55234375 0.3833333333333333 0.015104166666666667 0.03148148148148148 
2 0.571875 0.3833333333333333 0.011458333333333333 0.03148148148148148 
6 0.5833333333333334 0.3833333333333333 0.011458333333333333 0.03148148148148148 
7 0.5947916666666667 0.3833333333333333 0.011458333333333333 0.03148148148148148 
5 0.6130208333333333 0.3833333333333333 0.011458333333333333 0.03148148148148148 
6 0.6244791666666667 0.3833333333333333 0.011458333333333333 0.03148148148148148 
9 0.6359375 0.3833333333333333 0.011458333333333333 0.03148148148148148 
11 0.6541666666666667 0.3833333333333333 0.011458333333333333 0.03148148148148148 
8 0.665625 0.3833333333333333 0.011458333333333333 0.03148148148148148 
5 0.6770833333333334 0.3833333333333333 0.011458333333333333 0.03148148148148148 
