12 0.22338604529796513 0.595230960854456 0.0515625 0.1111111111111111 
35 0.6110135443354987 0.21852460453301148 0.005208333333333333 0.012037037037037037 
30 0.9309896386496942 0.871087530776306 0.028125 0.06666666666666667 
20 0.3334470455359808 0.19077045045043534 0.0203125 0.11296296296296296 
35 0.08475421789921424 0.7717499013340278 0.05 0.11574074074074074 
34 0.08122487338500166 0.29129685238026926 0.09947916666666666 0.16296296296296298 
28 0.1548373056175391 0.7814298353433168 0.0859375 0.19074074074074074 
28 0.25686795423306985 0.7153183921626649 0.0859375 0.19074074074074074 
14 0.1710632136967875 0.13556014027623073 0.021354166666666667 0.04814814814814815 
37 0.6966784188766411 0.18198820663332965 0.057291666666666664 0.14537037037037037 
36 0.9097718301920598 0.07879661719740677 0.0171875 0.03888888888888889 
16 0.21571227441417962 0.716787961349811 0.018229166666666668 0.04259259259259259 
22 0.8522309671935901 0.2968424623807265 0.017708333333333333 0.03796296296296296 
29 0.3534643669691831 0.1482901011688361 0.034375 0.07314814814814814 
33 0.3233318163181577 0.6372780600929986 0.03125 0.0712962962962963 
3 0.5458119051076152 0.28041818119142425 0.0359375 0.10092592592592593 
28 0.14384656639110976 0.9132738039783147 0.07760416666666667 0.17314814814814813 
20 0.5247756584045167 0.15258249477653185 0.015104166666666667 0.0824074074074074 
12 0.6510928210686436 0.6276403767657118 0.0375 0.08055555555555556 
13 0.18049118697824154 0.539422835743514 0.05260416666666667 0.11296296296296296 
16 0.6719716566855314 0.8347088230894828 0.025 0.05740740740740741 
22 0.36448960019614 0.2894729846191709 0.05416666666666667 0.11666666666666667 
11 0.4606654984348965 0.31261360523209025 0.027604166666666666 0.0787037037037037 
34 0.4731165409299773 0.2627746934153482 0.06875 0.11296296296296296 
15 0.3427024094497901 0.23539204264734476 0.028125 0.06111111111111111 
30 0.7374345679843692 0.7158059964880017 0.0140625 0.03518518518518519 
16 0.8286143749985646 0.5994482292139128 0.023958333333333335 0.05555555555555555 
18 0.20211098323801696 0.4609639972490756 0.07552083333333333 0.15555555555555556 
