0 0.8049479166666667 0.40694444444444444 0.10052083333333334 0.03981481481481482
1 0.4078125 0.31157407407407406 0.09375 0.1175925925925926
26 0.3802083333333333 0.3050925925925926 0.004166666666666667 0.008333333333333333 
23 0.38385416666666666 0.3050925925925926 0.003125 0.008333333333333333 
36 0.38697916666666665 0.3050925925925926 0.004166666666666667 0.008333333333333333 
3 0.3919270833333333 0.3050925925925926 0.0026041666666666665 0.008333333333333333 
7 0.3947916666666667 0.3050925925925926 0.003125 0.008333333333333333 
10 0.39739583333333334 0.3050925925925926 0.003125 0.008333333333333333 
6 0.40156250000000004 0.3050925925925926 0.003125 0.008333333333333333 
10 0.4041666666666667 0.3050925925925926 0.003125 0.008333333333333333 
3 0.40651041666666665 0.3050925925925926 0.0026041666666666665 0.008333333333333333 
2 0.4106770833333333 0.3050925925925926 0.0026041666666666665 0.008333333333333333 
4 0.41328125 0.3050925925925926 0.0026041666666666665 0.008333333333333333 
4 0.4158854166666667 0.3050925925925926 0.0026041666666666665 0.008333333333333333 
