13 0.13786319713968442 0.46739615646441923 0.021354166666666667 0.04537037037037037 
3 0.8634508596450686 0.9084032166218141 0.020833333333333332 0.05740740740740741 
3 0.05602747161487958 0.5928784014399165 0.0067708333333333336 0.018518518518518517 
12 0.236325751850854 0.5421535969728153 0.08020833333333334 0.17314814814814813 
3 0.3065228255117379 0.6024919666983315 0.030729166666666665 0.08611111111111111 
31 0.5497977945210399 0.32233300910387186 0.028125 0.0712962962962963 
27 0.6706412346688959 0.46172674005821723 0.018229166666666668 0.04259259259259259 
19 0.5010843810267841 0.473108489569358 0.03333333333333333 0.0712962962962963 
2 0.9233228223807127 0.489178324606552 0.03125 0.08796296296296297 
5 0.4864854551388527 0.8786740176428011 0.008333333333333333 0.023148148148148147 
13 0.09609351653877851 0.5354752411821642 0.01875 0.03981481481481482 
15 0.7524262080331011 0.22636292833087 0.036458333333333336 0.07777777777777778 
30 0.5171655360206641 0.6015868316110126 0.06770833333333333 0.16296296296296298 
21 0.9186119228554139 0.5153624031182296 0.028645833333333332 0.08148148148148149 
4 0.0955875629161551 0.7768685467806749 0.046875 0.13055555555555556 
27 0.2812330889538528 0.2725178837740682 0.04479166666666667 0.10462962962962963 
29 0.8811975387257281 0.912350154097188 0.0546875 0.1175925925925926 
2 0.14831829034150065 0.7225987884888898 0.016666666666666666 0.04814814814814815 
33 0.801906001641233 0.4570032296889594 0.05625 0.13055555555555556 
16 0.837140577028487 0.8801119495838807 0.024479166666666666 0.05740740740740741 
5 0.8236318107605776 0.41335729106392255 0.027083333333333334 0.07592592592592592 
