13 0.7166975131366704 0.6919341372925457 0.009375 0.019444444444444445 
3 0.622638456574707 0.21893188587888185 0.06354166666666666 0.17777777777777778 
34 0.10508511455204866 0.7704249289165166 0.08177083333333333 0.13425925925925927 
10 0.6128064590939476 0.6679669740017714 0.0234375 0.06666666666666667 
5 0.6026715685769779 0.37388629550653296 0.013020833333333334 0.03796296296296296 
14 0.5997600011749669 0.3533735205244067 0.08020833333333334 0.1787037037037037 
23 0.20179859526938992 0.8668456309325987 0.0609375 0.1537037037037037 
11 0.23046753048410323 0.8470334009861287 0.05625 0.16018518518518518 
19 0.3796587607830959 0.356345987509808 0.0067708333333333336 0.014814814814814815 
18 0.5847173971312204 0.44645699326881594 0.0234375 0.04814814814814815 
3 0.4186272881166441 0.4152109692804655 0.024479166666666666 0.06851851851851852 
