13 0.36942944944118444 0.6830591125781023 0.0734375 0.15833333333333333 
5 0.7837193680355699 0.9608628964186637 0.0171875 0.05 
22 0.8815537244372934 0.16741225907013066 0.07135416666666666 0.1527777777777778 
13 0.6298149574912235 0.7852614478567519 0.042708333333333334 0.09166666666666666 
14 0.47102097875216875 0.45469499584075973 0.04479166666666667 0.10092592592592593 
4 0.13808607790289595 0.5670100433613274 0.021354166666666667 0.05925925925925926 
32 0.5843110417838635 0.5311459691374287 0.03958333333333333 0.08611111111111111 
5 0.3235960117839481 0.6284068098627602 0.044270833333333336 0.1259259259259259 
17 0.9700259115656483 0.2781615397196087 0.005729166666666666 0.013888888888888888 
3 0.43401674281386465 0.4893988503025397 0.03697916666666667 0.10277777777777777 
10 0.2941775577469811 0.6864283351419214 0.05416666666666667 0.1537037037037037 
37 0.585783515118108 0.48872455055030595 0.06666666666666667 0.16944444444444445 
31 0.6795644447578013 0.8341747696924763 0.027604166666666666 0.06944444444444445 
5 0.7641959875316494 0.5496582615776537 0.0067708333333333336 0.018518518518518517 
8 0.1332890227553013 0.4575910265990103 0.03802083333333333 0.10833333333333334 
24 0.43610201295667106 0.6378712396785454 0.08802083333333334 0.1638888888888889 
23 0.06719197820378063 0.4204746800908303 0.021875 0.05462962962962963 
34 0.6627437126139321 0.7562650760772353 0.03229166666666667 0.05277777777777778 
23 0.4142964955085243 0.14067572570938586 0.022395833333333334 0.05740740740740741 
23 0.2338302657347787 0.8771963306005022 0.044270833333333336 0.11296296296296296 
33 0.16316375259850183 0.8861548784055302 0.0171875 0.03981481481481482 
34 0.4210343941054763 0.8326336864975469 0.08489583333333334 0.1388888888888889 
24 0.11036252490636081 0.7109760199303791 0.08229166666666667 0.1537037037037037 
18 0.17024463926910005 0.5234437068563182 0.015104166666666667 0.030555555555555555 
7 0.8178184639754352 0.1435008453620244 0.059895833333333336 0.1685185185185185 
5 0.6408401473488051 0.525375234014676 0.05 0.14074074074074075 
11 0.10261735637215243 0.5795914820846888 0.03177083333333333 0.08888888888888889 
22 0.3650890690413463 0.5171756470719507 0.05625 0.12037037037037036 
9 0.9414750878534056 0.5105576372120916 0.030208333333333334 0.08333333333333333 
5 0.12881940720665183 0.3963965099097208 0.016666666666666666 0.04814814814814815 
27 0.4902805026942206 0.516672701566763 0.06875 0.16018518518518518 
13 0.8909329315674729 0.3650670661371752 0.08229166666666667 0.17685185185185184 
3 0.5133815436633941 0.7827455949078008 0.059895833333333336 0.1685185185185185 
26 0.20699338747261747 0.7254092229601603 0.0484375 0.10092592592592593 
30 0.5064479427075667 0.4882317993960602 0.019270833333333334 0.04722222222222222 
33 0.6805213596910742 0.8446259946916946 0.028645833333333332 0.06666666666666667 
