0 0.31015625 0.29027777777777775 0.32760416666666664 0.13240740740740742
1 0.61796875 0.5310185185185186 0.30572916666666666 0.38425925925925924
37 0.5278645833333333 0.5125 0.0109375 0.026851851851851852 
13 0.5395833333333333 0.5125 0.0125 0.026851851851851852 
20 0.5481770833333333 0.5125 0.0046875 0.026851851851851852 
7 0.5611979166666667 0.5125 0.009895833333333333 0.026851851851851852 
3 0.5710937500000001 0.5125 0.009895833333333333 0.026851851851851852 
4 0.5809895833333334 0.5125 0.009895833333333333 0.026851851851851852 
7 0.5966145833333334 0.5125 0.009895833333333333 0.026851851851851852 
10 0.6065104166666667 0.5125 0.009895833333333333 0.026851851851851852 
11 0.61640625 0.5125 0.009895833333333333 0.026851851851851852 
4 0.63203125 0.5125 0.009895833333333333 0.026851851851851852 
2 0.6419270833333334 0.5125 0.009895833333333333 0.026851851851851852 
6 0.6518229166666667 0.5125 0.009895833333333333 0.026851851851851852 
