0 0.5125 0.23611111111111113 0.07916666666666666 0.03148148148148148
1 0.10104166666666667 0.8935185185185185 0.07395833333333333 0.09259259259259259
13 0.07916666666666666 0.8893518518518518 0.003125 0.006481481481481481 
30 0.08229166666666667 0.8893518518518518 0.003125 0.006481481481481481 
25 0.08489583333333332 0.8893518518518518 0.003125 0.006481481481481481 
3 0.08932291666666667 0.8893518518518518 0.0026041666666666665 0.006481481481481481 
9 0.09192708333333333 0.8893518518518518 0.0026041666666666665 0.006481481481481481 
7 0.09453125 0.8893518518518518 0.0026041666666666665 0.006481481481481481 
6 0.09869791666666666 0.8893518518518518 0.0026041666666666665 0.006481481481481481 
11 0.10130208333333333 0.8893518518518518 0.0026041666666666665 0.006481481481481481 
9 0.10390624999999999 0.8893518518518518 0.0026041666666666665 0.006481481481481481 
2 0.10807291666666666 0.8893518518518518 0.0026041666666666665 0.006481481481481481 
3 0.11067708333333333 0.8893518518518518 0.0026041666666666665 0.006481481481481481 
6 0.11328125 0.8893518518518518 0.0026041666666666665 0.006481481481481481 
