0 0.22812500000000002 0.6148148148148148 0.41458333333333336 0.1685185185185185
1 0.69453125 0.6435185185185186 0.38697916666666665 0.48703703703703705
30 0.58125 0.6189814814814816 0.014583333333333334 0.03611111111111111 
25 0.5966145833333333 0.6189814814814815 0.016145833333333335 0.03425925925925926 
37 0.6114583333333333 0.6189814814814815 0.013541666666666667 0.03425925925925926 
7 0.6317708333333333 0.6194444444444445 0.0125 0.03518518518518519 
8 0.6442708333333333 0.6189814814814816 0.0125 0.03611111111111111 
2 0.6567708333333333 0.6189814814814816 0.0125 0.03611111111111111 
7 0.6765625 0.6194444444444445 0.0125 0.03518518518518519 
8 0.6890625 0.6189814814814816 0.0125 0.03611111111111111 
9 0.7015625 0.6189814814814815 0.0125 0.03425925925925926 
8 0.7213541666666666 0.6189814814814816 0.0125 0.03611111111111111 
3 0.7338541666666667 0.6185185185185186 0.0125 0.03518518518518519 
6 0.7463541666666667 0.6185185185185186 0.0125 0.03518518518518519 
