0 0.6973958333333333 0.575925925925926 0.48854166666666665 0.19814814814814816
1 0.2640625 0.36342592592592593 0.45625 0.5731481481481482
37 0.12994791666666666 0.3351851851851852 0.016145833333333335 0.040740740740740744 
25 0.14765625000000002 0.3351851851851852 0.019270833333333334 0.040740740740740744 
30 0.16614583333333333 0.3351851851851852 0.017708333333333333 0.04259259259259259 
10 0.19114583333333335 0.3351851851851852 0.014583333333333334 0.04259259259259259 
3 0.20572916666666666 0.3347222222222222 0.014583333333333334 0.041666666666666664 
4 0.2203125 0.3347222222222222 0.014583333333333334 0.041666666666666664 
4 0.24375 0.3347222222222222 0.014583333333333334 0.041666666666666664 
9 0.2583333333333333 0.3351851851851852 0.014583333333333334 0.040740740740740744 
3 0.27291666666666664 0.3347222222222222 0.014583333333333334 0.041666666666666664 
7 0.29635416666666664 0.33564814814814814 0.014583333333333334 0.041666666666666664 
9 0.3109375 0.3351851851851852 0.014583333333333334 0.040740740740740744 
5 0.3255208333333333 0.3351851851851852 0.014583333333333334 0.04259259259259259 
