0 0.5421875 0.34305555555555556 0.18958333333333333 0.07685185185185185
1 0.59609375 0.2759259259259259 0.1765625 0.2222222222222222
21 0.5434895833333333 0.2652777777777778 0.005729166666666666 0.01574074074074074 
22 0.5502604166666667 0.2652777777777778 0.0078125 0.01574074074074074 
23 0.5567708333333333 0.2652777777777778 0.00625 0.01574074074074074 
10 0.56640625 0.2652777777777778 0.005729166666666666 0.01574074074074074 
5 0.5721354166666666 0.2652777777777778 0.005729166666666666 0.01574074074074074 
6 0.5778645833333332 0.2652777777777778 0.005729166666666666 0.01574074074074074 
2 0.5872395833333333 0.2652777777777778 0.005729166666666666 0.01574074074074074 
11 0.5929687499999999 0.2652777777777778 0.005729166666666666 0.01574074074074074 
9 0.5986979166666666 0.2652777777777778 0.005729166666666666 0.01574074074074074 
7 0.6080729166666666 0.2652777777777778 0.005729166666666666 0.01574074074074074 
3 0.6138020833333333 0.2652777777777778 0.005729166666666666 0.01574074074074074 
8 0.61953125 0.2652777777777778 0.005729166666666666 0.01574074074074074 
