13 0.40652307796659415 0.8592192126977555 0.0828125 0.17777777777777778 
21 0.6241452346618789 0.864789741968336 0.0625 0.17777777777777778 
9 0.26683784756653434 0.7506708082177629 0.049479166666666664 0.1361111111111111 
7 0.22538961450761996 0.1207933075267015 0.011979166666666667 0.03333333333333333 
3 0.3389277685196415 0.36412681215107556 0.025 0.07037037037037037 
31 0.5380012033159379 0.5368868815043798 0.05260416666666667 0.13333333333333333 
34 0.6122438700643006 0.08543012336300465 0.030208333333333334 0.05 
29 0.25645781306887594 0.010937620115972609 0.004166666666666667 0.008333333333333333 
23 0.24020430455136876 0.1595511261221289 0.04739583333333333 0.12037037037037036 
31 0.533161620604063 0.5333005761589151 0.008854166666666666 0.022222222222222223 
5 0.7066643712275874 0.9658551445793776 0.015104166666666667 0.04259259259259259 
16 0.8148263959908264 0.10674545781965795 0.021875 0.05092592592592592 
11 0.49053276230263415 0.6495060083520504 0.016145833333333335 0.046296296296296294 
12 0.4827794218442366 0.11412476429989303 0.009895833333333333 0.021296296296296296 
33 0.262904144316785 0.459933403455679 0.03229166666666667 0.07407407407407407 
28 0.8315516420712871 0.5791811381182034 0.0265625 0.05925925925925926 
15 0.8705270036727216 0.14653998894623302 0.03802083333333333 0.08148148148148149 
33 0.31346884933264957 0.14695462919478813 0.05625 0.12962962962962962 
6 0.4821702362713821 0.46516759100148225 0.04895833333333333 0.13703703703703704 
37 0.9309122409711148 0.759592810438678 0.04114583333333333 0.1037037037037037 
23 0.5841178351307621 0.2149829591145931 0.04114583333333333 0.10462962962962963 
23 0.5235884201541954 0.7341786959131166 0.0067708333333333336 0.017592592592592594 
