0 0.47942708333333334 0.5958333333333333 0.42552083333333335 0.17314814814814813
1 0.5684895833333333 0.40324074074074073 0.39739583333333334 0.49907407407407406
25 0.4526041666666667 0.37916666666666665 0.016666666666666666 0.03611111111111111 
27 0.46875 0.37916666666666665 0.015625 0.03611111111111111 
21 0.4830729166666667 0.37962962962962965 0.013020833333333334 0.037037037037037035 
8 0.50390625 0.37962962962962965 0.013020833333333334 0.037037037037037035 
9 0.5169270833333333 0.37962962962962965 0.013020833333333334 0.03518518518518519 
11 0.5299479166666666 0.37962962962962965 0.013020833333333334 0.037037037037037035 
3 0.55078125 0.37916666666666665 0.013020833333333334 0.03611111111111111 
5 0.5638020833333333 0.37962962962962965 0.013020833333333334 0.037037037037037035 
3 0.5768229166666666 0.37916666666666665 0.013020833333333334 0.03611111111111111 
2 0.59765625 0.37962962962962965 0.013020833333333334 0.037037037037037035 
10 0.6106770833333333 0.37962962962962965 0.013020833333333334 0.037037037037037035 
4 0.6236979166666666 0.37916666666666665 0.013020833333333334 0.03611111111111111 
