0 0.6611979166666666 0.7462962962962963 0.26197916666666665 0.10555555555555556
1 0.24453124999999998 0.4638888888888889 0.24427083333333333 0.3074074074074074
31 0.17265625 0.4481481481481482 0.008854166666666666 0.022222222222222223 
24 0.18307291666666667 0.4481481481481482 0.011979166666666667 0.022222222222222223 
21 0.19296875 0.4481481481481482 0.0078125 0.022222222222222223 
5 0.20546875 0.4481481481481482 0.0078125 0.022222222222222223 
7 0.21328125 0.4481481481481482 0.0078125 0.022222222222222223 
11 0.22109375 0.4481481481481482 0.0078125 0.022222222222222223 
4 0.23359375 0.4481481481481482 0.0078125 0.022222222222222223 
5 0.24140625 0.4481481481481482 0.0078125 0.022222222222222223 
4 0.24921875 0.4481481481481482 0.0078125 0.022222222222222223 
7 0.26171875 0.4481481481481482 0.0078125 0.022222222222222223 
3 0.26953125 0.4481481481481482 0.0078125 0.022222222222222223 
11 0.27734375 0.4481481481481482 0.0078125 0.022222222222222223 
