13 0.45143561368908947 0.3921947187303701 0.04479166666666667 0.0962962962962963 
24 0.7059440403704759 0.3100704010898623 0.0078125 0.014814814814814815 
18 0.04231655038937031 0.24086854440403874 0.058333333333333334 0.12037037037037036 
24 0.24695502126689958 0.8948868509008537 0.053125 0.09907407407407408 
17 0.2640563986965597 0.6542539336693111 0.014583333333333334 0.03611111111111111 
34 0.6606308568283532 0.3190329159174719 0.030729166666666665 0.05 
4 0.8601926873906055 0.9086902419348284 0.025 0.07037037037037037 
16 0.944968736233599 0.6110941945945779 0.04010416666666667 0.09259259259259259 
7 0.4281552696538839 0.7589655562211014 0.05364583333333333 0.15092592592592594 
35 0.5904343142657565 0.5045353286294362 0.03125 0.0712962962962963 
