0 0.5583333333333333 0.4717592592592592 0.3802083333333333 0.15462962962962962
1 0.7546875 0.45925925925925926 0.35520833333333335 0.4462962962962963
29 0.6513020833333334 0.437037037037037 0.015104166666666667 0.03148148148148148 
14 0.665625 0.437037037037037 0.014583333333333334 0.03148148148148148 
13 0.6802083333333334 0.437037037037037 0.014583333333333334 0.03148148148148148 
11 0.7 0.437037037037037 0.011458333333333333 0.03148148148148148 
3 0.7114583333333333 0.437037037037037 0.011458333333333333 0.03148148148148148 
10 0.7229166666666667 0.437037037037037 0.011458333333333333 0.03148148148148148 
2 0.7411458333333334 0.437037037037037 0.011458333333333333 0.03148148148148148 
11 0.7526041666666666 0.437037037037037 0.011458333333333333 0.03148148148148148 
6 0.7640625 0.437037037037037 0.011458333333333333 0.03148148148148148 
2 0.7822916666666667 0.437037037037037 0.011458333333333333 0.03148148148148148 
4 0.79375 0.437037037037037 0.011458333333333333 0.03148148148148148 
3 0.8052083333333333 0.437037037037037 0.011458333333333333 0.03148148148148148 
