0 0.7091145833333333 0.35879629629629634 0.31302083333333336 0.12685185185185185
1 0.28203124999999996 0.5162037037037037 0.2921875 0.3675925925925926
24 0.19765624999999998 0.4981481481481481 0.0140625 0.025925925925925925 
12 0.21067708333333332 0.4981481481481481 0.011979166666666667 0.025925925925925925 
37 0.22187500000000002 0.4981481481481481 0.010416666666666666 0.025925925925925925 
6 0.23750000000000002 0.4981481481481481 0.009375 0.025925925925925925 
4 0.246875 0.4981481481481481 0.009375 0.025925925925925925 
2 0.25625000000000003 0.4981481481481481 0.009375 0.025925925925925925 
7 0.2713541666666667 0.4981481481481481 0.009375 0.025925925925925925 
7 0.2807291666666667 0.4981481481481481 0.009375 0.025925925925925925 
2 0.29010416666666666 0.4981481481481481 0.009375 0.025925925925925925 
8 0.30520833333333336 0.4981481481481481 0.009375 0.025925925925925925 
5 0.3145833333333333 0.4981481481481481 0.009375 0.025925925925925925 
7 0.32395833333333335 0.4981481481481481 0.009375 0.025925925925925925 
