0 0.21119791666666665 0.8 0.2953125 0.12037037037037036
1 0.8500000000000001 0.4689814814814815 0.2760416666666667 0.3472222222222222
36 0.7697916666666667 0.45185185185185184 0.011458333333333333 0.024074074074074074 
21 0.7794270833333333 0.45185185185185184 0.008854166666666666 0.024074074074074074 
20 0.7859375 0.45185185185185184 0.004166666666666667 0.024074074074074074 
11 0.79765625 0.45185185185185184 0.008854166666666666 0.024074074074074074 
2 0.8065104166666667 0.45185185185185184 0.008854166666666666 0.024074074074074074 
4 0.8153645833333333 0.45185185185185184 0.008854166666666666 0.024074074074074074 
4 0.8294270833333333 0.45185185185185184 0.008854166666666666 0.024074074074074074 
10 0.83828125 0.45185185185185184 0.008854166666666666 0.024074074074074074 
5 0.8471354166666666 0.45185185185185184 0.008854166666666666 0.024074074074074074 
5 0.8611979166666667 0.45185185185185184 0.008854166666666666 0.024074074074074074 
3 0.8700520833333333 0.45185185185185184 0.008854166666666666 0.024074074074074074 
2 0.87890625 0.45185185185185184 0.008854166666666666 0.024074074074074074 
