13 0.6971045013121088 0.31778699275203065 0.06822916666666666 0.14629629629629629 
29 0.6776925956224021 0.884065335590344 0.027604166666666666 0.05925925925925926 
13 0.37141803989056565 0.23911147926861676 0.06302083333333333 0.1361111111111111 
16 0.262773698084241 0.5206302757043958 0.017708333333333333 0.040740740740740744 
17 0.2996667653154313 0.49944958177293897 0.0546875 0.1388888888888889 
4 0.31616649713974576 0.9773354913944127 0.0109375 0.02962962962962963 
24 0.17624502376438592 0.6224541270156165 0.07239583333333334 0.13425925925925927 
28 0.805755171119887 0.5501195739860778 0.0296875 0.06574074074074074 
19 0.7308911308874992 0.9638566125742596 0.022395833333333334 0.04814814814814815 
2 0.11812734685269652 0.3299972928287278 0.015625 0.044444444444444446 
28 0.6508619104847198 0.7317279303227792 0.07135416666666666 0.1574074074074074 
10 0.13185433551997966 0.6271383327135117 0.0515625 0.14537037037037037 
4 0.31531572304048894 0.9198564432192543 0.013541666666666667 0.03796296296296296 
13 0.17602540067475655 0.35347123646740236 0.0828125 0.1787037037037037 
11 0.041700296189283774 0.8054214908819337 0.003125 0.009259259259259259 
16 0.4383343896454371 0.15049343131795756 0.004166666666666667 0.010185185185185186 
23 0.6239631831208882 0.734930622613775 0.04583333333333333 0.11666666666666667 
29 0.5197948194030921 0.05926649406128494 0.0078125 0.01574074074074074 
15 0.23140468098863337 0.1638223243210972 0.005208333333333333 0.011111111111111112 
9 0.4860054911485448 0.24909158889503302 0.019791666666666666 0.05462962962962963 
18 0.5148387026540502 0.20705874541365216 0.06041666666666667 0.12407407407407407 
