0 0.4770833333333333 0.3550925925925926 0.5145833333333333 0.20833333333333334
1 0.5434895833333333 0.575 0.48072916666666665 0.6037037037037037
31 0.4018229166666667 0.5449074074074074 0.0171875 0.04351851851851852 
34 0.4236979166666667 0.5449074074074074 0.0265625 0.04351851851851852 
15 0.44635416666666666 0.5449074074074074 0.019791666666666666 0.04351851851851852 
8 0.4734375 0.5453703703703704 0.015625 0.044444444444444446 
10 0.4890625 0.5453703703703704 0.015625 0.044444444444444446 
5 0.5046875 0.5453703703703704 0.015625 0.044444444444444446 
9 0.5296875 0.5453703703703703 0.015625 0.04259259259259259 
2 0.5453125 0.5453703703703704 0.015625 0.044444444444444446 
6 0.5609375 0.5449074074074074 0.015625 0.04351851851851852 
7 0.5859375 0.5458333333333333 0.015625 0.04351851851851852 
10 0.6015625 0.5453703703703704 0.015625 0.044444444444444446 
7 0.6171875 0.5458333333333333 0.015625 0.04351851851851852 
