13 0.6514251793979857 0.16033439831853774 0.075 0.16111111111111112 
37 0.1729362838410448 0.38076156279878615 0.04583333333333333 0.11666666666666667 
4 0.7878733495284489 0.5068260993305633 0.005208333333333333 0.013888888888888888 
8 0.15183414497527004 0.1282332956343504 0.043229166666666666 0.12314814814814815 
37 0.09898605879289211 0.6598344287589539 0.0484375 0.12314814814814815 
21 0.38157843576054273 0.7441287752656511 0.03333333333333333 0.09351851851851851 
30 0.9041716345744886 0.2931748119923782 0.051041666666666666 0.12222222222222222 
31 0.16247521153870392 0.6342637116769905 0.025520833333333333 0.06388888888888888 
16 0.9187089958987443 0.20476758075538604 0.05677083333333333 0.13148148148148148 
6 0.29785305047601807 0.6634471213858048 0.0140625 0.03981481481481482 
28 0.8616425697209732 0.4480392600686554 0.03802083333333333 0.08425925925925926 
23 0.3402578431322918 0.8589160608927815 0.008854166666666666 0.022222222222222223 
31 0.5124987200313337 0.8257979560701454 0.025 0.06296296296296296 
19 0.7667412020943568 0.7494707282286244 0.0734375 0.1574074074074074 
12 0.7248980266380218 0.7035591252668429 0.014583333333333334 0.03148148148148148 
21 0.208485474702426 0.20583078272627992 0.022395833333333334 0.06296296296296296 
15 0.8931626222644239 0.4993620188112884 0.005208333333333333 0.011111111111111112 
20 0.02131014460138657 0.9267326273977253 0.019791666666666666 0.10925925925925926 
12 0.5028967517632162 0.1706227435189667 0.052083333333333336 0.11203703703703703 
