0 0.68046875 0.22962962962962963 0.25052083333333336 0.10185185185185185
1 0.7591145833333334 0.23425925925925928 0.23385416666666667 0.29444444444444445
20 0.6877604166666667 0.21851851851851853 0.0036458333333333334 0.020370370370370372 
33 0.6940104166666666 0.21851851851851853 0.008854166666666666 0.020370370370370372 
25 0.703125 0.21851851851851853 0.009375 0.020370370370370372 
5 0.7156250000000001 0.21851851851851853 0.007291666666666667 0.020370370370370372 
3 0.7229166666666667 0.21851851851851853 0.007291666666666667 0.020370370370370372 
10 0.7302083333333333 0.21851851851851853 0.007291666666666667 0.020370370370370372 
4 0.7416666666666667 0.21851851851851853 0.007291666666666667 0.020370370370370372 
3 0.7489583333333334 0.21851851851851853 0.007291666666666667 0.020370370370370372 
4 0.75625 0.21851851851851853 0.007291666666666667 0.020370370370370372 
2 0.7677083333333333 0.21851851851851853 0.007291666666666667 0.020370370370370372 
2 0.775 0.21851851851851853 0.007291666666666667 0.020370370370370372 
11 0.7822916666666667 0.21851851851851853 0.007291666666666667 0.020370370370370372 
