0 0.5065104166666666 0.21574074074074073 0.3390625 0.13703703703703704
1 0.5484374999999999 0.3787037037037037 0.31666666666666665 0.39814814814814814
20 0.45208333333333334 0.3587962962962963 0.005208333333333333 0.028703703703703703 
21 0.45989583333333334 0.3587962962962963 0.010416666666666666 0.028703703703703703 
34 0.4739583333333333 0.3587962962962963 0.017708333333333333 0.028703703703703703 
2 0.49374999999999997 0.3592592592592593 0.010416666666666666 0.027777777777777776 
7 0.5041666666666667 0.3592592592592593 0.010416666666666666 0.027777777777777776 
3 0.5145833333333334 0.3592592592592593 0.010416666666666666 0.027777777777777776 
4 0.53125 0.3592592592592593 0.010416666666666666 0.027777777777777776 
3 0.5416666666666667 0.3592592592592593 0.010416666666666666 0.027777777777777776 
8 0.5520833333333334 0.3592592592592593 0.010416666666666666 0.027777777777777776 
10 0.5687500000000001 0.3592592592592593 0.010416666666666666 0.027777777777777776 
6 0.5791666666666667 0.3592592592592593 0.010416666666666666 0.027777777777777776 
8 0.5895833333333333 0.3592592592592593 0.010416666666666666 0.027777777777777776 
