14 0.17683911016094245 0.5957687531814552 0.007291666666666667 0.014814814814814815 
2 0.10015034050493937 0.6636287194762034 0.05572916666666667 0.15833333333333333 
13 0.7991089734335828 0.2929814886155627 0.036458333333333336 0.0787037037037037 
7 0.3125951290399676 0.9219051125340982 0.027604166666666666 0.07777777777777778 
35 0.7821987239652897 0.21010297007746526 0.052083333333333336 0.12037037037037036 
27 0.09825789354079885 0.11181378264153341 0.03229166666666667 0.075 
37 0.3319623216649953 0.18820217287460292 0.0140625 0.03611111111111111 
31 0.7835086347887653 0.6538215982410636 0.05572916666666667 0.14074074074074075 
12 0.5067063597069635 0.831884231010811 0.0234375 0.05 
32 0.46120651565479487 0.8213948514154149 0.04635416666666667 0.10185185185185185 
31 0.4221467411822296 0.15527907429683158 0.0375 0.09537037037037037 
37 0.21165129654216241 0.881699174049441 0.030729166666666665 0.07777777777777778 
3 0.7113227095658361 0.6336293141893949 0.04583333333333333 0.1287037037037037 
35 0.1840662204753177 0.3362803089379907 0.03125 0.07222222222222222 
17 0.3774364182084025 0.8821026718937333 0.0203125 0.05092592592592592 
35 0.5738083022815683 0.24611119572769058 0.07552083333333333 0.17592592592592593 
29 0.49821354459614314 0.6095900290936953 0.0640625 0.13796296296296295 
10 0.5016029711589752 0.27010839553626353 0.0421875 0.12037037037037036 
10 0.09823570402543393 0.22975997355512595 0.03125 0.08796296296296297 
32 0.1441458531463425 0.36279525688647224 0.034895833333333334 0.07685185185185185 
37 0.17763214837302624 0.8097727430944363 0.021875 0.05462962962962963 
37 0.0581435710429477 0.5877011721634069 0.022395833333333334 0.05740740740740741 
8 0.6832763183135818 0.8486773074831041 0.027604166666666666 0.0787037037037037 
26 0.6062051448832656 0.9172201959193753 0.024479166666666666 0.05 
35 0.9040972215028128 0.5737550200946422 0.071875 0.16666666666666666 
9 0.10097669600204484 0.6633074386374891 0.03229166666666667 0.08796296296296297 
33 0.6221667255023506 0.22359624845144382 0.07447916666666667 0.17314814814814813 
30 0.7896518796230305 0.7710792105688369 0.021354166666666667 0.05185185185185185 
31 0.4038007124066977 0.7554454396946619 0.05677083333333333 0.14351851851851852 
16 0.7431717563146883 0.4569925817937621 0.0703125 0.16296296296296298 
2 0.5407265980880066 0.9245178654766592 0.030208333333333334 0.08518518518518518 
16 0.8140321010382923 0.4141437941949292 0.0609375 0.14166666666666666 
9 0.64550057657315 0.4580358185266036 0.0625 0.17222222222222222 
34 0.6815237495992983 0.7544129443072579 0.052083333333333336 0.08518518518518518 
8 0.5426032125565129 0.5821762828656573 0.029166666666666667 0.08148148148148149 
