0 0.40677083333333336 0.8148148148148149 0.096875 0.03888888888888889
1 0.3286458333333333 0.8310185185185185 0.090625 0.11388888888888889
28 0.3020833333333333 0.825925925925926 0.004166666666666667 0.009259259259259259 
34 0.3067708333333333 0.825462962962963 0.005208333333333333 0.008333333333333333 
14 0.3106770833333333 0.825462962962963 0.0036458333333333334 0.008333333333333333 
3 0.31536458333333334 0.825462962962963 0.0026041666666666665 0.008333333333333333 
5 0.3182291666666667 0.825462962962963 0.003125 0.008333333333333333 
10 0.32083333333333336 0.825462962962963 0.003125 0.008333333333333333 
7 0.325 0.825462962962963 0.003125 0.008333333333333333 
4 0.32734375 0.825462962962963 0.0026041666666666665 0.008333333333333333 
9 0.3302083333333334 0.825462962962963 0.003125 0.008333333333333333 
5 0.33437500000000003 0.825462962962963 0.003125 0.008333333333333333 
5 0.33697916666666666 0.825462962962963 0.003125 0.008333333333333333 
3 0.33932291666666664 0.825462962962963 0.0026041666666666665 0.008333333333333333 
