14 0.5031230436674384 0.7357320325541348 0.06666666666666667 0.14722222222222223 
13 0.04096350796391136 0.29889812757043993 0.0671875 0.14444444444444443 
15 0.3632240102358564 0.1520765105142687 0.046875 0.10092592592592593 
17 0.828315007307763 0.09219887618754899 0.027083333333333334 0.06851851851851852 
14 0.48566177987304526 0.44802021888993304 0.08125 0.17962962962962964 
2 0.4311139955552368 0.6250194681218607 0.036458333333333336 0.10462962962962963 
36 0.22609635851149743 0.48451483731171024 0.06458333333333334 0.14814814814814814 
10 0.20395811778318182 0.875401294459598 0.051041666666666666 0.14444444444444443 
8 0.6707865007861209 0.12176803739287907 0.0515625 0.14537037037037037 
16 0.2741906168836187 0.8184579883023646 0.0375 0.08703703703703704 
34 0.9090982283644773 0.24176565371814274 0.026041666666666668 0.04259259259259259 
20 0.19529938736703312 0.4950285264490588 0.017708333333333333 0.09814814814814815 
37 0.9127656736700748 0.2592293590228774 0.021354166666666667 0.053703703703703705 
35 0.8221977170067641 0.304707919096767 0.011979166666666667 0.026851851851851852 
13 0.5886418507099138 0.6925038951148162 0.04739583333333333 0.10185185185185185 
29 0.5173630331071436 0.8280417794765103 0.040625 0.08703703703703704 
9 0.2905135899167331 0.06352941627367392 0.027083333333333334 0.07407407407407407 
20 0.2061294786224357 0.8552164704768683 0.025 0.14074074074074075 
28 0.09395454806014614 0.79018763034396 0.025520833333333333 0.05740740740740741 
14 0.5674610614097778 0.574976762599249 0.08020833333333334 0.17777777777777778 
13 0.14946696295076525 0.7773330587565834 0.08125 0.17407407407407408 
4 0.6867832163173837 0.20528117322686257 0.026041666666666668 0.07222222222222222 
7 0.3462008049562086 0.17015204271202194 0.04114583333333333 0.11481481481481481 
29 0.6863531826899762 0.7978574647791061 0.0609375 0.13148148148148148 
30 0.9010630477981291 0.6560012494420953 0.028125 0.06759259259259259 
13 0.8123548939316253 0.6367096046075731 0.0046875 0.010185185185185186 
6 0.2976108374255969 0.20557713253863122 0.005729166666666666 0.014814814814814815 
22 0.029648855791115557 0.3058029062161119 0.034895833333333334 0.075 
20 0.8914119298746987 0.730369702080466 0.007291666666666667 0.040740740740740744 
32 0.24437525569279345 0.809299552793097 0.017708333333333333 0.03981481481481482 
17 0.7085607905532129 0.47995558276166517 0.058333333333333334 0.14814814814814814 
6 0.713999929164746 0.6222191867593602 0.034895833333333334 0.09814814814814815 
