0 0.40260416666666665 0.14444444444444443 0.04375 0.016666666666666666
1 0.23750000000000002 0.5337962962962962 0.040625 0.05092592592592592
36 0.22526041666666669 0.5305555555555556 0.0015625 0.003703703703703704 
36 0.22682291666666668 0.5305555555555556 0.0015625 0.003703703703703704 
31 0.22838541666666667 0.5305555555555556 0.0015625 0.003703703703703704 
10 0.23046875 0.5310185185185184 0.0015625 0.004629629629629629 
7 0.2315104166666667 0.5310185185185184 0.0015625 0.004629629629629629 
4 0.23255208333333335 0.5305555555555556 0.0015625 0.003703703703703704 
10 0.23411458333333335 0.5310185185185184 0.0015625 0.004629629629629629 
9 0.23515625 0.5305555555555556 0.0015625 0.003703703703703704 
11 0.23619791666666667 0.5310185185185184 0.0015625 0.004629629629629629 
8 0.23776041666666667 0.5310185185185184 0.0015625 0.004629629629629629 
5 0.23880208333333333 0.5310185185185184 0.0015625 0.004629629629629629 
7 0.23984375000000002 0.5310185185185184 0.0015625 0.004629629629629629 
