0 0.7002604166666666 0.6569444444444444 0.09427083333333333 0.03796296296296296
1 0.83203125 0.7958333333333333 0.08802083333333334 0.11018518518518519
37 0.8057291666666667 0.7902777777777777 0.003125 0.008333333333333333 
24 0.809375 0.7902777777777777 0.004166666666666667 0.008333333333333333 
21 0.8127604166666667 0.7902777777777777 0.0026041666666666665 0.008333333333333333 
9 0.8171875000000001 0.7902777777777777 0.003125 0.008333333333333333 
5 0.8197916666666667 0.7902777777777777 0.003125 0.008333333333333333 
11 0.8223958333333333 0.7902777777777777 0.003125 0.008333333333333333 
2 0.8263020833333333 0.7902777777777777 0.0026041666666666665 0.008333333333333333 
7 0.8291666666666667 0.7902777777777777 0.003125 0.008333333333333333 
8 0.8317708333333333 0.7902777777777777 0.003125 0.008333333333333333 
5 0.8359375 0.7902777777777777 0.003125 0.008333333333333333 
7 0.8385416666666667 0.7902777777777777 0.003125 0.008333333333333333 
6 0.8411458333333334 0.7902777777777777 0.003125 0.008333333333333333 
