14 0.8753185945696648 0.7713525277855772 0.04010416666666667 0.08796296296296297 
17 0.41202887866009813 0.41533223343220904 0.06510416666666667 0.1648148148148148 
2 0.5217505894718004 0.8482294480461133 0.05572916666666667 0.15925925925925927 
5 0.2696296440451664 0.49385314018160426 0.03333333333333333 0.09444444444444444 
28 0.10407842545348131 0.4186512390697788 0.07395833333333333 0.1638888888888889 
2 0.6361095423102908 0.8684809147250149 0.059375 0.16944444444444445 
24 0.6782300681200899 0.38548399235291225 0.028645833333333332 0.053703703703703705 
35 0.5853592556083729 0.13932115754512403 0.0671875 0.15555555555555556 
14 0.23470631584179708 0.2697659533751553 0.009375 0.020370370370370372 
10 0.14051442859981655 0.5504581895520064 0.05260416666666667 0.14814814814814814 
37 0.537793903942036 0.09815644124416535 0.021875 0.05555555555555555 
35 0.0476956597395958 0.7823691152227329 0.0328125 0.07592592592592592 
19 0.17661276511444268 0.4280508871615487 0.0765625 0.1648148148148148 
24 0.11128149797911309 0.47374280207685243 0.011458333333333333 0.021296296296296296 
2 0.6803555542268125 0.2048728057872629 0.0390625 0.1111111111111111 
7 0.028991805365613448 0.8865839886129653 0.021354166666666667 0.06018518518518518 
34 0.5350740778235301 0.24589021064661537 0.021354166666666667 0.03425925925925926 
9 0.6297399871006084 0.25757919389477696 0.013020833333333334 0.03611111111111111 
22 0.9329825415449949 0.7190474207810283 0.05520833333333333 0.1175925925925926 
23 0.06685557939306394 0.8428469842783168 0.05625 0.14166666666666666 
15 0.412270950622736 0.5296701025369134 0.025520833333333333 0.05462962962962963 
17 0.5124149696567212 0.4813369672909855 0.04375 0.1111111111111111 
