0 0.296875 0.5444444444444445 0.515625 0.20925925925925926
1 0.3763020833333333 0.312037037037037 0.4817708333333333 0.6055555555555555
12 0.23567708333333334 0.2810185185185185 0.0203125 0.04351851851851852 
36 0.2544270833333333 0.2810185185185185 0.019270833333333334 0.04351851851851852 
33 0.2734375 0.2810185185185185 0.01875 0.04351851851851852 
6 0.3 0.2810185185185185 0.015625 0.04351851851851852 
10 0.315625 0.28148148148148144 0.015625 0.044444444444444446 
7 0.33125 0.28194444444444444 0.015625 0.04351851851851852 
4 0.35625 0.2810185185185185 0.015625 0.04351851851851852 
2 0.371875 0.28148148148148144 0.015625 0.044444444444444446 
2 0.3875 0.28148148148148144 0.015625 0.044444444444444446 
4 0.4125 0.2810185185185185 0.015625 0.04351851851851852 
2 0.428125 0.28148148148148144 0.015625 0.044444444444444446 
5 0.44375 0.28148148148148144 0.015625 0.044444444444444446 
