0 0.16770833333333335 0.2111111111111111 0.16979166666666667 0.06851851851851852
1 0.08255208333333333 0.6458333333333333 0.15885416666666666 0.19907407407407407
12 0.03567708333333334 0.6356481481481481 0.0067708333333333336 0.013888888888888888 
19 0.04166666666666667 0.6356481481481481 0.00625 0.013888888888888888 
34 0.04921875 0.6356481481481481 0.008854166666666666 0.013888888888888888 
2 0.058854166666666666 0.6356481481481481 0.005208333333333333 0.013888888888888888 
9 0.0640625 0.6356481481481481 0.005208333333333333 0.013888888888888888 
11 0.06927083333333334 0.6356481481481481 0.005208333333333333 0.013888888888888888 
9 0.07760416666666667 0.6356481481481481 0.005208333333333333 0.013888888888888888 
11 0.08281250000000001 0.6356481481481481 0.005208333333333333 0.013888888888888888 
4 0.08802083333333334 0.6356481481481481 0.005208333333333333 0.013888888888888888 
3 0.09635416666666667 0.6356481481481481 0.005208333333333333 0.013888888888888888 
8 0.1015625 0.6356481481481481 0.005208333333333333 0.013888888888888888 
7 0.10677083333333334 0.6356481481481481 0.005208333333333333 0.013888888888888888 
