14 0.42110587545357325 0.7272330140986538 0.06458333333333334 0.1425925925925926 
22 0.15066195179588496 0.3485580674602127 0.0609375 0.13148148148148148 
21 0.44517952176984865 0.7568370543202412 0.0421875 0.11944444444444445 
31 0.898557425936035 0.1509429826345857 0.0421875 0.10740740740740741 
16 0.5818802843664952 0.25383804481211125 0.016145833333333335 0.037037037037037035 
28 0.2725616979967261 0.2508419211231376 0.0375 0.08333333333333333 
36 0.04142059778495848 0.3024173893492759 0.058854166666666666 0.13425925925925927 
26 0.3829844496952215 0.5121079184964471 0.07708333333333334 0.15925925925925927 
9 0.4581690139409869 0.8673326954587943 0.026041666666666668 0.07222222222222222 
24 0.84199882855134 0.8227771020325854 0.033854166666666664 0.06296296296296296 
36 0.38151068533200716 0.5595825953283476 0.07239583333333334 0.16666666666666666 
23 0.13485478837063394 0.8526939684719643 0.005729166666666666 0.014814814814814815 
8 0.5546344892534311 0.5778267696269306 0.020833333333333332 0.058333333333333334 
35 0.9302782021072107 0.27527086439339193 0.0265625 0.062037037037037036 
