14 0.7746014454544297 0.41371271456811864 0.0078125 0.017592592592592594 
24 0.6988086840357346 0.49661728490994506 0.06354166666666666 0.11851851851851852 
11 0.6007294957442801 0.13383077843657948 0.04375 0.12407407407407407 
33 0.18237412035302478 0.17434965451911866 0.034375 0.07962962962962963 
12 0.787496765760431 0.23766395629511608 0.07135416666666666 0.1527777777777778 
6 0.5027858649334009 0.13310427815550485 0.046875 0.13055555555555556 
18 0.5407161300259455 0.757821952670208 0.0625 0.1287037037037037 
31 0.36465140049732725 0.92015710384848 0.013020833333333334 0.032407407407407406 
37 0.615897992714299 0.750632067689284 0.03802083333333333 0.09722222222222222 
16 0.8304365474222479 0.3602105970238992 0.05260416666666667 0.12222222222222222 
22 0.8377664778183004 0.5952709895427162 0.0640625 0.13796296296296295 
27 0.4062317969300717 0.32540297840635735 0.049479166666666664 0.11574074074074074 
14 0.8376827951264759 0.7358271763485601 0.075 0.1675925925925926 
6 0.07363658633202302 0.5733513768735681 0.0036458333333333334 0.010185185185185186 
19 0.3469841247541641 0.7871554226182029 0.0828125 0.1787037037037037 
23 0.6443873296958943 0.7780116192325176 0.05677083333333333 0.14351851851851852 
4 0.5252206144971051 0.38103821716663294 0.05625 0.1574074074074074 
11 0.7343023144927462 0.7590316822462444 0.04583333333333333 0.12962962962962962 
14 0.5127919968418124 0.9141798913222917 0.06458333333333334 0.1425925925925926 
28 0.6515677770465772 0.37748808410902746 0.08385416666666666 0.18611111111111112 
31 0.8835082494671056 0.8777920275083014 0.034375 0.08703703703703704 
27 0.5443665259565487 0.6743462882869101 0.059375 0.1388888888888889 
27 0.9729974405552851 0.12112898429718176 0.0067708333333333336 0.01574074074074074 
15 0.7824089624480848 0.13280299918816774 0.058854166666666666 0.12685185185185185 
17 0.3767340200135638 0.505382180146212 0.0546875 0.1388888888888889 
21 0.6493238327681743 0.47156340300459254 0.017708333333333333 0.05092592592592592 
9 0.30768193208732936 0.2693954427799312 0.034895833333333334 0.09537037037037037 
18 0.7056304051513108 0.17862698829407392 0.07864583333333333 0.16203703703703703 
35 0.4082645272239774 0.4106084386299537 0.04114583333333333 0.09537037037037037 
19 0.4533213154642797 0.20187457062749836 0.0171875 0.037037037037037035 
22 0.36635089962124234 0.429906727359051 0.071875 0.15462962962962962 
2 0.4664262712105277 0.1742739954476993 0.05416666666666667 0.15555555555555556 
