0 0.5106770833333334 0.48888888888888893 0.0234375 0.009259259259259259
1 0.6630208333333334 0.5819444444444445 0.021875 0.026851851851851852
33 0.65625 0.5800925925925926 0.0010416666666666667 0.002777777777777778 
24 0.6572916666666666 0.5800925925925926 0.0010416666666666667 0.002777777777777778 
23 0.6583333333333333 0.5800925925925926 0.0010416666666666667 0.002777777777777778 
6 0.6598958333333333 0.5800925925925926 0.0010416666666666667 0.002777777777777778 
2 0.6604166666666667 0.5805555555555556 0.0010416666666666667 0.003703703703703704 
3 0.6606770833333333 0.5800925925925926 0.0005208333333333333 0.002777777777777778 
3 0.66171875 0.5800925925925926 0.0005208333333333333 0.002777777777777778 
7 0.6625 0.5805555555555556 0.0010416666666666667 0.003703703703703704 
4 0.6630208333333333 0.5800925925925926 0.0010416666666666667 0.002777777777777778 
8 0.6640625 0.5805555555555556 0.0010416666666666667 0.003703703703703704 
7 0.6645833333333333 0.5805555555555556 0.0010416666666666667 0.003703703703703704 
11 0.6651041666666666 0.5805555555555556 0.0010416666666666667 0.003703703703703704 
