0 0.6177083333333333 0.4393518518518519 0.5822916666666667 0.2361111111111111
1 0.6604166666666667 0.4046296296296296 0.54375 0.6833333333333333
21 0.49921875 0.37175925925925923 0.0171875 0.049074074074074076 
27 0.5182291666666666 0.3712962962962963 0.020833333333333332 0.04814814814814815 
22 0.5401041666666667 0.3712962962962963 0.022916666666666665 0.04814814814814815 
2 0.5700520833333332 0.3712962962962963 0.0171875 0.05 
8 0.5872395833333333 0.3712962962962963 0.0171875 0.05 
2 0.6044270833333333 0.3712962962962963 0.0171875 0.05 
4 0.6320312499999999 0.3708333333333333 0.0171875 0.049074074074074076 
7 0.64921875 0.37175925925925923 0.0171875 0.049074074074074076 
5 0.66640625 0.3712962962962963 0.0171875 0.05 
7 0.6940104166666666 0.37175925925925923 0.0171875 0.049074074074074076 
9 0.7111979166666667 0.3712962962962963 0.0171875 0.04814814814814815 
4 0.7283854166666667 0.3708333333333333 0.0171875 0.049074074074074076 
