0 0.7770833333333333 0.5625 0.40520833333333334 0.1638888888888889
1 0.6700520833333333 0.23797296296296297 0.37864583333333335 0.4759259259259259
22 0.5596354166666666 0.20787037037037037 0.016145833333333335 0.03425925925925926 
33 0.5744791666666667 0.20787037037037037 0.014583333333333334 0.03425925925925926 
31 0.5885416666666666 0.20787037037037037 0.013541666666666667 0.03425925925925926 
7 0.60859375 0.2087962962962963 0.011979166666666667 0.03425925925925926 
9 0.6205729166666667 0.20833333333333334 0.011979166666666667 0.03333333333333333 
7 0.6325520833333333 0.2087962962962963 0.011979166666666667 0.03425925925925926 
4 0.6518229166666667 0.20787037037037037 0.011979166666666667 0.03425925925925926 
10 0.6638020833333333 0.20833333333333334 0.011979166666666667 0.03518518518518519 
5 0.67578125 0.20833333333333334 0.011979166666666667 0.03518518518518519 
3 0.6950520833333333 0.20787037037037037 0.011979166666666667 0.03425925925925926 
3 0.70703125 0.20787037037037037 0.011979166666666667 0.03425925925925926 
6 0.7190104166666667 0.20787037037037037 0.011979166666666667 0.03425925925925926 
