0 0.6588541666666666 0.18472222222222223 0.184375 0.075
1 0.6919270833333333 0.31851851851851853 0.17239583333333333 0.21666666666666667
14 0.6416666666666667 0.30833333333333335 0.007291666666666667 0.014814814814814815 
30 0.6486979166666667 0.30833333333333335 0.0067708333333333336 0.014814814814814815 
23 0.6552083333333334 0.30833333333333335 0.00625 0.014814814814814815 
5 0.6640625 0.30833333333333335 0.005208333333333333 0.014814814814814815 
9 0.6692708333333333 0.30833333333333335 0.005208333333333333 0.014814814814814815 
4 0.6744791666666666 0.30833333333333335 0.005208333333333333 0.014814814814814815 
2 0.6828124999999999 0.30833333333333335 0.005208333333333333 0.014814814814814815 
5 0.6880208333333333 0.30833333333333335 0.005208333333333333 0.014814814814814815 
9 0.6932291666666667 0.30833333333333335 0.005208333333333333 0.014814814814814815 
6 0.7018229166666666 0.30833333333333335 0.005729166666666666 0.014814814814814815 
7 0.7067708333333333 0.30833333333333335 0.005208333333333333 0.014814814814814815 
8 0.7119791666666666 0.30833333333333335 0.005208333333333333 0.014814814814814815 
