14 0.5926585689278563 0.9067019021957667 0.0578125 0.1287037037037037 
28 0.5436859767957942 0.25980730420981335 0.00625 0.012962962962962963 
30 0.15745699092771384 0.3465806246474721 0.035416666666666666 0.08425925925925926 
5 0.1774968825380185 0.6382736914709526 0.04114583333333333 0.11666666666666667 
16 0.04298255492199801 0.5683602515289469 0.013541666666666667 0.03148148148148148 
26 0.35036530428900686 0.7373293936199034 0.08802083333333334 0.1814814814814815 
12 0.7245578106544179 0.7194716321406079 0.013541666666666667 0.028703703703703703 
33 0.7664546885412802 0.7689449141937936 0.06822916666666666 0.15833333333333333 
18 0.362487043412156 0.8900759862222491 0.071875 0.14722222222222223 
27 0.09233883538034132 0.5581934538985694 0.013541666666666667 0.03148148148148148 
23 0.317650355002311 0.60391651047044 0.05625 0.14166666666666666 
3 0.13649708144595063 0.33193301615456927 0.06197916666666667 0.17407407407407408 
34 0.4197103996995884 0.7712100227077145 0.103125 0.16944444444444445 
2 0.8706324294253736 0.7183381298395084 0.0625 0.17777777777777778 
