0 0.7622395833333333 0.924074074074074 0.09322916666666667 0.037037037037037035
1 0.94921875 0.6787037037037037 0.08697916666666666 0.10925925925925926
14 0.9236979166666667 0.673148148148148 0.0036458333333333334 0.007407407407407408 
19 0.92734375 0.673148148148148 0.0036458333333333334 0.007407407407407408 
17 0.9307291666666667 0.673148148148148 0.003125 0.007407407407407408 
8 0.93515625 0.673148148148148 0.0026041666666666665 0.007407407407407408 
3 0.9377604166666667 0.673148148148148 0.0026041666666666665 0.007407407407407408 
4 0.9403645833333334 0.673148148148148 0.0026041666666666665 0.007407407407407408 
9 0.94453125 0.673148148148148 0.0026041666666666665 0.007407407407407408 
8 0.9471354166666667 0.673148148148148 0.0026041666666666665 0.007407407407407408 
9 0.9497395833333334 0.673148148148148 0.0026041666666666665 0.007407407407407408 
9 0.9539062500000001 0.673148148148148 0.0026041666666666665 0.007407407407407408 
2 0.9565104166666667 0.673148148148148 0.0026041666666666665 0.007407407407407408 
11 0.9591145833333333 0.673148148148148 0.0026041666666666665 0.007407407407407408 
