0 0.971875 0.4199074074074074 0.011458333333333333 0.004629629629629629
1 0.07838541666666667 0.26944444444444443 0.0109375 0.012962962962962963
20 0.07473958333333333 0.26805555555555555 0.0005208333333333333 0.000925925925925926 
33 0.07473958333333333 0.26805555555555555 0.0005208333333333333 0.000925925925925926 
15 0.07526041666666666 0.26805555555555555 0.0005208333333333333 0.000925925925925926 
6 0.07578125 0.26805555555555555 0.0005208333333333333 0.000925925925925926 
7 0.07578125 0.26851851851851855 0.0005208333333333333 0.001851851851851852 
4 0.07578125 0.26805555555555555 0.0005208333333333333 0.000925925925925926 
7 0.07578125 0.26851851851851855 0.0005208333333333333 0.001851851851851852 
7 0.07578125 0.26851851851851855 0.0005208333333333333 0.001851851851851852 
4 0.07578125 0.26805555555555555 0.0005208333333333333 0.000925925925925926 
7 0.07578125 0.26851851851851855 0.0005208333333333333 0.001851851851851852 
8 0.07578125 0.26851851851851855 0.0005208333333333333 0.001851851851851852 
2 0.07578125 0.26851851851851855 0.0005208333333333333 0.001851851851851852 
