0 0.7151041666666667 0.7129629629629629 0.37916666666666665 0.1537037037037037
1 0.18020833333333333 0.4652777777777778 0.3541666666666667 0.44537037037037036
20 0.07213541666666667 0.4425925925925926 0.005729166666666666 0.03148148148148148 
36 0.08177083333333333 0.4425925925925926 0.014583333333333334 0.03148148148148148 
19 0.09583333333333334 0.4425925925925926 0.014583333333333334 0.03148148148148148 
6 0.11562499999999999 0.4425925925925926 0.011458333333333333 0.03148148148148148 
8 0.12708333333333333 0.4425925925925926 0.011458333333333333 0.03148148148148148 
9 0.13854166666666667 0.4425925925925926 0.011458333333333333 0.03148148148148148 
4 0.15677083333333333 0.4425925925925926 0.011458333333333333 0.03148148148148148 
10 0.16822916666666668 0.4425925925925926 0.011458333333333333 0.03148148148148148 
3 0.1796875 0.4425925925925926 0.011458333333333333 0.03148148148148148 
6 0.19791666666666669 0.4425925925925926 0.011458333333333333 0.03148148148148148 
8 0.209375 0.4425925925925926 0.011458333333333333 0.03148148148148148 
9 0.22083333333333335 0.4425925925925926 0.011458333333333333 0.03148148148148148 
