0 0.06536458333333334 0.512962962962963 0.06927083333333334 0.027777777777777776
1 0.10911458333333335 0.8083333333333333 0.06510416666666667 0.08148148148148149
20 0.0890625 0.8037037037037037 0.0010416666666666667 0.005555555555555556 
29 0.09088541666666666 0.8037037037037037 0.0026041666666666665 0.005555555555555556 
14 0.09348958333333333 0.8037037037037037 0.0026041666666666665 0.005555555555555556 
11 0.096875 0.8037037037037037 0.0020833333333333333 0.005555555555555556 
7 0.09895833333333333 0.8037037037037037 0.0020833333333333333 0.005555555555555556 
7 0.10104166666666667 0.8037037037037037 0.0020833333333333333 0.005555555555555556 
7 0.10416666666666666 0.8037037037037037 0.0020833333333333333 0.005555555555555556 
10 0.10625 0.8037037037037037 0.0020833333333333333 0.005555555555555556 
7 0.10833333333333332 0.8037037037037037 0.0020833333333333333 0.005555555555555556 
8 0.11145833333333333 0.8037037037037037 0.0020833333333333333 0.005555555555555556 
3 0.11354166666666667 0.8037037037037037 0.0020833333333333333 0.005555555555555556 
2 0.11562499999999999 0.8037037037037037 0.0020833333333333333 0.005555555555555556 
