0 0.5770833333333333 0.28750000000000003 0.23958333333333334 0.09722222222222222
1 0.8583333333333333 0.325 0.22395833333333334 0.2814814814814815
35 0.79296875 0.3115740740740741 0.008854166666666666 0.019444444444444445 
37 0.80078125 0.3115740740740741 0.0078125 0.019444444444444445 
23 0.80859375 0.3115740740740741 0.0078125 0.019444444444444445 
9 0.8203125 0.3115740740740741 0.007291666666666667 0.019444444444444445 
11 0.8276041666666667 0.3115740740740741 0.007291666666666667 0.019444444444444445 
4 0.8348958333333334 0.3115740740740741 0.007291666666666667 0.019444444444444445 
9 0.8463541666666666 0.3115740740740741 0.007291666666666667 0.019444444444444445 
8 0.8536458333333333 0.3115740740740741 0.007291666666666667 0.019444444444444445 
9 0.8609375 0.3115740740740741 0.007291666666666667 0.019444444444444445 
11 0.8723958333333334 0.3115740740740741 0.007291666666666667 0.019444444444444445 
11 0.8796875000000001 0.3115740740740741 0.007291666666666667 0.019444444444444445 
6 0.8869791666666667 0.3115740740740741 0.007291666666666667 0.019444444444444445 
