0 0.2888020833333333 0.30925925925925923 0.5515625 0.22407407407407406
1 0.5804687500000001 0.5046296296296297 0.5151041666666667 0.6481481481481481
35 0.42994791666666665 0.47314814814814815 0.0203125 0.046296296296296294 
17 0.44869791666666664 0.47314814814814815 0.018229166666666668 0.046296296296296294 
35 0.46796875 0.47314814814814815 0.0203125 0.046296296296296294 
7 0.49583333333333335 0.4740740740740741 0.016666666666666666 0.046296296296296294 
9 0.5125 0.47361111111111115 0.016666666666666666 0.04537037037037037 
5 0.5291666666666667 0.4736111111111111 0.016666666666666666 0.04722222222222222 
2 0.5557291666666666 0.4736111111111111 0.016666666666666666 0.04722222222222222 
6 0.5723958333333333 0.47314814814814815 0.016666666666666666 0.046296296296296294 
9 0.5890624999999999 0.47361111111111115 0.016666666666666666 0.04537037037037037 
7 0.615625 0.4740740740740741 0.016666666666666666 0.046296296296296294 
10 0.6322916666666666 0.4736111111111111 0.016666666666666666 0.04722222222222222 
2 0.6489583333333333 0.4736111111111111 0.016666666666666666 0.04722222222222222 
