15 0.045951361932064894 0.4634050170795064 0.078125 0.1675925925925926 
6 0.13093205251412285 0.40309980485044566 0.027083333333333334 0.075 
23 0.3587719958473133 0.8315398703591999 0.052083333333333336 0.13240740740740742 
30 0.7712144128730523 0.06863176413364214 0.003125 0.006481481481481481 
17 0.8625291692752551 0.15896400064486482 0.049479166666666664 0.1259259259259259 
24 0.11169474127008588 0.5349446549722531 0.05 0.09351851851851851 
6 0.40113484122417337 0.8992548659337434 0.0036458333333333334 0.010185185185185186 
3 0.4404541290185572 0.6097365555548234 0.034375 0.0962962962962963 
8 0.5594879976335803 0.2519912941390144 0.022395833333333334 0.06296296296296296 
22 0.8522667844231951 0.7381220353954823 0.0625 0.13425925925925927 
