15 0.7801671209014206 0.2195497222373581 0.05677083333333333 0.12222222222222222 
6 0.6764682046315713 0.5225989854230938 0.044270833333333336 0.12314814814814815 
36 0.07226367645443471 0.5352289650271772 0.05 0.11388888888888889 
15 0.1739161182143014 0.29881108914377635 0.028125 0.06111111111111111 
33 0.9457614832621749 0.5508163249691497 0.011979166666666667 0.026851851851851852 
15 0.17219232735687368 0.35143864743210795 0.06458333333333334 0.1388888888888889 
24 0.8907812772432971 0.5688686190702115 0.06927083333333334 0.1287037037037037 
28 0.8370279668070842 0.6825109037883659 0.07708333333333334 0.17222222222222222 
37 0.22553250756192247 0.5816590308072954 0.011458333333333333 0.028703703703703703 
10 0.5696602293677658 0.6516526283306243 0.008333333333333333 0.023148148148148147 
31 0.4811565965190209 0.5309290901617172 0.042708333333333334 0.10833333333333334 
18 0.8283482057093252 0.8427628457191852 0.016145833333333335 0.032407407407407406 
20 0.3824553335807948 0.2858659257333893 0.011458333333333333 0.06388888888888888 
7 0.06569669927343777 0.3678641794178402 0.058854166666666666 0.1638888888888889 
36 0.5700068370939644 0.19374801465984898 0.04010416666666667 0.09074074074074075 
15 0.07850236320720469 0.7678793179448551 0.03333333333333333 0.0712962962962963 
28 0.24456306696751906 0.22970825279799412 0.07604166666666666 0.16944444444444445 
