0 0.8145833333333333 0.7379629629629629 0.12916666666666668 0.05185185185185185
1 0.5377604166666666 0.7097222222222223 0.1203125 0.15092592592592594
29 0.5026041666666666 0.7023148148148148 0.005208333333333333 0.010185185185185186 
35 0.5070312499999999 0.7023148148148148 0.0046875 0.010185185185185186 
31 0.5114583333333333 0.7023148148148148 0.004166666666666667 0.010185185185185186 
11 0.5174479166666667 0.7023148148148148 0.0036458333333333334 0.010185185185185186 
8 0.52109375 0.7023148148148148 0.0036458333333333334 0.010185185185185186 
11 0.5247395833333334 0.7023148148148148 0.0036458333333333334 0.010185185185185186 
2 0.53046875 0.7023148148148148 0.0036458333333333334 0.010185185185185186 
3 0.5341145833333334 0.7023148148148148 0.0036458333333333334 0.010185185185185186 
7 0.5377604166666666 0.7023148148148148 0.0036458333333333334 0.010185185185185186 
5 0.5434895833333333 0.7023148148148148 0.0036458333333333334 0.010185185185185186 
5 0.5471354166666667 0.7023148148148148 0.0036458333333333334 0.010185185185185186 
10 0.55078125 0.7023148148148148 0.0036458333333333334 0.010185185185185186 
