15 0.12641340247624555 0.5799650759113586 0.009895833333333333 0.021296296296296296 
12 0.2477187052072261 0.6631137704584018 0.06197916666666667 0.13333333333333333 
30 0.4081173202042764 0.9109405976171742 0.051041666666666666 0.12222222222222222 
16 0.06823371059604642 0.3978347825949265 0.0140625 0.032407407407407406 
33 0.15224820091804248 0.3555937238686074 0.058333333333333334 0.13518518518518519 
36 0.7285879541254626 0.7441693784451737 0.052083333333333336 0.11944444444444445 
18 0.8342644705669715 0.215718862561963 0.0703125 0.14351851851851852 
5 0.4866391163272344 0.23935304634773322 0.040625 0.11574074074074074 
13 0.7129262280729196 0.10577596301429076 0.010416666666666666 0.022222222222222223 
6 0.7017473044991782 0.8480209928817085 0.04375 0.12222222222222222 
5 0.635225990435675 0.4440717769356412 0.019791666666666666 0.05648148148148148 
15 0.3771316472502186 0.2030412264861704 0.035416666666666666 0.07592592592592592 
2 0.8560645993575897 0.21714629857909065 0.020833333333333332 0.058333333333333334 
12 0.5635231739952725 0.48952513625810323 0.025 0.05277777777777778 
31 0.6824230493101737 0.8779717139186427 0.035416666666666666 0.08981481481481482 
16 0.7120222580972638 0.3258029760111869 0.06302083333333333 0.14629629629629629 
5 0.037064449847839076 0.793093593331515 0.0515625 0.14537037037037037 
10 0.05634466397530469 0.8278306003220811 0.04739583333333333 0.13425925925925927 
5 0.35698136698811267 0.4006019377747443 0.025520833333333333 0.07222222222222222 
29 0.5717973960148097 0.34073176861111765 0.05260416666666667 0.11296296296296296 
14 0.34142196020920423 0.4183222291717577 0.030208333333333334 0.06666666666666667 
15 0.5850157592603269 0.4681565223030806 0.07083333333333333 0.15185185185185185 
11 0.9373265653818295 0.41641027961185584 0.008333333333333333 0.022222222222222223 
