0 0.10833333333333334 0.8004629629629629 0.13645833333333332 0.05462962962962963
1 0.8322916666666667 0.09953703703703703 0.12708333333333333 0.16018518518518518
31 0.79453125 0.09074074074074073 0.0046875 0.011111111111111112 
17 0.79921875 0.09074074074074073 0.0046875 0.011111111111111112 
26 0.8044270833333332 0.09074074074074073 0.005729166666666666 0.011111111111111112 
3 0.8119791666666667 0.09074074074074073 0.004166666666666667 0.011111111111111112 
2 0.8161458333333333 0.09074074074074073 0.004166666666666667 0.011111111111111112 
3 0.8203125 0.09074074074074073 0.004166666666666667 0.011111111111111112 
3 0.8270833333333333 0.09074074074074073 0.004166666666666667 0.011111111111111112 
5 0.83125 0.09074074074074073 0.004166666666666667 0.011111111111111112 
2 0.8354166666666667 0.09074074074074073 0.004166666666666667 0.011111111111111112 
5 0.8421875 0.09074074074074073 0.004166666666666667 0.011111111111111112 
7 0.8463541666666666 0.09074074074074073 0.004166666666666667 0.011111111111111112 
4 0.8505208333333333 0.09074074074074073 0.004166666666666667 0.011111111111111112 
