15 0.6549631789828031 0.6363618353220222 0.0046875 0.010185185185185186 
15 0.3846228970592637 0.6670772262779547 0.016145833333333335 0.03518518518518519 
8 0.17822442599760194 0.893208999984645 0.0140625 0.040740740740740744 
2 0.06841524651005504 0.3537162292954689 0.058333333333333334 0.16574074074074074 
34 0.7165356168616264 0.16107132765882903 0.0921875 0.15092592592592594 
12 0.8894285343098149 0.6980956041909727 0.023958333333333335 0.05092592592592592 
15 0.7794791643355677 0.8143913638989462 0.019270833333333334 0.041666666666666664 
2 0.5430052863093976 0.3690614380151897 0.01875 0.053703703703703705 
19 0.6327667539282648 0.6972428819996972 0.03802083333333333 0.08148148148148149 
10 0.21541916734495448 0.25990013124311134 0.0375 0.10648148148148148 
31 0.6528321544911048 0.6870889998117821 0.03802083333333333 0.0962962962962963 
6 0.6360954032752157 0.5766507824737191 0.0140625 0.03981481481481482 
14 0.8433914535978199 0.6917416382771652 0.030729166666666665 0.06851851851851852 
33 0.5836929758986957 0.18724295424767518 0.07552083333333333 0.175 
