0 0.38671875 0.6819444444444445 0.1984375 0.08055555555555556
1 0.5369791666666667 0.7814814814814816 0.18541666666666667 0.23333333333333334
35 0.4822916666666667 0.7694444444444444 0.007291666666666667 0.016666666666666666 
37 0.48932291666666666 0.7694444444444444 0.0067708333333333336 0.016666666666666666 
19 0.49661458333333336 0.7694444444444444 0.0078125 0.016666666666666666 
3 0.5070312499999999 0.7694444444444444 0.005729166666666666 0.016666666666666666 
4 0.5127604166666666 0.7694444444444444 0.005729166666666666 0.016666666666666666 
9 0.5184895833333333 0.7694444444444444 0.005729166666666666 0.016666666666666666 
5 0.5278645833333333 0.7694444444444444 0.005729166666666666 0.016666666666666666 
7 0.53359375 0.7694444444444444 0.005729166666666666 0.016666666666666666 
3 0.5393229166666667 0.7694444444444444 0.005729166666666666 0.016666666666666666 
4 0.5486979166666666 0.7694444444444444 0.005729166666666666 0.016666666666666666 
5 0.5544270833333332 0.7694444444444444 0.005729166666666666 0.016666666666666666 
11 0.5601562499999999 0.7694444444444444 0.005729166666666666 0.016666666666666666 
