15 0.41242811469411633 0.5129682565635578 0.06302083333333333 0.1361111111111111 
16 0.6919810779444153 0.6905955633473574 0.011458333333333333 0.026851851851851852 
34 0.0793817189712325 0.6795286498281496 0.057291666666666664 0.09444444444444444 
19 0.3631442043970601 0.3704491440077329 0.06927083333333334 0.14907407407407408 
35 0.36053412929234335 0.794909019200887 0.0046875 0.010185185185185186 
24 0.7118873943006597 0.8031153534181809 0.058333333333333334 0.10833333333333334 
9 0.20160348060596803 0.8891811228121403 0.022395833333333334 0.062037037037037036 
11 0.7144563515152972 0.808936217685577 0.043229166666666666 0.12314814814814815 
30 0.4128771122181236 0.16062075899018377 0.065625 0.15833333333333333 
19 0.523304279850723 0.40558441335382983 0.0078125 0.017592592592592594 
28 0.6072160040497936 0.19995507894295422 0.07552083333333333 0.1685185185185185 
4 0.8513868876752745 0.5136366038550628 0.0640625 0.1787037037037037 
31 0.2755546239266585 0.571430682159996 0.020833333333333332 0.05277777777777778 
36 0.3259132263798413 0.06556940975550955 0.013020833333333334 0.027777777777777776 
21 0.24989032360092195 0.4879103835754582 0.0625 0.17685185185185184 
