0 0.7341145833333333 0.21250000000000002 0.4046875 0.1638888888888889
1 0.32734375000000004 0.33935185185185185 0.3776041666666667 0.475
36 0.21692708333333333 0.31527777777777777 0.015104166666666667 0.03425925925925926 
13 0.23229166666666667 0.31527777777777777 0.015625 0.03425925925925926 
22 0.24817708333333335 0.31527777777777777 0.016145833333333335 0.03425925925925926 
4 0.26901041666666664 0.31527777777777777 0.011979166666666667 0.03425925925925926 
2 0.28098958333333335 0.31574074074074077 0.011979166666666667 0.03518518518518519 
5 0.29296875 0.31574074074074077 0.011979166666666667 0.03518518518518519 
9 0.31223958333333335 0.3157407407407407 0.011979166666666667 0.03333333333333333 
8 0.32421875 0.31574074074074077 0.011979166666666667 0.03518518518518519 
11 0.33619791666666665 0.31574074074074077 0.011979166666666667 0.03518518518518519 
2 0.35546875 0.31574074074074077 0.011979166666666667 0.03518518518518519 
9 0.36744791666666665 0.3157407407407407 0.011979166666666667 0.03333333333333333 
8 0.3794270833333333 0.31574074074074077 0.011979166666666667 0.03518518518518519 
