0 0.08411458333333334 0.5680555555555556 0.05572916666666667 0.021296296296296296
1 0.65625 0.4925925925925926 0.052083333333333336 0.06481481481481481
18 0.6408854166666667 0.48935185185185187 0.0026041666666666665 0.004629629629629629 
21 0.6424479166666667 0.48935185185185187 0.0015625 0.004629629629629629 
18 0.64453125 0.48935185185185187 0.0026041666666666665 0.004629629629629629 
6 0.6473958333333334 0.48935185185185187 0.0020833333333333333 0.004629629629629629 
5 0.6486979166666667 0.48935185185185187 0.0015625 0.004629629629629629 
6 0.6505208333333334 0.48935185185185187 0.0020833333333333333 0.004629629629629629 
4 0.6528645833333333 0.48935185185185187 0.0015625 0.004629629629629629 
9 0.6544270833333333 0.48935185185185187 0.0015625 0.004629629629629629 
10 0.6559895833333332 0.48935185185185187 0.0015625 0.004629629629629629 
8 0.65859375 0.48935185185185187 0.0015625 0.004629629629629629 
5 0.66015625 0.48935185185185187 0.0015625 0.004629629629629629 
7 0.6619791666666667 0.48935185185185187 0.0020833333333333333 0.004629629629629629 
