15 0.4380933665202162 0.33734640060696164 0.059375 0.12685185185185185 
17 0.0954462231962357 0.3686475375339971 0.05625 0.14351851851851852 
29 0.11442036381424643 0.838494925139929 0.07760416666666667 0.16666666666666666 
3 0.6027775223806524 0.28549619619528266 0.04635416666666667 0.12962962962962962 
37 0.46762410894687295 0.30584204320550346 0.044270833333333336 0.11296296296296296 
36 0.4282889774252385 0.5402397818401581 0.075 0.17222222222222222 
27 0.3277036072786001 0.30794234786591346 0.005729166666666666 0.013888888888888888 
11 0.3607452769741124 0.8402701021899925 0.0640625 0.1814814814814815 
15 0.24693214260570542 0.44898411342167605 0.07291666666666667 0.1574074074074074 
33 0.8298703881151009 0.19816982182953097 0.0390625 0.08981481481481482 
16 0.5299927190976786 0.5151177870289076 0.0375 0.08703703703703704 
34 0.49297408506938745 0.9502638005570367 0.017708333333333333 0.028703703703703703 
21 0.6990255762810703 0.6160306272775238 0.020833333333333332 0.05925925925925926 
18 0.4303818697016387 0.6247335553502631 0.06927083333333334 0.1425925925925926 
10 0.8875852052421279 0.5760685867444579 0.0625 0.17777777777777778 
15 0.5953251387338149 0.2995764812449324 0.044270833333333336 0.09444444444444444 
9 0.766925290352451 0.1912439815697936 0.034895833333333334 0.0962962962962963 
20 0.345317143867882 0.9423081956801321 0.0067708333333333336 0.03796296296296296 
35 0.7395748211324517 0.2158900988129152 0.06614583333333333 0.1527777777777778 
9 0.5686144783372759 0.9201635337449964 0.028645833333333332 0.0787037037037037 
8 0.18893865510826555 0.6896911228390465 0.042708333333333334 0.12129629629629629 
32 0.2916951190090401 0.8611973465502842 0.06458333333333334 0.14074074074074075 
