0 0.7388020833333333 0.42962962962962964 0.4869791666666667 0.19814814814814816
1 0.3799479166666667 0.44907407407407407 0.4546875 0.5722222222222222
37 0.24609375 0.4203703703703704 0.016145833333333335 0.040740740740740744 
24 0.26510416666666664 0.4203703703703704 0.021875 0.040740740740740744 
27 0.2846354166666667 0.4203703703703704 0.0171875 0.040740740740740744 
6 0.30937499999999996 0.4203703703703704 0.014583333333333334 0.040740740740740744 
3 0.3239583333333333 0.4203703703703704 0.014583333333333334 0.040740740740740744 
10 0.33854166666666663 0.42083333333333334 0.014583333333333334 0.041666666666666664 
3 0.36197916666666663 0.4203703703703704 0.014583333333333334 0.040740740740740744 
10 0.37656249999999997 0.42083333333333334 0.014583333333333334 0.041666666666666664 
5 0.3911458333333333 0.42083333333333334 0.014583333333333334 0.041666666666666664 
5 0.4145833333333333 0.42083333333333334 0.014583333333333334 0.041666666666666664 
2 0.42916666666666664 0.42083333333333334 0.014583333333333334 0.041666666666666664 
3 0.44375 0.4203703703703704 0.014583333333333334 0.040740740740740744 
