15 0.7352973492183699 0.6737918046742672 0.0671875 0.14444444444444443 
19 0.5405793119693408 0.7932131986271764 0.043229166666666666 0.09351851851851851 
17 0.5063281410072284 0.8737801058615833 0.0265625 0.06666666666666667 
6 0.919745792661958 0.2400194812681696 0.03125 0.08703703703703704 
33 0.684514575483053 0.26186829524217115 0.0359375 0.08333333333333333 
34 0.16072071800412835 0.8728011810161403 0.08854166666666667 0.14537037037037037 
20 0.5115528802631406 0.23128205163159005 0.013541666666666667 0.07592592592592592 
16 0.62812616114198 0.855957231609147 0.0734375 0.1712962962962963 
6 0.4505876341023705 0.8001241778252893 0.0234375 0.06574074074074074 
20 0.22529771913809138 0.9456147442725418 0.015104166666666667 0.08333333333333333 
2 0.33828017316299414 0.23196026220073893 0.0234375 0.06666666666666667 
24 0.6943673717173969 0.4105847306207384 0.09270833333333334 0.17222222222222222 
11 0.6974862836721022 0.6922093132803289 0.003125 0.008333333333333333 
34 0.05555562197212808 0.7785332899200921 0.016145833333333335 0.025925925925925925 
35 0.23382558221379235 0.5115942353105071 0.03854166666666667 0.08888888888888889 
14 0.7622076434749447 0.8408526684993624 0.014583333333333334 0.03148148148148148 
37 0.5450264906993941 0.4414467666419396 0.019791666666666666 0.05 
8 0.3231758484781611 0.5290542608480803 0.005208333333333333 0.014814814814814815 
6 0.3028428906628841 0.14243008896168613 0.023958333333333335 0.06666666666666667 
6 0.46452492893176567 0.8777386911841386 0.034895833333333334 0.09722222222222222 
31 0.6997302384478287 0.43517816066009724 0.05416666666666667 0.13796296296296295 
13 0.6237936681971468 0.838353358703956 0.0515625 0.1111111111111111 
19 0.3283200954662167 0.6428156944821287 0.06197916666666667 0.13333333333333333 
27 0.19556803519338956 0.6037676932075359 0.04375 0.10185185185185185 
9 0.77003069506553 0.7361020119773305 0.05260416666666667 0.14444444444444443 
18 0.21781982021763396 0.6039953500222361 0.08125 0.1675925925925926 
9 0.7278041099158441 0.6227042627304027 0.053125 0.14537037037037037 
35 0.704472522840438 0.7882761371438862 0.034375 0.0787037037037037 
35 0.9598112396276761 0.06553198877228852 0.020833333333333332 0.04814814814814815 
23 0.7732597282024353 0.22830026637806977 0.007291666666666667 0.017592592592592594 
2 0.78309744094537 0.3310507085252502 0.057291666666666664 0.1638888888888889 
32 0.2377261459895072 0.6381357296107562 0.07864583333333333 0.17222222222222222 
