0 0.6786458333333334 0.27546296296296297 0.30833333333333335 0.125
1 0.6190104166666667 0.22546296296296298 0.28802083333333334 0.36203703703703705
24 0.5361979166666667 0.2074074074074074 0.0140625 0.025925925925925925 
16 0.5486979166666667 0.2074074074074074 0.0109375 0.025925925925925925 
26 0.5606770833333333 0.2074074074074074 0.013020833333333334 0.025925925925925925 
9 0.5776041666666666 0.2074074074074074 0.009375 0.025925925925925925 
2 0.5869791666666666 0.2074074074074074 0.009375 0.025925925925925925 
5 0.5963541666666666 0.2074074074074074 0.009375 0.025925925925925925 
4 0.6114583333333333 0.2074074074074074 0.009375 0.025925925925925925 
2 0.6208333333333332 0.2074074074074074 0.009375 0.025925925925925925 
9 0.6302083333333333 0.2074074074074074 0.009375 0.025925925925925925 
6 0.6453125 0.2074074074074074 0.009375 0.025925925925925925 
5 0.6546875 0.2074074074074074 0.009375 0.025925925925925925 
11 0.6640625 0.2074074074074074 0.009375 0.025925925925925925 
