0 0.5515625 0.18518518518518517 0.5072916666666667 0.20555555555555555
1 0.5989583333333334 0.524537037037037 0.4739583333333333 0.5953703703703703
32 0.4609375 0.4949074074074074 0.019791666666666666 0.04351851851851852 
12 0.48072916666666665 0.49444444444444446 0.019791666666666666 0.04259259259259259 
24 0.5020833333333333 0.49444444444444446 0.022916666666666665 0.04259259259259259 
6 0.5299479166666666 0.49444444444444446 0.015104166666666667 0.04259259259259259 
11 0.5450520833333333 0.4949074074074074 0.015104166666666667 0.04351851851851852 
2 0.56015625 0.4949074074074074 0.015104166666666667 0.04351851851851852 
6 0.5841145833333333 0.49444444444444446 0.015104166666666667 0.04259259259259259 
3 0.59921875 0.49444444444444446 0.015104166666666667 0.04259259259259259 
11 0.6143229166666667 0.4949074074074074 0.015104166666666667 0.04351851851851852 
9 0.63828125 0.4949074074074074 0.015104166666666667 0.041666666666666664 
8 0.6533854166666667 0.4949074074074074 0.015104166666666667 0.04351851851851852 
10 0.6684895833333333 0.4949074074074074 0.015104166666666667 0.04351851851851852 
