0 0.2950520833333333 0.39537037037037037 0.4119791666666667 0.16666666666666666
1 0.57890625 0.4083333333333333 0.3848958333333333 0.48333333333333334
18 0.4669270833333333 0.3847222222222222 0.0171875 0.03611111111111111 
15 0.48359375 0.3847222222222222 0.016145833333333335 0.03425925925925926 
18 0.5002604166666667 0.3847222222222222 0.0171875 0.03611111111111111 
2 0.5223958333333333 0.3847222222222222 0.0125 0.03611111111111111 
6 0.5348958333333333 0.38425925925925924 0.0125 0.03518518518518519 
3 0.5473958333333333 0.38425925925925924 0.0125 0.03518518518518519 
2 0.5671875 0.3847222222222222 0.0125 0.03611111111111111 
9 0.5796875 0.3847222222222222 0.0125 0.03425925925925926 
2 0.5921875 0.3847222222222222 0.0125 0.03611111111111111 
8 0.6119791666666666 0.3847222222222222 0.0125 0.03611111111111111 
3 0.6244791666666667 0.38425925925925924 0.0125 0.03518518518518519 
5 0.6369791666666667 0.3847222222222222 0.0125 0.03611111111111111 
