15 0.06001928250308164 0.5964012334170211 0.04895833333333333 0.10555555555555556 
27 0.2664030448336185 0.502735759878606 0.065625 0.1527777777777778 
12 0.6501209496493356 0.8652990662675026 0.0375 0.08055555555555556 
14 0.055124789068098104 0.29600146505133623 0.06302083333333333 0.1398148148148148 
19 0.343650418819155 0.3483574285114 0.0234375 0.05 
23 0.09188865967668845 0.35714766561844236 0.0546875 0.13703703703703704 
10 0.0826399611474974 0.9217968762165591 0.024479166666666666 0.06851851851851852 
26 0.8621776720961528 0.7290596101156673 0.08125 0.1675925925925926 
2 0.07372239473823523 0.30102617836439916 0.029166666666666667 0.08148148148148149 
37 0.6224323077263708 0.49877321131195335 0.0375 0.09444444444444444 
2 0.5171342123948904 0.19967426113027448 0.027083333333333334 0.07592592592592592 
10 0.06668533210941717 0.5302318256335139 0.024479166666666666 0.06944444444444445 
19 0.7468959858175808 0.12014977349049573 0.023958333333333335 0.05185185185185185 
20 0.2866909045029517 0.6914174653561505 0.018229166666666668 0.10185185185185185 
21 0.5425201318872201 0.42955868525088015 0.0484375 0.13703703703703704 
32 0.2768304973616685 0.18964897256771746 0.071875 0.1574074074074074 
8 0.3392055273489319 0.7155925654359274 0.016145833333333335 0.046296296296296294 
12 0.6129528820355581 0.719929905415879 0.027604166666666666 0.05925925925925926 
9 0.44750803835379876 0.8223733715102074 0.0109375 0.02962962962962963 
11 0.6402164135441689 0.4628817547570876 0.046875 0.13333333333333333 
31 0.7349485129966125 0.4992027252334206 0.0203125 0.05185185185185185 
17 0.6256097061863936 0.8962586794843866 0.009895833333333333 0.025 
35 0.08158686361580024 0.10286941238495965 0.023958333333333335 0.05462962962962963 
