0 0.8822916666666667 0.3851851851851852 0.13854166666666667 0.05555555555555555
1 0.4122395833333333 0.6666666666666666 0.1296875 0.16296296296296298
23 0.37369791666666663 0.6583333333333333 0.0046875 0.011111111111111112 
19 0.37864583333333335 0.6583333333333333 0.005208333333333333 0.011111111111111112 
37 0.38359374999999996 0.6583333333333333 0.0046875 0.011111111111111112 
11 0.390625 0.6583333333333333 0.004166666666666667 0.011111111111111112 
11 0.39479166666666665 0.6583333333333333 0.004166666666666667 0.011111111111111112 
5 0.3989583333333333 0.6583333333333333 0.004166666666666667 0.011111111111111112 
6 0.40572916666666664 0.6583333333333333 0.004166666666666667 0.011111111111111112 
5 0.40989583333333335 0.6583333333333333 0.004166666666666667 0.011111111111111112 
10 0.4140625 0.6583333333333333 0.004166666666666667 0.011111111111111112 
4 0.42083333333333334 0.6583333333333333 0.004166666666666667 0.011111111111111112 
4 0.425 0.6583333333333333 0.004166666666666667 0.011111111111111112 
8 0.42916666666666664 0.6583333333333333 0.004166666666666667 0.011111111111111112 
