0 0.6638020833333333 0.3282407407407407 0.4630208333333333 0.18796296296296297
1 0.5247395833333334 0.3449074074074074 0.4328125 0.5435185185185185
14 0.3984375 0.3175925925925926 0.017708333333333333 0.040740740740740744 
30 0.415625 0.3175925925925926 0.016666666666666666 0.040740740740740744 
19 0.4328125 0.3175925925925926 0.017708333333333333 0.03888888888888889 
3 0.45677083333333335 0.3175925925925926 0.013541666666666667 0.03888888888888889 
9 0.4703125 0.31805555555555554 0.013541666666666667 0.03796296296296296 
6 0.4838541666666667 0.3175925925925926 0.013541666666666667 0.03888888888888889 
2 0.5057291666666667 0.3180555555555556 0.013541666666666667 0.03981481481481482 
8 0.5192708333333332 0.3180555555555556 0.013541666666666667 0.03981481481481482 
8 0.5328124999999999 0.3180555555555556 0.013541666666666667 0.03981481481481482 
4 0.5546875 0.3175925925925926 0.013541666666666667 0.03888888888888889 
8 0.5682291666666666 0.3180555555555556 0.013541666666666667 0.03981481481481482 
3 0.5817708333333332 0.3175925925925926 0.013541666666666667 0.03888888888888889 
