0 0.6861979166666666 0.16064814814814815 0.5046875 0.20462962962962963
1 0.4940104166666667 0.33425925925925926 0.4713541666666667 0.5925925925925926
12 0.3567708333333333 0.30462962962962964 0.019791666666666666 0.04259259259259259 
20 0.37057291666666664 0.30462962962962964 0.0078125 0.04259259259259259 
26 0.38515625 0.3046296296296296 0.021354166666666667 0.044444444444444446 
10 0.4122395833333333 0.3050925925925926 0.015104166666666667 0.04351851851851852 
7 0.42734375 0.3055555555555556 0.015104166666666667 0.04259259259259259 
6 0.44244791666666666 0.30462962962962964 0.015104166666666667 0.04259259259259259 
5 0.46640625 0.3050925925925926 0.015104166666666667 0.04351851851851852 
3 0.48151041666666666 0.30462962962962964 0.015104166666666667 0.04259259259259259 
10 0.49661458333333336 0.3050925925925926 0.015104166666666667 0.04351851851851852 
3 0.5205729166666667 0.30462962962962964 0.015104166666666667 0.04259259259259259 
8 0.5356770833333333 0.3050925925925926 0.015104166666666667 0.04351851851851852 
2 0.55078125 0.3050925925925926 0.015104166666666667 0.04351851851851852 
