0 0.38359375 0.11805555555555555 0.5234375 0.21203703703703702
1 0.5361979166666667 0.5388888888888889 0.4890625 0.6148148148148148
29 0.39348958333333334 0.5078703703703704 0.0203125 0.04351851851851852 
26 0.4145833333333333 0.5078703703703703 0.021875 0.04537037037037037 
23 0.43411458333333336 0.5078703703703704 0.0171875 0.04351851851851852 
4 0.45989583333333334 0.5074074074074074 0.015625 0.044444444444444446 
8 0.47552083333333334 0.5078703703703703 0.015625 0.04537037037037037 
8 0.49114583333333334 0.5078703703703703 0.015625 0.04537037037037037 
9 0.5161458333333333 0.5078703703703704 0.015625 0.04351851851851852 
4 0.5317708333333333 0.5074074074074074 0.015625 0.044444444444444446 
4 0.5473958333333333 0.5074074074074074 0.015625 0.044444444444444446 
6 0.5723958333333333 0.5074074074074074 0.015625 0.044444444444444446 
6 0.5880208333333333 0.5074074074074074 0.015625 0.044444444444444446 
11 0.6036458333333333 0.5078703703703703 0.015625 0.04537037037037037 
