15 0.6876784268652374 0.22308285841418474 0.07447916666666667 0.16018518518518518 
35 0.4726931325908746 0.25483227704353395 0.05520833333333333 0.12777777777777777 
29 0.7280661328372318 0.48191217665565567 0.0390625 0.08333333333333333 
22 0.8062624629812998 0.5582506940203108 0.0671875 0.14444444444444443 
33 0.2912104024551185 0.5551703145191819 0.0234375 0.053703703703703705 
17 0.23371054778802192 0.9622744769908093 0.015104166666666667 0.03888888888888889 
12 0.7296773136406978 0.25405483667039447 0.052083333333333336 0.11203703703703703 
17 0.4107801107042734 0.9076167623956035 0.0109375 0.026851851851851852 
11 0.5200077335231628 0.8924399952270472 0.028125 0.0787037037037037 
21 0.9132190549345157 0.19958043026147143 0.0375 0.10555555555555556 
12 0.35836896661341494 0.5058285725251507 0.013541666666666667 0.028703703703703703 
6 0.12086608220849775 0.13553069475621296 0.005729166666666666 0.014814814814814815 
20 0.25010944372953625 0.2564729756177247 0.014583333333333334 0.08055555555555556 
10 0.15338778194203487 0.15313927869146843 0.05 0.14166666666666666 
21 0.7894978988171293 0.648071582814941 0.05364583333333333 0.15185185185185185 
9 0.8519579940125186 0.8815775352793026 0.013020833333333334 0.03518518518518519 
6 0.7013685857618318 0.41997226400597637 0.005208333333333333 0.013888888888888888 
21 0.41060114784309626 0.31474940306591903 0.0296875 0.08333333333333333 
10 0.811317468578194 0.29180124454553963 0.043229166666666666 0.12314814814814815 
12 0.6029303264152766 0.2535794555328398 0.00625 0.012962962962962963 
31 0.7787448543673485 0.46183677787322813 0.016145833333333335 0.040740740740740744 
36 0.7004252885406815 0.5153821832520484 0.0067708333333333336 0.013888888888888888 
18 0.7261975784071141 0.6750035386504492 0.016666666666666666 0.03518518518518519 
18 0.9141863931032191 0.22681296832407735 0.0578125 0.11944444444444445 
13 0.8381148095444203 0.10536559458549791 0.028645833333333332 0.062037037037037036 
20 0.08083463007105968 0.5783902684417537 0.0203125 0.11296296296296296 
15 0.695817319657823 0.8243746866848652 0.06614583333333333 0.14166666666666666 
35 0.3681239732070897 0.47815832868283836 0.0359375 0.08333333333333333 
11 0.04269498702780882 0.7577649617010929 0.03229166666666667 0.09074074074074075 
16 0.23696689335229762 0.1398829037305312 0.058854166666666666 0.13703703703703704 
