0 0.5791666666666667 0.5268518518518519 0.5791666666666667 0.2351851851851852
1 0.5231770833333333 0.4046296296296296 0.5411458333333333 0.6796296296296296
14 0.3653645833333333 0.3712962962962963 0.022395833333333334 0.05 
18 0.3888020833333334 0.3712962962962963 0.024479166666666666 0.05 
34 0.4158854166666667 0.3712962962962963 0.0296875 0.04814814814814815 
8 0.44973958333333336 0.3712962962962963 0.0171875 0.05 
10 0.4669270833333333 0.3712962962962963 0.0171875 0.05 
11 0.48411458333333335 0.3712962962962963 0.0171875 0.05 
9 0.51171875 0.3712962962962963 0.0171875 0.04814814814814815 
2 0.5289062499999999 0.3712962962962963 0.0171875 0.05 
9 0.5460937499999999 0.3712962962962963 0.0171875 0.04814814814814815 
9 0.5736979166666666 0.3712962962962963 0.0171875 0.04814814814814815 
2 0.5908854166666666 0.3712962962962963 0.0171875 0.05 
8 0.6080729166666666 0.3712962962962963 0.0171875 0.05 
