0 0.371875 0.7250000000000001 0.14791666666666667 0.05925925925925926
1 0.9234374999999999 0.23055555555555557 0.13854166666666667 0.17407407407407408
21 0.8817708333333333 0.22083333333333333 0.004166666666666667 0.012037037037037037 
12 0.88671875 0.22083333333333333 0.005729166666666666 0.012037037037037037 
14 0.8924479166666666 0.22083333333333333 0.005729166666666666 0.012037037037037037 
4 0.9 0.22083333333333333 0.004166666666666667 0.012037037037037037 
6 0.9041666666666667 0.22083333333333333 0.004166666666666667 0.012037037037037037 
4 0.9083333333333333 0.22083333333333333 0.004166666666666667 0.012037037037037037 
11 0.9151041666666666 0.22083333333333333 0.004166666666666667 0.012037037037037037 
5 0.9192708333333334 0.22083333333333333 0.004166666666666667 0.012037037037037037 
11 0.9234375 0.22083333333333333 0.004166666666666667 0.012037037037037037 
3 0.9302083333333333 0.22083333333333333 0.004166666666666667 0.012037037037037037 
9 0.934375 0.22083333333333333 0.004166666666666667 0.012037037037037037 
9 0.9385416666666666 0.22083333333333333 0.004166666666666667 0.012037037037037037 
