16 0.10816782051978557 0.9792602701041713 0.013020833333333334 0.02962962962962963 
5 0.8309015696769166 0.24903996978304727 0.04114583333333333 0.11666666666666667 
6 0.16844310459523684 0.22712769750912115 0.03333333333333333 0.09351851851851851 
17 0.8228051063884129 0.8617265221126714 0.0640625 0.16296296296296298 
30 0.6902274879984388 0.4476426450298874 0.015625 0.03796296296296296 
9 0.4004072046396158 0.22201812455868142 0.04010416666666667 0.11018518518518519 
15 0.46299461380890955 0.31849957145897695 0.06666666666666667 0.14351851851851852 
36 0.3495384017647623 0.8521249257061247 0.011979166666666667 0.025925925925925925 
34 0.4438170595749576 0.3692765498708947 0.07447916666666667 0.12222222222222222 
2 0.3658166657586825 0.6980618306289776 0.040625 0.11574074074074074 
17 0.26874704177457337 0.8389055247690672 0.03333333333333333 0.08425925925925926 
27 0.5679997071980689 0.6572228451787138 0.071875 0.16666666666666666 
23 0.9483328704498315 0.1761651433968019 0.03177083333333333 0.08055555555555556 
32 0.5822739066518006 0.8270564399211519 0.044270833333333336 0.0962962962962963 
37 0.92979575790825 0.5764574162995557 0.04479166666666667 0.11388888888888889 
23 0.8183329144147299 0.6781405818463611 0.042708333333333334 0.10833333333333334 
12 0.317174401317931 0.3818166944189761 0.026041666666666668 0.05555555555555555 
30 0.20947514437467507 0.6363727258904212 0.0671875 0.16203703703703703 
20 0.7827964348757176 0.8638768071974053 0.011979166666666667 0.06666666666666667 
