16 0.3459387179728151 0.6272829321570778 0.057291666666666664 0.13425925925925927 
12 0.4128113863669569 0.3845041732629817 0.028645833333333332 0.06111111111111111 
6 0.23616902517837152 0.21454811485061123 0.06145833333333333 0.17222222222222222 
23 0.3358890059397528 0.7708353503965533 0.0640625 0.16203703703703703 
2 0.5665767819906906 0.9542015263394161 0.0036458333333333334 0.010185185185185186 
6 0.3476237486473344 0.5886104557049344 0.034375 0.0962962962962963 
21 0.5978623472564943 0.3901873386902112 0.0375 0.10648148148148148 
3 0.6832691251961691 0.7108931254863231 0.03333333333333333 0.09351851851851851 
21 0.5667110009694231 0.8928154192886898 0.0515625 0.14629629629629629 
13 0.3770261962937056 0.41088636103810355 0.014583333333333334 0.03148148148148148 
16 0.2932448824685856 0.33487772663114507 0.011979166666666667 0.027777777777777776 
36 0.21601379785037472 0.426040092414235 0.0265625 0.05925925925925926 
12 0.10610363230189546 0.9116343123604713 0.016666666666666666 0.03518518518518519 
5 0.5281807521315784 0.5343876102326582 0.0265625 0.07407407407407407 
34 0.37504641011617557 0.8129215913135212 0.10833333333333334 0.17777777777777778 
13 0.4379365306811713 0.6722928457864389 0.07291666666666667 0.15648148148148147 
16 0.4043428271461784 0.6858428192326647 0.028645833333333332 0.06666666666666667 
29 0.10843437074585056 0.358442068397137 0.07135416666666666 0.1537037037037037 
28 0.5341018933862314 0.3658634997844636 0.020833333333333332 0.046296296296296294 
32 0.8691865667082906 0.5749175817762184 0.07447916666666667 0.16296296296296298 
28 0.7368074957547375 0.8877217367339706 0.07552083333333333 0.1685185185185185 
10 0.735165470396357 0.9242881475371454 0.04114583333333333 0.11666666666666667 
17 0.38033809806284025 0.33395056295755127 0.04739583333333333 0.12037037037037036 
12 0.6387612538861556 0.7998389644277122 0.0640625 0.13796296296296295 
9 0.9596131845366196 0.23916659989988576 0.022916666666666665 0.06296296296296296 
24 0.4748406554705358 0.18216200809630195 0.0296875 0.05462962962962963 
4 0.30547867634459114 0.8155190318699037 0.04010416666666667 0.11203703703703703 
29 0.8389579972991432 0.3683421869094815 0.04739583333333333 0.10185185185185185 
36 0.18925706727737038 0.40339915199159965 0.03333333333333333 0.07592592592592592 
14 0.9292199800344457 0.17673313907310834 0.050520833333333334 0.11203703703703703 
2 0.5208301378531256 0.8783158395564196 0.025520833333333333 0.07222222222222222 
37 0.7798908013749963 0.7562695275364504 0.043229166666666666 0.10925925925925926 
21 0.13455985972324394 0.3173941510042705 0.00625 0.017592592592592594 
30 0.5329053872676022 0.8853684226842903 0.05572916666666667 0.13333333333333333 
7 0.2629133717293932 0.5421757507159557 0.019791666666666666 0.05555555555555555 
