16 0.4186782789790055 0.7541298987226126 0.07395833333333333 0.17222222222222222 
14 0.8250669631665282 0.5751424562792911 0.06145833333333333 0.13518518518518519 
32 0.2949710092256184 0.8889718820488228 0.0578125 0.1259259259259259 
35 0.3574795657618786 0.7112982018684191 0.0296875 0.06851851851851852 
12 0.14000096990424657 0.5884757122009353 0.0328125 0.07037037037037037 
27 0.3460507618775594 0.47444273848767854 0.071875 0.1675925925925926 
19 0.7782436895603031 0.4097530887455303 0.034895833333333334 0.07592592592592592 
16 0.8378574499737202 0.5584866399774948 0.03697916666666667 0.08518518518518518 
2 0.21917280094849698 0.21615107798338196 0.00625 0.017592592592592594 
11 0.8941760782920235 0.39339514919094365 0.043229166666666666 0.12314814814814815 
18 0.6271510706309303 0.8125096521074502 0.07760416666666667 0.16111111111111112 
6 0.6458812078944961 0.8962566062415807 0.04635416666666667 0.12962962962962962 
11 0.4277457790827883 0.8932821668069579 0.034375 0.09814814814814815 
33 0.16917669782833997 0.25985441071453935 0.0125 0.028703703703703703 
29 0.46584860236776887 0.8554857995864342 0.036458333333333336 0.07777777777777778 
7 0.556688932483256 0.6078346319117648 0.016666666666666666 0.04722222222222222 
30 0.9365558608265822 0.07321523729781966 0.035416666666666666 0.08425925925925926 
3 0.6226732034140895 0.10340129780804413 0.027604166666666666 0.07685185185185185 
33 0.43856187663927815 0.5426162376523878 0.026041666666666668 0.06018518518518518 
30 0.436618017981996 0.36871943987414574 0.05677083333333333 0.13518518518518519 
