0 0.7736979166666667 0.7912037037037037 0.03177083333333333 0.012037037037037037
1 0.3763020833333333 0.48796296296296293 0.0296875 0.037037037037037035
33 0.36744791666666665 0.48564814814814816 0.0015625 0.002777777777777778 
20 0.36796875 0.48564814814814816 0.0005208333333333333 0.002777777777777778 
14 0.3690104166666667 0.4861111111111111 0.0015625 0.003703703703703704 
11 0.37031250000000004 0.4861111111111111 0.0010416666666666667 0.003703703703703704 
7 0.3713541666666667 0.4861111111111111 0.0010416666666666667 0.003703703703703704 
3 0.37239583333333337 0.48564814814814816 0.0010416666666666667 0.002777777777777778 
8 0.37395833333333334 0.4861111111111111 0.0010416666666666667 0.003703703703703704 
11 0.375 0.4861111111111111 0.0010416666666666667 0.003703703703703704 
8 0.3760416666666667 0.4861111111111111 0.0010416666666666667 0.003703703703703704 
3 0.3776041666666667 0.48564814814814816 0.0010416666666666667 0.002777777777777778 
2 0.37864583333333335 0.4861111111111111 0.0010416666666666667 0.003703703703703704 
9 0.3796875 0.48564814814814816 0.0010416666666666667 0.002777777777777778 
