0 0.6541666666666667 0.46759259259259256 0.45729166666666665 0.18518518518518517
1 0.6713541666666667 0.36944444444444446 0.4270833333333333 0.5370370370370371
14 0.546875 0.3425925925925926 0.017708333333333333 0.040740740740740744 
16 0.5640625 0.34259259259259256 0.016666666666666666 0.03888888888888889 
30 0.5807291666666666 0.3425925925925926 0.016666666666666666 0.040740740740740744 
10 0.6041666666666666 0.34305555555555556 0.013541666666666667 0.03981481481481482 
5 0.6177083333333333 0.34305555555555556 0.013541666666666667 0.03981481481481482 
4 0.63125 0.34259259259259256 0.013541666666666667 0.03888888888888889 
2 0.653125 0.34305555555555556 0.013541666666666667 0.03981481481481482 
11 0.6666666666666666 0.34305555555555556 0.013541666666666667 0.03981481481481482 
11 0.6802083333333333 0.34305555555555556 0.013541666666666667 0.03981481481481482 
11 0.7020833333333333 0.34305555555555556 0.013541666666666667 0.03981481481481482 
9 0.715625 0.34305555555555556 0.013541666666666667 0.03796296296296296 
8 0.7291666666666666 0.34305555555555556 0.013541666666666667 0.03981481481481482 
