0 0.9158854166666667 0.40740740740740744 0.1078125 0.04259259259259259
1 0.8658854166666667 0.5050925925925925 0.10052083333333334 0.12685185185185185
15 0.8359375 0.4986111111111111 0.004166666666666667 0.008333333333333333 
34 0.8408854166666666 0.4986111111111111 0.005729166666666666 0.008333333333333333 
23 0.8450520833333334 0.4986111111111111 0.0036458333333333334 0.008333333333333333 
7 0.8505208333333334 0.4986111111111111 0.003125 0.008333333333333333 
7 0.8536458333333333 0.4986111111111111 0.003125 0.008333333333333333 
3 0.8567708333333334 0.4986111111111111 0.003125 0.008333333333333333 
4 0.8619791666666667 0.4986111111111111 0.003125 0.008333333333333333 
4 0.8651041666666667 0.4986111111111111 0.003125 0.008333333333333333 
5 0.8682291666666667 0.4986111111111111 0.003125 0.008333333333333333 
11 0.8734375 0.4986111111111111 0.003125 0.008333333333333333 
7 0.8765625 0.4986111111111111 0.003125 0.008333333333333333 
4 0.8796875000000001 0.4986111111111111 0.003125 0.008333333333333333 
