0 0.44427083333333334 0.5527777777777778 0.32395833333333335 0.13148148148148148
1 0.6518229166666667 0.5726851851851852 0.3026041666666667 0.38055555555555554
32 0.5635416666666666 0.5541666666666667 0.0125 0.026851851851851852 
30 0.5755208333333334 0.5541666666666667 0.011458333333333333 0.026851851851851852 
33 0.5872395833333334 0.5541666666666667 0.011979166666666667 0.026851851851851852 
7 0.6033854166666667 0.5541666666666667 0.009895833333333333 0.026851851851851852 
11 0.61328125 0.5541666666666667 0.009895833333333333 0.026851851851851852 
4 0.6231770833333334 0.5541666666666667 0.009895833333333333 0.026851851851851852 
10 0.6388020833333334 0.5541666666666667 0.009895833333333333 0.026851851851851852 
9 0.6486979166666668 0.5541666666666667 0.009895833333333333 0.026851851851851852 
11 0.6585937500000001 0.5541666666666667 0.009895833333333333 0.026851851851851852 
11 0.6742187500000001 0.5541666666666667 0.009895833333333333 0.026851851851851852 
4 0.6841145833333334 0.5541666666666667 0.009895833333333333 0.026851851851851852 
6 0.6940104166666667 0.5541666666666667 0.009895833333333333 0.026851851851851852 
