0 0.2513020833333333 0.03657407407407408 0.10885416666666667 0.04351851851851852
1 0.8294270833333334 0.5824074074074074 0.1015625 0.12777777777777777
29 0.7994791666666666 0.575462962962963 0.004166666666666667 0.008333333333333333 
21 0.803125 0.575462962962963 0.003125 0.008333333333333333 
19 0.8067708333333333 0.575462962962963 0.004166666666666667 0.008333333333333333 
6 0.8125 0.575462962962963 0.003125 0.008333333333333333 
3 0.815625 0.575462962962963 0.003125 0.008333333333333333 
6 0.81875 0.575462962962963 0.003125 0.008333333333333333 
11 0.8239583333333333 0.575462962962963 0.003125 0.008333333333333333 
8 0.8270833333333334 0.575462962962963 0.003125 0.008333333333333333 
8 0.8302083333333333 0.575462962962963 0.003125 0.008333333333333333 
3 0.8354166666666667 0.575462962962963 0.003125 0.008333333333333333 
5 0.8385416666666667 0.575462962962963 0.003125 0.008333333333333333 
8 0.8416666666666667 0.575462962962963 0.003125 0.008333333333333333 
