16 0.011772350769297198 0.08664460382360467 0.021875 0.05 
21 0.066237484899463 0.8354352953117034 0.03802083333333333 0.10740740740740741 
33 0.5007406059013719 0.042509064789200586 0.0140625 0.032407407407407406 
10 0.6510661130897107 0.6295276343553353 0.023958333333333335 0.06759259259259259 
26 0.33329714683020767 0.7731162342476772 0.0859375 0.17685185185185184 
13 0.7634063028497979 0.19136291119801002 0.07552083333333333 0.16203703703703703 
28 0.3007074531295859 0.5195120974210612 0.029166666666666667 0.06388888888888888 
6 0.815497489471048 0.8047827714054105 0.05572916666666667 0.15555555555555556 
26 0.4090472687255179 0.8821322650834749 0.013020833333333334 0.025925925925925925 
10 0.17584471598066806 0.8941442824284895 0.0067708333333333336 0.018518518518518517 
37 0.09021101674021956 0.4751003552829483 0.026041666666666668 0.06574074074074074 
5 0.7547595980305885 0.8953758769317403 0.030729166666666665 0.08703703703703704 
9 0.4258891329994711 0.4541587263717569 0.0453125 0.12407407407407407 
5 0.8735357531566799 0.7250077723399417 0.0359375 0.10277777777777777 
31 0.6631620249007927 0.43460213126578373 0.0078125 0.019444444444444445 
32 0.7008481883582989 0.5290823151330583 0.050520833333333334 0.11018518518518519 
33 0.4645816814441921 0.485130454780116 0.022395833333333334 0.05092592592592592 
13 0.7200485103936488 0.5644199120128238 0.053125 0.11388888888888889 
18 0.5782185887013033 0.2966072111560146 0.035416666666666666 0.07222222222222222 
19 0.8241432062044277 0.17065259313677028 0.05260416666666667 0.11296296296296296 
16 0.39062385406212025 0.5833785828688384 0.03958333333333333 0.09259259259259259 
28 0.1751931629350862 0.3394402878886936 0.07291666666666667 0.16111111111111112 
5 0.2764366443300139 0.7295003843348695 0.0546875 0.15648148148148147 
31 0.7861418753371149 0.30782894424744955 0.011979166666666667 0.02962962962962963 
23 0.5641280569850052 0.31097381783118927 0.04114583333333333 0.10462962962962963 
21 0.4602369919047713 0.6949259564013347 0.03177083333333333 0.08888888888888889 
36 0.4124845197851408 0.6139188377100316 0.05677083333333333 0.13055555555555556 
12 0.38895269654481385 0.6407576189487979 0.07760416666666667 0.16666666666666666 
8 0.7433399267679628 0.6662905220861488 0.06041666666666667 0.17222222222222222 
9 0.3417596429838718 0.10775033037795015 0.029166666666666667 0.08055555555555556 
11 0.21602519968609368 0.10685508128889876 0.004166666666666667 0.011111111111111112 
17 0.37680876007518815 0.5446686916471984 0.016145833333333335 0.040740740740740744 
