0 0.6661458333333333 0.6300925925925925 0.28541666666666665 0.11574074074074074
1 0.5807291666666666 0.6962962962962963 0.26666666666666666 0.3351851851851852
37 0.5020833333333333 0.6796296296296297 0.009375 0.024074074074074074 
21 0.5109374999999999 0.6796296296296297 0.008333333333333333 0.024074074074074074 
31 0.5197916666666667 0.6796296296296297 0.009375 0.024074074074074074 
2 0.5338541666666666 0.6796296296296297 0.008333333333333333 0.024074074074074074 
10 0.5421874999999999 0.6796296296296297 0.008333333333333333 0.024074074074074074 
2 0.5505208333333333 0.6796296296296297 0.008333333333333333 0.024074074074074074 
7 0.5640625 0.6796296296296297 0.008333333333333333 0.024074074074074074 
11 0.5723958333333333 0.6796296296296297 0.008333333333333333 0.024074074074074074 
3 0.5807291666666666 0.6796296296296297 0.008333333333333333 0.024074074074074074 
6 0.5942708333333333 0.6796296296296297 0.008333333333333333 0.024074074074074074 
2 0.6026041666666666 0.6796296296296297 0.008333333333333333 0.024074074074074074 
2 0.6109375 0.6796296296296297 0.008333333333333333 0.024074074074074074 
