0 0.6622395833333334 0.6148148148148148 0.14635416666666667 0.05925925925925926
1 0.5354166666666667 0.38101851851851853 0.13645833333333332 0.1712962962962963
34 0.4963541666666667 0.3717592592592593 0.007291666666666667 0.012037037037037037 
13 0.5028645833333333 0.3717592592592593 0.005729166666666666 0.012037037037037037 
32 0.50859375 0.3717592592592593 0.005729166666666666 0.012037037037037037 
7 0.5161458333333333 0.3717592592592593 0.004166666666666667 0.012037037037037037 
8 0.5203125 0.3717592592592593 0.004166666666666667 0.012037037037037037 
10 0.5244791666666666 0.3717592592592593 0.004166666666666667 0.012037037037037037 
3 0.53125 0.3717592592592593 0.004166666666666667 0.012037037037037037 
9 0.5354166666666667 0.3717592592592593 0.004166666666666667 0.012037037037037037 
7 0.5395833333333333 0.3717592592592593 0.004166666666666667 0.012037037037037037 
8 0.5463541666666667 0.3717592592592593 0.004166666666666667 0.012037037037037037 
7 0.5505208333333333 0.3717592592592593 0.004166666666666667 0.012037037037037037 
7 0.5546875 0.3717592592592593 0.004166666666666667 0.012037037037037037 
