0 0.56640625 0.37037037037037035 0.24635416666666668 0.1
1 0.3950520833333333 0.6796296296296296 0.2296875 0.28888888888888886
12 0.32838541666666665 0.6648148148148149 0.009895833333333333 0.020370370370370372 
14 0.3375 0.6648148148148149 0.009375 0.020370370370370372 
12 0.34713541666666664 0.6648148148148149 0.009895833333333333 0.020370370370370372 
4 0.359375 0.6648148148148149 0.007291666666666667 0.020370370370370372 
10 0.3666666666666667 0.6648148148148149 0.007291666666666667 0.020370370370370372 
11 0.37395833333333334 0.6648148148148149 0.007291666666666667 0.020370370370370372 
9 0.3854166666666667 0.6648148148148149 0.007291666666666667 0.020370370370370372 
2 0.3927083333333333 0.6648148148148149 0.007291666666666667 0.020370370370370372 
9 0.4 0.6648148148148149 0.007291666666666667 0.020370370370370372 
5 0.41145833333333337 0.6648148148148149 0.007291666666666667 0.020370370370370372 
2 0.41875 0.6648148148148149 0.007291666666666667 0.020370370370370372 
8 0.4260416666666667 0.6648148148148149 0.007291666666666667 0.020370370370370372 
