0 0.5934895833333333 0.4356481481481482 0.44635416666666666 0.18055555555555555
1 0.5734375 0.5342592592592592 0.4166666666666667 0.524074074074074
19 0.4518229166666667 0.5083333333333333 0.0171875 0.037037037037037035 
17 0.4677083333333333 0.5083333333333333 0.014583333333333334 0.037037037037037035 
18 0.484375 0.5083333333333333 0.01875 0.03888888888888889 
2 0.5083333333333333 0.5083333333333333 0.013541666666666667 0.03888888888888889 
9 0.521875 0.5083333333333333 0.013541666666666667 0.037037037037037035 
10 0.5354166666666667 0.5083333333333333 0.013541666666666667 0.03888888888888889 
10 0.5567708333333333 0.5083333333333333 0.013541666666666667 0.03888888888888889 
10 0.5703125 0.5083333333333333 0.013541666666666667 0.03888888888888889 
11 0.5838541666666666 0.5083333333333333 0.013541666666666667 0.03888888888888889 
6 0.6052083333333332 0.5078703703703703 0.013541666666666667 0.03796296296296296 
9 0.6187499999999999 0.5083333333333333 0.013541666666666667 0.037037037037037035 
3 0.6322916666666666 0.5078703703703703 0.013541666666666667 0.03796296296296296 
