0 0.4984375 0.5736111111111111 0.3625 0.14722222222222223
1 0.6755208333333333 0.49722222222222223 0.3385416666666667 0.42592592592592593
29 0.5770833333333334 0.4773148148148148 0.014583333333333334 0.030555555555555555 
23 0.58984375 0.4773148148148148 0.011979166666666667 0.030555555555555555 
15 0.6028645833333334 0.4773148148148148 0.0140625 0.030555555555555555 
4 0.6221354166666667 0.4777777777777778 0.0109375 0.02962962962962963 
10 0.6330729166666667 0.4777777777777778 0.0109375 0.02962962962962963 
3 0.6440104166666667 0.4777777777777778 0.0109375 0.02962962962962963 
3 0.66171875 0.4777777777777778 0.0109375 0.02962962962962963 
7 0.6726562500000001 0.4777777777777778 0.0109375 0.02962962962962963 
2 0.68359375 0.4777777777777778 0.0109375 0.02962962962962963 
4 0.7013020833333333 0.4777777777777778 0.0109375 0.02962962962962963 
2 0.7122395833333334 0.4777777777777778 0.0109375 0.02962962962962963 
4 0.7231770833333333 0.4777777777777778 0.0109375 0.02962962962962963 
