16 0.5752557078316791 0.3355100354160426 0.03854166666666667 0.08981481481481482 
29 0.2544883526985486 0.7264402881455494 0.03177083333333333 0.06851851851851852 
35 0.9759325005432379 0.5423711448857342 0.013020833333333334 0.02962962962962963 
6 0.3436344152566083 0.5371140243739074 0.0421875 0.11851851851851852 
5 0.9134606137650808 0.20917574008369533 0.007291666666666667 0.019444444444444445 
20 0.5309961502108751 0.7938394053580798 0.030729166666666665 0.17037037037037037 
26 0.3296854374875084 0.26943652816843944 0.018229166666666668 0.03796296296296296 
32 0.034813879885418134 0.5646131789398217 0.0609375 0.13333333333333333 
27 0.20969405037047203 0.7759654050206243 0.04791666666666667 0.1111111111111111 
6 0.348078494634631 0.07575502191659327 0.0125 0.03518518518518519 
21 0.03737662622027808 0.6891909451114733 0.01875 0.053703703703703705 
30 0.6664906291081394 0.8259852294269469 0.046875 0.11203703703703703 
20 0.6098917280384726 0.5434465448334915 0.019270833333333334 0.10740740740740741 
34 0.24806324492057097 0.31449908135066473 0.04895833333333333 0.08055555555555556 
36 0.10196067124653008 0.35446014824963107 0.043229166666666666 0.09907407407407408 
23 0.15600811892053518 0.2088169387560671 0.020833333333333332 0.05277777777777778 
5 0.42352991265683504 0.13282355995251982 0.0578125 0.1648148148148148 
32 0.24013938820178657 0.701193667783093 0.005729166666666666 0.012037037037037037 
12 0.7459369290718308 0.36097265769964815 0.011458333333333333 0.024074074074074074 
2 0.25414658586270067 0.8601782325469916 0.018229166666666668 0.05185185185185185 
30 0.2619880074620576 0.42122976240492427 0.0328125 0.0787037037037037 
29 0.41584853330081517 0.21373377431096402 0.009375 0.019444444444444445 
22 0.3536606977915916 0.527180778642111 0.06927083333333334 0.14907407407407408 
6 0.6408868349258334 0.6571485936525632 0.057291666666666664 0.16018518518518518 
16 0.34702448185503965 0.7223702583443269 0.0625 0.14537037037037037 
