0 0.7942708333333334 0.26435185185185184 0.05416666666666667 0.021296296296296296
1 0.12265625 0.9574074074074074 0.050520833333333334 0.06296296296296296
12 0.10729166666666666 0.9532407407407407 0.0020833333333333333 0.004629629629629629 
36 0.109375 0.9532407407407407 0.0020833333333333333 0.004629629629629629 
13 0.1109375 0.9532407407407407 0.0020833333333333333 0.004629629629629629 
6 0.11380208333333333 0.9532407407407407 0.0015625 0.004629629629629629 
4 0.11536458333333333 0.9532407407407407 0.0015625 0.004629629629629629 
10 0.11692708333333333 0.9537037037037037 0.0015625 0.005555555555555556 
7 0.11953124999999999 0.9537037037037037 0.0015625 0.005555555555555556 
11 0.12109375 0.9537037037037037 0.0015625 0.005555555555555556 
2 0.12265625 0.9537037037037037 0.0015625 0.005555555555555556 
9 0.12526041666666668 0.9532407407407407 0.0015625 0.004629629629629629 
2 0.12682291666666667 0.9537037037037037 0.0015625 0.005555555555555556 
6 0.12838541666666667 0.9532407407407407 0.0015625 0.004629629629629629 
