0 0.5833333333333333 0.5916666666666667 0.5895833333333333 0.2388888888888889
1 0.6976562500000001 0.4296296296296296 0.5505208333333333 0.6925925925925925
19 0.5369791666666667 0.3949074074074074 0.022916666666666665 0.049074074074074076 
37 0.5580729166666667 0.3949074074074074 0.019270833333333334 0.049074074074074076 
18 0.5799479166666667 0.39490740740740743 0.024479166666666666 0.05092592592592592 
5 0.6114583333333334 0.39537037037037037 0.017708333333333333 0.05 
6 0.6291666666666668 0.3949074074074074 0.017708333333333333 0.049074074074074076 
5 0.6468750000000001 0.39537037037037037 0.017708333333333333 0.05 
4 0.675 0.3949074074074074 0.017708333333333333 0.049074074074074076 
7 0.6927083333333334 0.3958333333333333 0.017708333333333333 0.049074074074074076 
11 0.7104166666666667 0.39537037037037037 0.017708333333333333 0.05 
4 0.7385416666666668 0.3949074074074074 0.017708333333333333 0.049074074074074076 
2 0.7562500000000001 0.39537037037037037 0.017708333333333333 0.05 
7 0.7739583333333334 0.3958333333333333 0.017708333333333333 0.049074074074074076 
