0 0.4364583333333333 0.0787037037037037 0.28854166666666664 0.11666666666666667
1 0.5309895833333333 0.412962962962963 0.26927083333333335 0.3388888888888889
20 0.4484375 0.39537037037037037 0.004166666666666667 0.024074074074074074 
20 0.45260416666666664 0.39537037037037037 0.004166666666666667 0.024074074074074074 
29 0.4604166666666667 0.39537037037037037 0.011458333333333333 0.024074074074074074 
10 0.475 0.39537037037037037 0.008333333333333333 0.024074074074074074 
4 0.48333333333333334 0.39537037037037037 0.008333333333333333 0.024074074074074074 
11 0.49166666666666664 0.39537037037037037 0.008333333333333333 0.024074074074074074 
8 0.5052083333333334 0.39537037037037037 0.008333333333333333 0.024074074074074074 
10 0.5135416666666667 0.39537037037037037 0.008333333333333333 0.024074074074074074 
4 0.521875 0.39537037037037037 0.008333333333333333 0.024074074074074074 
3 0.5354166666666667 0.39537037037037037 0.008333333333333333 0.024074074074074074 
7 0.54375 0.39537037037037037 0.008333333333333333 0.024074074074074074 
5 0.5520833333333334 0.39537037037037037 0.008333333333333333 0.024074074074074074 
