0 0.27447916666666666 0.7064814814814815 0.45208333333333334 0.18333333333333332
1 0.778125 0.5069444444444444 0.421875 0.5305555555555556
17 0.65390625 0.4810185185185185 0.015104166666666667 0.03796296296296296 
31 0.6690104166666667 0.4810185185185185 0.015104166666666667 0.03796296296296296 
19 0.6854166666666667 0.4810185185185185 0.017708333333333333 0.03796296296296296 
4 0.709375 0.4810185185185185 0.013541666666666667 0.03796296296296296 
6 0.7229166666666667 0.4810185185185185 0.013541666666666667 0.03796296296296296 
9 0.7364583333333333 0.4814814814814815 0.013541666666666667 0.037037037037037035 
9 0.7583333333333333 0.4814814814814815 0.013541666666666667 0.037037037037037035 
8 0.771875 0.48148148148148145 0.013541666666666667 0.03888888888888889 
3 0.7854166666666667 0.4810185185185185 0.013541666666666667 0.03796296296296296 
2 0.8072916666666666 0.48148148148148145 0.013541666666666667 0.03888888888888889 
10 0.8208333333333333 0.48148148148148145 0.013541666666666667 0.03888888888888889 
3 0.834375 0.4810185185185185 0.013541666666666667 0.03796296296296296 
