0 0.7786458333333333 0.17638888888888887 0.20520833333333333 0.0824074074074074
1 0.6734375 0.6231481481481481 0.19166666666666668 0.24074074074074073
24 0.6182291666666666 0.611574074074074 0.009375 0.017592592592592594 
21 0.6260416666666667 0.611574074074074 0.00625 0.017592592592592594 
34 0.6346354166666667 0.611574074074074 0.0109375 0.017592592592592594 
11 0.6463541666666667 0.611574074074074 0.00625 0.017592592592592594 
3 0.6526041666666668 0.611574074074074 0.00625 0.017592592592592594 
4 0.6588541666666667 0.611574074074074 0.00625 0.017592592592592594 
6 0.6687500000000001 0.611574074074074 0.00625 0.017592592592592594 
4 0.675 0.611574074074074 0.00625 0.017592592592592594 
8 0.68125 0.611574074074074 0.00625 0.017592592592592594 
4 0.6911458333333333 0.611574074074074 0.00625 0.017592592592592594 
4 0.6973958333333333 0.611574074074074 0.00625 0.017592592592592594 
7 0.7036458333333334 0.611574074074074 0.00625 0.017592592592592594 
