0 0.6309895833333333 0.44212962962962965 0.39947916666666666 0.16203703703703703
1 0.6598958333333333 0.5277777777777778 0.3729166666666667 0.4685185185185185
18 0.5515625 0.5037037037037037 0.016666666666666666 0.03518518518518519 
36 0.5669270833333333 0.5037037037037038 0.015104166666666667 0.03333333333333333 
30 0.5809895833333334 0.5037037037037037 0.0140625 0.03518518518518519 
8 0.6013020833333333 0.5041666666666667 0.011979166666666667 0.03425925925925926 
9 0.61328125 0.5041666666666667 0.011979166666666667 0.032407407407407406 
7 0.6252604166666667 0.5046296296296297 0.011979166666666667 0.03333333333333333 
5 0.64453125 0.5041666666666667 0.011979166666666667 0.03425925925925926 
11 0.6565104166666667 0.5041666666666667 0.011979166666666667 0.03425925925925926 
7 0.6684895833333333 0.5046296296296297 0.011979166666666667 0.03333333333333333 
10 0.6877604166666667 0.5041666666666667 0.011979166666666667 0.03425925925925926 
2 0.6997395833333333 0.5041666666666667 0.011979166666666667 0.03425925925925926 
10 0.71171875 0.5041666666666667 0.011979166666666667 0.03425925925925926 
