17 0.7142666858751012 0.30237679492261427 0.034375 0.08703703703703704 
3 0.2818965652831065 0.8549992654056744 0.0609375 0.17037037037037037 
30 0.3119516948865912 0.5902119179239719 0.0625 0.14907407407407408 
24 0.30773264840772324 0.8824092759061644 0.06145833333333333 0.11388888888888889 
13 0.5092289547133761 0.9238123595566077 0.0046875 0.010185185185185186 
32 0.21303420278258803 0.2835264061674083 0.08020833333333334 0.17592592592592593 
7 0.11465352349441596 0.12470244415470738 0.023958333333333335 0.06666666666666667 
33 0.2709618377867062 0.5931920169791333 0.022916666666666665 0.05277777777777778 
10 0.12053782516464988 0.12929395712025238 0.040625 0.11574074074074074 
37 0.6707883217600473 0.401243377219312 0.0640625 0.16296296296296298 
32 0.4923719104023583 0.8619955096340609 0.042708333333333334 0.09259259259259259 
21 0.25819361555977755 0.6143851999448016 0.0328125 0.09351851851851851 
10 0.2185081389367995 0.8635650247324508 0.014583333333333334 0.04259259259259259 
3 0.3623918149485991 0.3060439418660154 0.034375 0.0962962962962963 
16 0.43505788819764635 0.1410731463774081 0.058854166666666666 0.13703703703703704 
36 0.6903906756074278 0.9037614889830179 0.034375 0.07777777777777778 
13 0.8391711513032892 0.8291647158136577 0.05572916666666667 0.11944444444444445 
35 0.15209085470887912 0.5790319661426133 0.0109375 0.025 
21 0.35044673681317856 0.782417929809359 0.03125 0.08796296296296297 
5 0.08495237549597637 0.5793542374343508 0.0484375 0.13703703703703704 
34 0.4602783307695432 0.4632431978471288 0.022395833333333334 0.03611111111111111 
13 0.20017075019853242 0.8213060999455627 0.019270833333333334 0.040740740740740744 
6 0.897889576656805 0.6523144057009643 0.058333333333333334 0.16296296296296298 
12 0.7346492894388665 0.6207366511567297 0.0036458333333333334 0.007407407407407408 
11 0.9232276881617038 0.9040721192537554 0.0296875 0.08333333333333333 
23 0.2504334856705839 0.5201224848995304 0.0171875 0.04351851851851852 
