17 0.9430165824556963 0.8034296148039896 0.008854166666666666 0.022222222222222223 
7 0.2594028048124598 0.679780442449871 0.036458333333333336 0.10185185185185185 
10 0.1154739973146422 0.3104288888613598 0.05677083333333333 0.16111111111111112 
17 0.8526766577815938 0.4899794568403364 0.0171875 0.04351851851851852 
19 0.7257102087763614 0.20312566538998464 0.0390625 0.08333333333333333 
22 0.07182643410862952 0.3923234690091076 0.06197916666666667 0.13240740740740742 
23 0.9688792243362513 0.5037020922661919 0.014583333333333334 0.03611111111111111 
27 0.5599924353898482 0.46566000858494205 0.05520833333333333 0.1287037037037037 
10 0.7342748386186523 0.7909748616231961 0.03177083333333333 0.08888888888888889 
13 0.03698147418303974 0.14389080130441262 0.034895833333333334 0.07592592592592592 
2 0.13300586206557824 0.6425831121224659 0.0026041666666666665 0.007407407407407408 
21 0.5512830575354948 0.45666356445114764 0.04895833333333333 0.1388888888888889 
11 0.4956841815707452 0.2801119481938542 0.03802083333333333 0.10925925925925926 
14 0.07993494484445107 0.9644142783069949 0.0046875 0.010185185185185186 
19 0.8023850564345744 0.4159348510148601 0.06770833333333333 0.14537037037037037 
24 0.12276630692648194 0.5598803875717808 0.005208333333333333 0.010185185185185186 
13 0.18609156896135598 0.1624262687194146 0.014583333333333334 0.03148148148148148 
29 0.016637506918557074 0.5300746162053008 0.0109375 0.023148148148148147 
28 0.5368642013649079 0.42141358687149005 0.0390625 0.08611111111111111 
27 0.6182232005809657 0.7701503885097197 0.027604166666666666 0.06388888888888888 
17 0.627866349050122 0.7115987195611597 0.0140625 0.03611111111111111 
19 0.5620298548139702 0.7820527387749735 0.06510416666666667 0.14074074074074075 
17 0.7674244944172619 0.17306390050636614 0.03802083333333333 0.09722222222222222 
4 0.19284035891068177 0.4962139101503106 0.027083333333333334 0.075 
11 0.03370609858247495 0.18065576708316936 0.0067708333333333336 0.019444444444444445 
10 0.7684549332591549 0.9138246880158388 0.050520833333333334 0.1425925925925926 
5 0.17998707361252647 0.7898278112740206 0.022395833333333334 0.06388888888888888 
20 0.7233699887495268 0.6326566112815699 0.025520833333333333 0.14351851851851852 
5 0.6973427723004462 0.8703332433868398 0.034895833333333334 0.1 
23 0.7131765302495418 0.5619952226091416 0.06770833333333333 0.1712962962962963 
