0 0.6825520833333334 0.6324074074074074 0.09635416666666667 0.03888888888888889
1 0.09244791666666666 0.825 0.09010416666666667 0.11296296296296296
18 0.06614583333333333 0.8189814814814814 0.004166666666666667 0.008333333333333333 
32 0.07005208333333332 0.8189814814814814 0.0036458333333333334 0.008333333333333333 
37 0.07343749999999999 0.8189814814814814 0.003125 0.008333333333333333 
5 0.078125 0.8189814814814814 0.003125 0.008333333333333333 
9 0.08072916666666666 0.8189814814814814 0.003125 0.008333333333333333 
8 0.08333333333333333 0.8189814814814814 0.003125 0.008333333333333333 
10 0.0875 0.8189814814814814 0.003125 0.008333333333333333 
2 0.08984375 0.8189814814814814 0.0026041666666666665 0.008333333333333333 
9 0.09270833333333332 0.8189814814814814 0.003125 0.008333333333333333 
8 0.09687499999999999 0.8189814814814814 0.003125 0.008333333333333333 
11 0.09947916666666666 0.8189814814814814 0.003125 0.008333333333333333 
8 0.10208333333333333 0.8189814814814814 0.003125 0.008333333333333333 
