0 0.6255208333333333 0.4800925925925926 0.58125 0.2361111111111111
1 0.5223958333333334 0.3856481481481482 0.5427083333333333 0.6824074074074075
17 0.3627604166666667 0.35185185185185186 0.019270833333333334 0.04814814814814815 
12 0.38359374999999996 0.35185185185185186 0.022395833333333334 0.04814814814814815 
29 0.4059895833333333 0.35185185185185186 0.022395833333333334 0.04814814814814815 
3 0.4361979166666667 0.35138888888888886 0.0171875 0.049074074074074076 
11 0.45338541666666665 0.35185185185185186 0.0171875 0.05 
9 0.4705729166666667 0.35185185185185186 0.0171875 0.04814814814814815 
7 0.4981770833333333 0.3523148148148148 0.0171875 0.049074074074074076 
10 0.5153645833333332 0.35185185185185186 0.0171875 0.05 
6 0.5325520833333333 0.35138888888888886 0.0171875 0.049074074074074076 
11 0.5601562499999999 0.35185185185185186 0.0171875 0.05 
7 0.5773437499999999 0.3523148148148148 0.0171875 0.049074074074074076 
5 0.59453125 0.35185185185185186 0.0171875 0.05 
