0 0.5872395833333334 0.4462962962962963 0.4421875 0.17962962962962964
1 0.21015625 0.41805555555555557 0.41302083333333334 0.5194444444444445
24 0.09114583333333334 0.3925925925925926 0.019791666666666666 0.037037037037037035 
30 0.10911458333333333 0.3925925925925926 0.016145833333333335 0.03888888888888889 
18 0.1265625 0.3925925925925926 0.01875 0.03888888888888889 
9 0.15052083333333333 0.3925925925925926 0.013541666666666667 0.037037037037037035 
9 0.1640625 0.3925925925925926 0.013541666666666667 0.037037037037037035 
7 0.17760416666666667 0.39305555555555555 0.013541666666666667 0.03796296296296296 
11 0.19895833333333335 0.3925925925925926 0.013541666666666667 0.03888888888888889 
3 0.2125 0.39212962962962966 0.013541666666666667 0.03796296296296296 
6 0.22604166666666667 0.39212962962962966 0.013541666666666667 0.03796296296296296 
5 0.24739583333333334 0.3925925925925926 0.013541666666666667 0.03888888888888889 
10 0.2609375 0.3925925925925926 0.013541666666666667 0.03888888888888889 
8 0.27447916666666666 0.3925925925925926 0.013541666666666667 0.03888888888888889 
