0 0.5486979166666667 0.4375 0.22239583333333332 0.08981481481481482
1 0.7341145833333333 0.2638888888888889 0.2078125 0.2611111111111111
37 0.6723958333333333 0.25092592592592594 0.007291666666666667 0.018518518518518517 
24 0.6809895833333334 0.25092592592592594 0.009895833333333333 0.018518518518518517 
22 0.6903645833333333 0.25092592592592594 0.008854166666666666 0.018518518518518517 
6 0.70234375 0.25092592592592594 0.0067708333333333336 0.018518518518518517 
7 0.7091145833333333 0.25092592592592594 0.0067708333333333336 0.018518518518518517 
7 0.7158854166666667 0.25092592592592594 0.0067708333333333336 0.018518518518518517 
2 0.7268229166666667 0.25092592592592594 0.0067708333333333336 0.018518518518518517 
4 0.73359375 0.25092592592592594 0.0067708333333333336 0.018518518518518517 
3 0.7403645833333333 0.25092592592592594 0.0067708333333333336 0.018518518518518517 
11 0.7513020833333334 0.25092592592592594 0.0067708333333333336 0.018518518518518517 
10 0.7580729166666667 0.25092592592592594 0.0067708333333333336 0.018518518518518517 
7 0.76484375 0.25092592592592594 0.0067708333333333336 0.018518518518518517 
