0 0.26276041666666666 0.5685185185185185 0.1609375 0.06481481481481481
1 0.08437499999999999 0.8574074074074074 0.15 0.18888888888888888
18 0.040364583333333336 0.8472222222222223 0.0067708333333333336 0.012962962962962963 
29 0.046875 0.8472222222222223 0.00625 0.012962962962962963 
23 0.05260416666666667 0.8472222222222223 0.005208333333333333 0.012962962962962963 
9 0.06015625 0.8472222222222223 0.0046875 0.012962962962962963 
9 0.06484375 0.8472222222222223 0.0046875 0.012962962962962963 
5 0.06953125 0.8472222222222223 0.0046875 0.012962962962962963 
3 0.07682291666666667 0.8472222222222223 0.0046875 0.012962962962962963 
3 0.08151041666666667 0.8472222222222223 0.0046875 0.012962962962962963 
10 0.08619791666666667 0.8472222222222223 0.0046875 0.012962962962962963 
6 0.09348958333333333 0.8472222222222223 0.0046875 0.012962962962962963 
9 0.09817708333333335 0.8472222222222223 0.0046875 0.012962962962962963 
11 0.10286458333333334 0.8472222222222223 0.0046875 0.012962962962962963 
