0 0.2734375 0.2865740740740741 0.2677083333333333 0.10833333333333334
1 0.31510416666666663 0.7328703703703704 0.25 0.3138888888888889
31 0.24140625 0.7175925925925926 0.008854166666666666 0.022222222222222223 
23 0.25026041666666665 0.7175925925925926 0.008854166666666666 0.022222222222222223 
20 0.25677083333333334 0.7175925925925926 0.004166666666666667 0.022222222222222223 
10 0.2677083333333333 0.7175925925925926 0.008333333333333333 0.022222222222222223 
7 0.27604166666666663 0.7175925925925926 0.008333333333333333 0.022222222222222223 
8 0.284375 0.7175925925925926 0.008333333333333333 0.022222222222222223 
2 0.2973958333333333 0.7175925925925926 0.008333333333333333 0.022222222222222223 
11 0.30572916666666666 0.7175925925925926 0.008333333333333333 0.022222222222222223 
8 0.31406249999999997 0.7175925925925926 0.008333333333333333 0.022222222222222223 
5 0.32708333333333334 0.7175925925925926 0.008333333333333333 0.022222222222222223 
9 0.33541666666666664 0.7175925925925926 0.008333333333333333 0.022222222222222223 
10 0.34375 0.7175925925925926 0.008333333333333333 0.022222222222222223 
