17 0.7061093227054247 0.19823684144761633 0.06458333333333334 0.1638888888888889 
26 0.3823605081881949 0.18535018623966096 0.042708333333333334 0.08703703703703704 
10 0.17761684598513466 0.7223816201414613 0.06197916666666667 0.17685185185185184 
22 0.16988158325554872 0.45455496795951666 0.04375 0.09351851851851851 
35 0.8357018664137082 0.6241385031635742 0.0359375 0.0824074074074074 
37 0.7623172051448447 0.6651523396636084 0.046875 0.11944444444444445 
17 0.31858763044036975 0.4193474558972608 0.049479166666666664 0.1259259259259259 
18 0.802544154167555 0.23325930446054505 0.0609375 0.1259259259259259 
29 0.2219028488812172 0.36134569762160235 0.06666666666666667 0.14351851851851852 
35 0.7582574979146788 0.21803966029573946 0.017708333333333333 0.040740740740740744 
10 0.09321139377210773 0.46337160671150973 0.04583333333333333 0.13055555555555556 
26 0.8764644075987662 0.47135417083271874 0.06041666666666667 0.12407407407407407 
34 0.07731408189425593 0.20631855086174344 0.016145833333333335 0.025925925925925925 
33 0.4555571586051073 0.6118497133262542 0.06041666666666667 0.14074074074074075 
31 0.17606759445413328 0.8729792268650226 0.0078125 0.019444444444444445 
8 0.7723812920835983 0.31636153290386115 0.0328125 0.09259259259259259 
20 0.31062339145196594 0.48132160566862603 0.0234375 0.12962962962962962 
21 0.6407331236899036 0.35769744128076775 0.004166666666666667 0.011111111111111112 
22 0.02582033172604854 0.839734190656448 0.041666666666666664 0.08888888888888889 
18 0.21166071838411954 0.9297767040889148 0.04895833333333333 0.10092592592592593 
28 0.22325828258813854 0.3836855732259118 0.01875 0.04259259259259259 
17 0.04172928859783509 0.5046383620774586 0.019791666666666666 0.05 
17 0.5750037063562359 0.5031731614491934 0.004166666666666667 0.010185185185185186 
35 0.10774322933353997 0.57958815932872 0.06822916666666666 0.15833333333333333 
33 0.3293151877586505 0.16920099806482777 0.0515625 0.12037037037037036 
16 0.6646111970869933 0.5361104349858082 0.009895833333333333 0.023148148148148147 
8 0.016648227600774137 0.2919152588570979 0.026041666666666668 0.07407407407407407 
19 0.3893898802873327 0.0502211199820618 0.003125 0.006481481481481481 
18 0.02257707771752855 0.8210182955421688 0.008854166666666666 0.017592592592592594 
31 0.9314104350631538 0.03625689192937109 0.0109375 0.026851851851851852 
28 0.516250555497921 0.2797120980578083 0.041666666666666664 0.09259259259259259 
20 0.7188654728734067 0.5538536845120298 0.01875 0.10648148148148148 
17 0.3157158238723665 0.5908186141269851 0.05677083333333333 0.14351851851851852 
28 0.5576934256389905 0.6949512997749664 0.0421875 0.09351851851851851 
