17 0.8766399706942728 0.8172616651337384 0.003125 0.007407407407407408 
27 0.6495617021721095 0.4462835463787571 0.011458333333333333 0.026851851851851852 
4 0.8872239251023036 0.79139635543934 0.019791666666666666 0.05555555555555555 
31 0.3671367440982722 0.8527399226862292 0.05 0.12685185185185185 
10 0.8019194693191815 0.26476028568546167 0.015625 0.04537037037037037 
13 0.5310024923285788 0.6277118394595392 0.014583333333333334 0.03148148148148148 
9 0.4844448669354752 0.6983214112877802 0.022916666666666665 0.06296296296296296 
6 0.09252804691766135 0.5458363794465328 0.04114583333333333 0.11574074074074074 
28 0.6758449317561934 0.588455511324166 0.0046875 0.009259259259259259 
12 0.3181683329690387 0.541212977940545 0.08177083333333333 0.17592592592592593 
12 0.4767764424961673 0.7637719678597744 0.04791666666666667 0.10277777777777777 
20 0.9583946553176033 0.030347461840737822 0.0036458333333333334 0.020370370370370372 
6 0.653878763158712 0.483220293435212 0.021875 0.06111111111111111 
35 0.3003218831440397 0.4522936286174204 0.0109375 0.025 
35 0.5450559392143532 0.418977612870774 0.0546875 0.12685185185185185 
32 0.7651091255905991 0.36218514487662634 0.023958333333333335 0.05277777777777778 
28 0.8485739607776744 0.26737496189217863 0.0671875 0.14907407407407408 
5 0.8403538066882431 0.197339164445548 0.03177083333333333 0.08981481481481482 
11 0.46103549735775423 0.6528557744895567 0.036458333333333336 0.1037037037037037 
24 0.5513071996119542 0.519333232997732 0.03333333333333333 0.062037037037037036 
7 0.5596512970745955 0.03277179448465678 0.0036458333333333334 0.010185185185185186 
9 0.3046511047719925 0.2981030960585939 0.044270833333333336 0.12222222222222222 
27 0.5914089841779722 0.6109351446606823 0.041666666666666664 0.09722222222222222 
10 0.8961256917292773 0.24520163336548884 0.05416666666666667 0.15555555555555556 
18 0.6072871101980595 0.24072874928328963 0.0390625 0.07962962962962963 
6 0.21915293843053774 0.8925578360409218 0.0578125 0.16203703703703703 
16 0.27819629315156763 0.4670975965277331 0.0609375 0.14166666666666666 
15 0.09856353129563312 0.39115397559991844 0.06197916666666667 0.13333333333333333 
27 0.6905155009949936 0.730456255096744 0.06614583333333333 0.1537037037037037 
23 0.5492387170431962 0.6725774567666822 0.022395833333333334 0.05648148148148148 
10 0.19220530218818946 0.26857643360425876 0.019270833333333334 0.05462962962962963 
35 0.4257718734526571 0.09450405585158943 0.024479166666666666 0.05740740740740741 
3 0.08354134736157517 0.40256339644367684 0.027083333333333334 0.075 
21 0.5448113061669597 0.6152755600595184 0.028645833333333332 0.08148148148148149 
