0 0.7041666666666666 0.10972322222222222 0.5395833333333333 0.21944444444444444
1 0.34322916666666664 0.4083333333333333 0.5041666666666667 0.6333333333333333
31 0.19479166666666667 0.3773148148148148 0.017708333333333333 0.04537037037037037 
25 0.2140625 0.3773148148148148 0.020833333333333332 0.04537037037037037 
27 0.23411458333333335 0.3773148148148148 0.019270833333333334 0.04537037037037037 
4 0.26171875 0.3773148148148148 0.016145833333333335 0.04537037037037037 
9 0.2778645833333333 0.37777777777777777 0.016145833333333335 0.044444444444444446 
2 0.29401041666666666 0.37777777777777777 0.016145833333333335 0.046296296296296294 
7 0.3200520833333333 0.37824074074074077 0.016145833333333335 0.04537037037037037 
3 0.33619791666666665 0.3773148148148148 0.016145833333333335 0.04537037037037037 
8 0.35234375 0.37777777777777777 0.016145833333333335 0.046296296296296294 
11 0.37838541666666664 0.37777777777777777 0.016145833333333335 0.046296296296296294 
2 0.39453125 0.37777777777777777 0.016145833333333335 0.046296296296296294 
7 0.4106770833333333 0.37824074074074077 0.016145833333333335 0.04537037037037037 
