17 0.03771155504613628 0.9641027818928553 0.0234375 0.05925925925925926 
28 0.2616859290710761 0.5138521317825917 0.0067708333333333336 0.013888888888888888 
9 0.7786906200155054 0.15784089707405372 0.007291666666666667 0.019444444444444445 
9 0.7307643900030911 0.8391129959011854 0.043229166666666666 0.11944444444444445 
27 0.770757703214891 0.6073304158641734 0.0375 0.08703703703703704 
31 0.3128530152302596 0.6594946320990145 0.052083333333333336 0.13148148148148148 
19 0.3553883123009113 0.7770270497921379 0.08020833333333334 0.17222222222222222 
16 0.5544197834319838 0.5661289608523166 0.065625 0.1527777777777778 
2 0.0423012987925762 0.654695924518364 0.044270833333333336 0.1259259259259259 
23 0.3576911360505631 0.9692420480779473 0.011979166666666667 0.030555555555555555 
6 0.3940856657386641 0.5032836540694733 0.019791666666666666 0.05555555555555555 
9 0.9138272113153592 0.2855686336655564 0.03958333333333333 0.10925925925925926 
15 0.7660741966499256 0.8090174388138597 0.025520833333333333 0.05462962962962963 
26 0.8361532949216622 0.3822849817253423 0.0859375 0.17685185185185184 
37 0.6924311076341524 0.40149256377263404 0.05677083333333333 0.14351851851851852 
15 0.8779358428501562 0.9418491369081702 0.034375 0.07314814814814814 
7 0.6776548130254226 0.18679366037667253 0.0265625 0.07314814814814814 
4 0.24995071840209554 0.7669719355150603 0.019791666666666666 0.05555555555555555 
13 0.9676112080044514 0.8961142580543796 0.009375 0.019444444444444445 
8 0.07752511827858806 0.9264294661286069 0.016145833333333335 0.04537037037037037 
36 0.5045689725919998 0.3983338736598569 0.028645833333333332 0.06481481481481481 
5 0.73415302319552 0.22548431348367487 0.004166666666666667 0.011111111111111112 
36 0.3758756419586905 0.7576559876279821 0.06197916666666667 0.14166666666666666 
24 0.8548439248198626 0.19808878947251465 0.078125 0.14537037037037037 
21 0.10277948015032261 0.4726174583077476 0.023958333333333335 0.06759259259259259 
14 0.7564694494992668 0.2141930246573716 0.0328125 0.07222222222222222 
33 0.7728493850633069 0.2820955835596416 0.07291666666666667 0.16944444444444445 
13 0.3586743050461744 0.2992750516468248 0.05520833333333333 0.11851851851851852 
6 0.1430607711739125 0.6851885539679236 0.026041666666666668 0.07222222222222222 
23 0.6449761878029198 0.8989662866605675 0.03854166666666667 0.09814814814814815 
12 0.02393266968049769 0.9521059052478544 0.030208333333333334 0.06388888888888888 
17 0.4593345264805496 0.9327262559730143 0.022916666666666665 0.05740740740740741 
