0 0.9356770833333333 0.8902777777777777 0.11302083333333333 0.04537037037037037
1 0.59765625 0.16898148148148148 0.10572916666666667 0.13240740740740742
22 0.56640625 0.16203703703703703 0.0046875 0.009259259259259259 
32 0.5703125 0.16203703703703703 0.004166666666666667 0.009259259259259259 
29 0.5747395833333333 0.16203703703703703 0.0046875 0.009259259259259259 
4 0.5802083333333333 0.16203703703703703 0.003125 0.009259259259259259 
7 0.58359375 0.16203703703703703 0.0036458333333333334 0.009259259259259259 
2 0.5864583333333333 0.16203703703703703 0.003125 0.009259259259259259 
4 0.5916666666666667 0.16203703703703703 0.003125 0.009259259259259259 
2 0.5947916666666667 0.16203703703703703 0.003125 0.009259259259259259 
4 0.5979166666666667 0.16203703703703703 0.003125 0.009259259259259259 
3 0.603125 0.16203703703703703 0.003125 0.009259259259259259 
9 0.6062500000000001 0.16203703703703703 0.003125 0.009259259259259259 
3 0.609375 0.16203703703703703 0.003125 0.009259259259259259 
