17 0.13346169459132529 0.2806843456266958 0.01875 0.04814814814814815 
30 0.7124159448816855 0.6388714379765482 0.0125 0.028703703703703703 
26 0.6896862056749579 0.7587458057857958 0.026041666666666668 0.05462962962962963 
13 0.333492586962672 0.8983416687216182 0.05260416666666667 0.11296296296296296 
11 0.7923269033467383 0.4906529339329339 0.036458333333333336 0.10462962962962963 
32 0.2313401218992912 0.7681843599571144 0.065625 0.1425925925925926 
12 0.12658046064751385 0.2664034663050121 0.027083333333333334 0.05740740740740741 
31 0.8255935672785271 0.8385554151641909 0.049479166666666664 0.125 
36 0.6404935097647554 0.5673999748258927 0.009895833333333333 0.021296296296296296 
15 0.3360265621749622 0.6488871228134462 0.06979166666666667 0.15 
10 0.5378501878525059 0.16909161817969326 0.06354166666666666 0.18055555555555555 
24 0.6299914817337873 0.8025029736400907 0.036458333333333336 0.06759259259259259 
11 0.7585694688755843 0.9697216998569095 0.017708333333333333 0.05092592592592592 
13 0.8057703605170965 0.17497057585897224 0.024479166666666666 0.05277777777777778 
37 0.8836781704981258 0.13863485960147492 0.0390625 0.09907407407407408 
6 0.44575863748053995 0.9115039550529289 0.052083333333333336 0.14537037037037037 
36 0.2726146231707888 0.5598190540470659 0.0671875 0.15462962962962962 
4 0.7409791387016198 0.8749342314230407 0.05416666666666667 0.15185185185185185 
2 0.07381978730985703 0.4513816024726411 0.0046875 0.012962962962962963 
9 0.5301221959285476 0.9122483363531169 0.011458333333333333 0.03148148148148148 
11 0.5240866117555557 0.2355640574499427 0.020833333333333332 0.05925925925925926 
11 0.16685193005084648 0.8047256743326636 0.026041666666666668 0.07407407407407407 
20 0.09209341203118931 0.2518092396078947 0.0036458333333333334 0.019444444444444445 
32 0.44609013935596104 0.3488107838426883 0.08177083333333333 0.1787037037037037 
34 0.8998909949811582 0.26350373491775897 0.06822916666666666 0.11203703703703703 
36 0.407551946321982 0.8269897328922773 0.07135416666666666 0.1638888888888889 
22 0.43654316975847757 0.28853179977934845 0.08229166666666667 0.17592592592592593 
23 0.6727052260902641 0.20248009547570445 0.03697916666666667 0.09351851851851851 
16 0.21329087683364062 0.3043833037063771 0.03333333333333333 0.07777777777777778 
5 0.0647679679999824 0.8055719368837847 0.057291666666666664 0.16296296296296298 
8 0.22771318965773635 0.38188009746648816 0.030729166666666665 0.08703703703703704 
4 0.572655158337678 0.3565670496545871 0.017708333333333333 0.05 
31 0.21560016198241463 0.36640784425767486 0.059375 0.15092592592592594 
