17 0.5564428980980504 0.2672786594561729 0.046875 0.11944444444444445 
32 0.7775203322161441 0.1262395874225607 0.043229166666666666 0.09444444444444444 
8 0.7453215234459748 0.2905887607865921 0.018229166666666668 0.05185185185185185 
26 0.1798903078475022 0.06658480699632832 0.009375 0.018518518518518517 
2 0.8295069928765062 0.42392125849779155 0.014583333333333334 0.04259259259259259 
4 0.0837560998095741 0.5920190374080617 0.05677083333333333 0.15925925925925927 
27 0.7460073815396747 0.7847361114017748 0.06145833333333333 0.1425925925925926 
32 0.5743104660185463 0.812099491151426 0.043229166666666666 0.09351851851851851 
4 0.3175590216005153 0.4935556687951208 0.025520833333333333 0.0712962962962963 
35 0.8310525998536848 0.7860294033752169 0.018229166666666668 0.041666666666666664 
29 0.1250877618780829 0.6972366878916324 0.08020833333333334 0.17314814814814813 
4 0.8585682601652906 0.745961487055734 0.03958333333333333 0.11018518518518519 
27 0.040940830084372826 0.17960139083938875 0.04375 0.10185185185185185 
2 0.7861434454181646 0.453542565260601 0.0515625 0.14537037037037037 
11 0.6710056408873591 0.2366402697023076 0.041666666666666664 0.11851851851851852 
17 0.9182534782802744 0.8517099172174751 0.042708333333333334 0.10833333333333334 
19 0.623671004801862 0.36680180905424864 0.0171875 0.037037037037037035 
17 0.4987980870297711 0.11988946523639206 0.0203125 0.05185185185185185 
29 0.6630062268304483 0.27815309464773663 0.014583333333333334 0.03148148148148148 
11 0.43133362968812267 0.28990892861796647 0.016145833333333335 0.04722222222222222 
23 0.3977114769083845 0.09644424735303224 0.044270833333333336 0.11203703703703703 
7 0.15411507101821317 0.7719297947389249 0.05572916666666667 0.15648148148148147 
21 0.17845689576754742 0.1504134326491249 0.033854166666666664 0.0962962962962963 
17 0.794411003031117 0.7699268859399321 0.007291666666666667 0.017592592592592594 
18 0.35579990694721 0.7382640631429412 0.06666666666666667 0.1361111111111111 
20 0.08565156371230126 0.6472551735918494 0.01875 0.10462962962962963 
9 0.6040703222833386 0.30415852234227975 0.04375 0.12037037037037036 
33 0.5914458083946919 0.19477618715958978 0.058854166666666666 0.1361111111111111 
17 0.5151266177640967 0.9136443703457118 0.052083333333333336 0.13148148148148148 
18 0.6470344683326537 0.444965910004829 0.058333333333333334 0.12037037037037036 
14 0.09264651568649881 0.06060762660564444 0.021354166666666667 0.04814814814814815 
