0 0.8052083333333333 0.6657407407407407 0.21041666666666667 0.08518518518518518
1 0.4591145833333333 0.3231481481481482 0.19635416666666666 0.2462962962962963
31 0.40078125 0.3106481481481482 0.0067708333333333336 0.017592592592592594 
19 0.4080729166666667 0.3106481481481482 0.0078125 0.017592592592592594 
31 0.4153645833333333 0.3106481481481482 0.0067708333333333336 0.017592592592592594 
10 0.42552083333333335 0.3106481481481482 0.00625 0.017592592592592594 
11 0.4317708333333333 0.3106481481481482 0.00625 0.017592592592592594 
8 0.4380208333333333 0.3106481481481482 0.00625 0.017592592592592594 
6 0.44791666666666663 0.3106481481481482 0.00625 0.017592592592592594 
3 0.45416666666666666 0.3106481481481482 0.00625 0.017592592592592594 
5 0.46041666666666664 0.3106481481481482 0.00625 0.017592592592592594 
6 0.47031249999999997 0.3106481481481482 0.00625 0.017592592592592594 
5 0.4765625 0.3106481481481482 0.00625 0.017592592592592594 
2 0.4828125 0.3106481481481482 0.00625 0.017592592592592594 
