0 0.7528645833333333 0.725 0.29010416666666666 0.11666666666666667
1 0.37187499999999996 0.449537037037037 0.2708333333333333 0.3398148148148148
20 0.2890625 0.4324074074074074 0.004166666666666667 0.024074074074074074 
32 0.29661458333333335 0.4324074074074074 0.0109375 0.024074074074074074 
28 0.30807291666666664 0.43333333333333335 0.011979166666666667 0.025925925925925925 
11 0.3234375 0.4324074074074074 0.008333333333333333 0.024074074074074074 
9 0.3317708333333333 0.4324074074074074 0.008333333333333333 0.024074074074074074 
10 0.34010416666666665 0.4324074074074074 0.008333333333333333 0.024074074074074074 
6 0.3536458333333333 0.4324074074074074 0.008333333333333333 0.024074074074074074 
7 0.36197916666666663 0.4324074074074074 0.008333333333333333 0.024074074074074074 
7 0.3703125 0.4324074074074074 0.008333333333333333 0.024074074074074074 
9 0.38385416666666666 0.4324074074074074 0.008333333333333333 0.024074074074074074 
4 0.39218749999999997 0.4324074074074074 0.008333333333333333 0.024074074074074074 
11 0.4005208333333333 0.4324074074074074 0.008333333333333333 0.024074074074074074 
