17 0.09816731190795591 0.6466263781037646 0.029166666666666667 0.07314814814814814 
36 0.32578274021650216 0.19157652303423772 0.05 0.11481481481481481 
4 0.4418982309923854 0.686073922326659 0.03333333333333333 0.09351851851851851 
34 0.48959379466068614 0.6611918382930448 0.0515625 0.08518518518518518 
12 0.2569739731801203 0.1325991807388473 0.07395833333333333 0.15925925925925927 
7 0.38052940862680124 0.8611051119943 0.0078125 0.022222222222222223 
2 0.12586371392960755 0.40482612004978724 0.0203125 0.05740740740740741 
4 0.8986511577635564 0.817506652736661 0.04010416666666667 0.11203703703703703 
36 0.19488757597831977 0.08984239045112072 0.0078125 0.01574074074074074 
18 0.1148522289710082 0.14348171037358237 0.071875 0.14722222222222223 
8 0.5111213325202644 0.3587152035014589 0.007291666666666667 0.019444444444444445 
35 0.5824432156442114 0.7495668102510138 0.019791666666666666 0.04537037037037037 
10 0.9522481498949492 0.8745494096042 0.0203125 0.05740740740740741 
5 0.5659348229360851 0.37262579413909047 0.011458333333333333 0.03148148148148148 
3 0.17994024913975315 0.17775422445432645 0.029166666666666667 0.08148148148148149 
27 0.535585145195883 0.7757975636107525 0.042708333333333334 0.09907407407407408 
19 0.8487350545595025 0.8930323834418434 0.0375 0.08055555555555556 
7 0.7779837131845925 0.6708875205146249 0.0625 0.175 
8 0.560383706570463 0.6619594732604692 0.009895833333333333 0.026851851851851852 
