18 0.42121273640646434 0.15428171319938966 0.0859375 0.17685185185185184 
2 0.07275347849623434 0.9008485616058417 0.05625 0.16018518518518518 
12 0.5714452114238926 0.37016908726564046 0.017708333333333333 0.03796296296296296 
36 0.3073432052295922 0.5285112530111552 0.053125 0.12222222222222222 
34 0.6871806448183743 0.3999826230580761 0.09791666666666667 0.16018518518518518 
5 0.6321405396273942 0.2713845312815635 0.0390625 0.1111111111111111 
20 0.851645493466483 0.4449625438407873 0.024479166666666666 0.13518518518518519 
17 0.2911780565901098 0.7184358563052147 0.06875 0.175 
9 0.8887651253070897 0.65704171433433 0.0390625 0.10740740740740741 
26 0.11941769208545186 0.8578194938050735 0.08854166666666667 0.1814814814814815 
5 0.0440427502948969 0.26768360202982106 0.028645833333333332 0.08055555555555556 
