18 0.16099461456736908 0.17484769699362154 0.024479166666666666 0.05092592592592592 
2 0.0337123913220964 0.7091482860952555 0.021354166666666667 0.06111111111111111 
17 0.08810057819521248 0.206075050536734 0.004166666666666667 0.010185185185185186 
7 0.7616343840406194 0.5949480195121565 0.034895833333333334 0.09814814814814815 
5 0.8883212867306322 0.3895341266001455 0.044270833333333336 0.125 
13 0.43399618875149476 0.6212373829793142 0.03802083333333333 0.0824074074074074 
7 0.18010323840145004 0.4236411746378251 0.0640625 0.1787037037037037 
13 0.7783160443595052 0.33081044366015566 0.078125 0.1685185185185185 
13 0.4005453628163551 0.7602540471665639 0.050520833333333334 0.10833333333333334 
35 0.34499350720718513 0.47181921524374704 0.036458333333333336 0.08518518518518518 
11 0.6075348074170756 0.8869003477467141 0.011979166666666667 0.03518518518518519 
29 0.8971898122896391 0.4408903818233966 0.075 0.16111111111111112 
8 0.7169965132940626 0.8470458383848145 0.04895833333333333 0.13796296296296295 
35 0.9775762686330561 0.6160404540234644 0.014583333333333334 0.03425925925925926 
14 0.35480120413882266 0.5349794778605269 0.06510416666666667 0.14444444444444443 
9 0.8073010766231211 0.2360843015473172 0.03854166666666667 0.10648148148148148 
16 0.37676046794048473 0.9404999641661768 0.03802083333333333 0.08796296296296297 
19 0.48058400615497276 0.4864634009375119 0.007291666666666667 0.01574074074074074 
21 0.4390520325474874 0.9634353255945853 0.003125 0.009259259259259259 
16 0.4853903228850716 0.2942657237837282 0.016145833333333335 0.037037037037037035 
8 0.10702103529501863 0.16164340457401188 0.034375 0.09814814814814815 
