0 0.11432291666666666 0.28425925925925927 0.1015625 0.040740740740740744
1 0.4598958333333333 0.3583333333333333 0.09479166666666666 0.11851851851851852
27 0.4315104166666667 0.3523148148148148 0.0036458333333333334 0.008333333333333333 
26 0.4354166666666667 0.3523148148148148 0.004166666666666667 0.008333333333333333 
26 0.4395833333333333 0.3523148148148148 0.004166666666666667 0.008333333333333333 
9 0.4447916666666667 0.3523148148148148 0.003125 0.008333333333333333 
11 0.4473958333333334 0.3523148148148148 0.003125 0.008333333333333333 
5 0.45 0.3523148148148148 0.003125 0.008333333333333333 
9 0.45416666666666666 0.3523148148148148 0.003125 0.008333333333333333 
3 0.45651041666666664 0.3523148148148148 0.0026041666666666665 0.008333333333333333 
11 0.45937500000000003 0.3523148148148148 0.003125 0.008333333333333333 
4 0.46328125 0.3523148148148148 0.0026041666666666665 0.008333333333333333 
8 0.46614583333333337 0.3523148148148148 0.003125 0.008333333333333333 
2 0.4684895833333333 0.3523148148148148 0.0026041666666666665 0.008333333333333333 
