0 0.026041666666666664 0.7856481481481482 0.03958333333333333 0.01574074074074074
1 0.63515625 0.6398148148148148 0.03697916666666667 0.046296296296296294
23 0.6236979166666666 0.6370370370370371 0.0015625 0.003703703703703704 
18 0.6252604166666667 0.6375 0.0015625 0.004629629629629629 
16 0.6268229166666667 0.6370370370370371 0.0015625 0.003703703703703704 
10 0.62890625 0.6375 0.0015625 0.004629629629629629 
3 0.6296875 0.6370370370370371 0.0010416666666666667 0.003703703703703704 
6 0.6309895833333333 0.6370370370370371 0.0015625 0.003703703703703704 
7 0.6325520833333332 0.6375 0.0015625 0.004629629629629629 
4 0.63359375 0.6370370370370371 0.0015625 0.003703703703703704 
7 0.6346354166666667 0.6375 0.0015625 0.004629629629629629 
7 0.6361979166666666 0.6375 0.0015625 0.004629629629629629 
8 0.6372395833333333 0.6375 0.0015625 0.004629629629629629 
11 0.6382812499999999 0.6375 0.0015625 0.004629629629629629 
