0 0.28984375 0.22453703703703703 0.5088541666666667 0.2064814814814815
1 0.5661458333333333 0.3449074074074074 0.475 0.5972222222222222
23 0.4260416666666667 0.3148148148148148 0.016666666666666666 0.04259259259259259 
18 0.44505208333333335 0.31481481481481477 0.021354166666666667 0.044444444444444446 
36 0.46484375 0.3148148148148148 0.019270833333333334 0.04259259259259259 
4 0.4903645833333333 0.3148148148148148 0.015104166666666667 0.04259259259259259 
10 0.50546875 0.31527777777777777 0.015104166666666667 0.04351851851851852 
5 0.5205729166666667 0.31527777777777777 0.015104166666666667 0.04351851851851852 
9 0.54453125 0.31527777777777777 0.015104166666666667 0.041666666666666664 
4 0.5596354166666667 0.3148148148148148 0.015104166666666667 0.04259259259259259 
7 0.5747395833333333 0.31574074074074077 0.015104166666666667 0.04259259259259259 
5 0.5986979166666667 0.31527777777777777 0.015104166666666667 0.04351851851851852 
5 0.6138020833333333 0.31527777777777777 0.015104166666666667 0.04351851851851852 
3 0.62890625 0.3148148148148148 0.015104166666666667 0.04259259259259259 
