0 0.86796875 0.3351851851851852 0.2515625 0.10185185185185185
1 0.15859375 0.4587962962962963 0.23489583333333333 0.2953703703703704
18 0.09010416666666667 0.44351851851851853 0.010416666666666666 0.020370370370370372 
21 0.09895833333333333 0.44351851851851853 0.007291666666666667 0.020370370370370372 
19 0.10729166666666666 0.44351851851851853 0.009375 0.020370370370370372 
8 0.11979166666666667 0.44351851851851853 0.007291666666666667 0.020370370370370372 
3 0.12708333333333333 0.44351851851851853 0.007291666666666667 0.020370370370370372 
8 0.134375 0.44351851851851853 0.007291666666666667 0.020370370370370372 
6 0.14583333333333331 0.44351851851851853 0.007291666666666667 0.020370370370370372 
5 0.15312499999999998 0.44351851851851853 0.007291666666666667 0.020370370370370372 
8 0.16041666666666665 0.44351851851851853 0.007291666666666667 0.020370370370370372 
5 0.171875 0.44351851851851853 0.007291666666666667 0.020370370370370372 
3 0.17916666666666664 0.44351851851851853 0.007291666666666667 0.020370370370370372 
10 0.1864583333333333 0.44351851851851853 0.007291666666666667 0.020370370370370372 
