0 0.21744791666666669 0.5226851851851851 0.3307291666666667 0.13425925925925927
1 0.48515625 0.4412037037037037 0.30885416666666665 0.38796296296296295
15 0.39505208333333336 0.4222222222222222 0.013020833333333334 0.027777777777777776 
13 0.4080729166666667 0.4222222222222222 0.013020833333333334 0.027777777777777776 
34 0.42317708333333337 0.4222222222222222 0.0171875 0.027777777777777776 
5 0.44244791666666666 0.4222222222222222 0.009895833333333333 0.027777777777777776 
5 0.45234375 0.4222222222222222 0.009895833333333333 0.027777777777777776 
9 0.4622395833333333 0.4222222222222222 0.009895833333333333 0.027777777777777776 
11 0.4778645833333333 0.4222222222222222 0.009895833333333333 0.027777777777777776 
10 0.48776041666666664 0.4222222222222222 0.009895833333333333 0.027777777777777776 
10 0.49765625 0.4222222222222222 0.009895833333333333 0.027777777777777776 
7 0.51328125 0.4222222222222222 0.009895833333333333 0.027777777777777776 
4 0.5231770833333333 0.4222222222222222 0.009895833333333333 0.027777777777777776 
11 0.5330729166666667 0.4222222222222222 0.009895833333333333 0.027777777777777776 
