0 0.4986979166666667 0.2685185185185185 0.3692708333333333 0.15
1 0.3666666666666667 0.3175925925925926 0.34479166666666666 0.43333333333333335
18 0.26640625 0.2967592592592593 0.015104166666666667 0.030555555555555555 
15 0.28098958333333335 0.2967592592592593 0.0140625 0.030555555555555555 
35 0.2947916666666667 0.2967592592592593 0.013541666666666667 0.030555555555555555 
6 0.31328125 0.2972222222222222 0.0109375 0.02962962962962963 
7 0.32421875 0.2972222222222222 0.0109375 0.02962962962962963 
3 0.33515625000000004 0.2972222222222222 0.0109375 0.02962962962962963 
10 0.35286458333333337 0.2972222222222222 0.0109375 0.02962962962962963 
7 0.36380208333333336 0.2972222222222222 0.0109375 0.02962962962962963 
6 0.37473958333333335 0.2972222222222222 0.0109375 0.02962962962962963 
2 0.3924479166666667 0.2972222222222222 0.0109375 0.02962962962962963 
11 0.40338541666666666 0.2972222222222222 0.0109375 0.02962962962962963 
4 0.4143229166666667 0.2972222222222222 0.0109375 0.02962962962962963 
