0 0.46744791666666663 0.3888888888888889 0.4786458333333333 0.19444444444444445
1 0.4197916666666667 0.43101851851851847 0.446875 0.562037037037037
37 0.28802083333333334 0.4032407407407408 0.015625 0.03981481481481482 
32 0.30520833333333336 0.40370370370370373 0.01875 0.040740740740740744 
23 0.3223958333333333 0.4032407407407408 0.015625 0.03981481481481482 
5 0.3455729166666667 0.40370370370370373 0.0140625 0.040740740740740744 
7 0.35963541666666665 0.4041666666666667 0.0140625 0.03981481481481482 
10 0.37369791666666663 0.40370370370370373 0.0140625 0.040740740740740744 
6 0.39609374999999997 0.4032407407407408 0.0140625 0.03981481481481482 
5 0.41015625 0.40370370370370373 0.0140625 0.040740740740740744 
5 0.42421875 0.40370370370370373 0.0140625 0.040740740740740744 
2 0.4466145833333333 0.40370370370370373 0.0140625 0.040740740740740744 
6 0.46067708333333335 0.4032407407407408 0.0140625 0.03981481481481482 
11 0.4747395833333333 0.40370370370370373 0.0140625 0.040740740740740744 
