0 0.6940104166666666 0.8708333333333332 0.06302083333333333 0.025
1 0.6638020833333333 0.39537037037037037 0.058854166666666666 0.07407407407407407
21 0.6463541666666667 0.39166666666666666 0.0020833333333333333 0.005555555555555556 
19 0.6486979166666667 0.39166666666666666 0.0026041666666666665 0.005555555555555556 
31 0.6510416666666667 0.39166666666666666 0.0020833333333333333 0.005555555555555556 
11 0.6541666666666667 0.39166666666666666 0.0020833333333333333 0.005555555555555556 
3 0.65625 0.39166666666666666 0.0020833333333333333 0.005555555555555556 
5 0.6583333333333334 0.39166666666666666 0.0020833333333333333 0.005555555555555556 
8 0.6614583333333334 0.39166666666666666 0.0020833333333333333 0.005555555555555556 
6 0.6635416666666667 0.39166666666666666 0.0020833333333333333 0.005555555555555556 
11 0.665625 0.39166666666666666 0.0020833333333333333 0.005555555555555556 
5 0.6687500000000001 0.39166666666666666 0.0020833333333333333 0.005555555555555556 
5 0.6708333333333334 0.39166666666666666 0.0020833333333333333 0.005555555555555556 
10 0.6729166666666667 0.39166666666666666 0.0020833333333333333 0.005555555555555556 
