0 0.17838541666666669 0.6078703703703704 0.2859375 0.11574074074074074
1 0.6705729166666667 0.5203703703703704 0.2671875 0.3351851851851852
22 0.5927083333333334 0.5037037037037037 0.011458333333333333 0.024074074074074074 
23 0.6026041666666666 0.5037037037037037 0.009375 0.024074074074074074 
31 0.6119791666666666 0.5037037037037037 0.009375 0.024074074074074074 
5 0.6260416666666666 0.5037037037037037 0.008333333333333333 0.024074074074074074 
11 0.634375 0.5037037037037037 0.008333333333333333 0.024074074074074074 
5 0.6427083333333333 0.5037037037037037 0.008333333333333333 0.024074074074074074 
9 0.65625 0.5037037037037037 0.008333333333333333 0.024074074074074074 
7 0.6645833333333333 0.5037037037037037 0.008333333333333333 0.024074074074074074 
2 0.6729166666666666 0.5037037037037037 0.008333333333333333 0.024074074074074074 
4 0.6864583333333333 0.5037037037037037 0.008333333333333333 0.024074074074074074 
10 0.6947916666666667 0.5037037037037037 0.008333333333333333 0.024074074074074074 
4 0.703125 0.5037037037037037 0.008333333333333333 0.024074074074074074 
