0 0.4627604166666667 0.7166666666666667 0.0796875 0.03148148148148148
1 0.3182291666666667 0.08287037037037037 0.07395833333333333 0.09351851851851851
23 0.29609375 0.07824074074074074 0.0026041666666666665 0.006481481481481481 
14 0.2989583333333334 0.07824074074074074 0.003125 0.006481481481481481 
14 0.30208333333333337 0.07824074074074074 0.003125 0.006481481481481481 
10 0.3065104166666667 0.07824074074074074 0.0026041666666666665 0.006481481481481481 
7 0.3091145833333333 0.07824074074074074 0.0026041666666666665 0.006481481481481481 
6 0.31171875 0.07824074074074074 0.0026041666666666665 0.006481481481481481 
6 0.31588541666666664 0.07824074074074074 0.0026041666666666665 0.006481481481481481 
6 0.3184895833333333 0.07824074074074074 0.0026041666666666665 0.006481481481481481 
10 0.32109374999999996 0.07824074074074074 0.0026041666666666665 0.006481481481481481 
5 0.32526041666666666 0.07824074074074074 0.0026041666666666665 0.006481481481481481 
4 0.3278645833333333 0.07824074074074074 0.0026041666666666665 0.006481481481481481 
11 0.33046875 0.07824074074074074 0.0026041666666666665 0.006481481481481481 
