0 0.3890625 0.2152777777777778 0.20520833333333333 0.0824074074074074
1 0.44479166666666664 0.562037037037037 0.19166666666666668 0.24074074074074073
12 0.3890625 0.5504629629629629 0.008333333333333333 0.017592592592592594 
21 0.3958333333333333 0.5504629629629629 0.00625 0.017592592592592594 
20 0.4005208333333334 0.5504629629629629 0.003125 0.017592592592592594 
9 0.40885416666666663 0.5504629629629629 0.00625 0.017592592592592594 
2 0.41510416666666666 0.5504629629629629 0.00625 0.017592592592592594 
10 0.42135416666666664 0.5504629629629629 0.00625 0.017592592592592594 
4 0.43124999999999997 0.5504629629629629 0.00625 0.017592592592592594 
8 0.4375 0.5504629629629629 0.00625 0.017592592592592594 
2 0.44375 0.5504629629629629 0.00625 0.017592592592592594 
11 0.4536458333333333 0.5504629629629629 0.00625 0.017592592592592594 
2 0.45989583333333334 0.5504629629629629 0.00625 0.017592592592592594 
4 0.4661458333333333 0.5504629629629629 0.00625 0.017592592592592594 
