0 0.8416666666666667 0.29305555555555557 0.16458333333333333 0.06574074074074074
1 0.3861979166666667 0.7759259259259259 0.15364583333333334 0.1925925925925926
34 0.3421875 0.7657407407407408 0.008333333333333333 0.012962962962962963 
20 0.34713541666666664 0.7657407407407408 0.0026041666666666665 0.012962962962962963 
32 0.3515625 0.7657407407407408 0.00625 0.012962962962962963 
11 0.35963541666666665 0.7657407407407408 0.0046875 0.012962962962962963 
6 0.36432291666666666 0.7657407407407408 0.0046875 0.012962962962962963 
10 0.3690104166666666 0.7657407407407408 0.0046875 0.012962962962962963 
3 0.3763020833333333 0.7657407407407408 0.0046875 0.012962962962962963 
4 0.3809895833333333 0.7657407407407408 0.0046875 0.012962962962962963 
6 0.38567708333333334 0.7657407407407408 0.0046875 0.012962962962962963 
2 0.39296875 0.7657407407407408 0.0046875 0.012962962962962963 
9 0.39765625 0.7657407407407408 0.0046875 0.012962962962962963 
7 0.40234375 0.7657407407407408 0.0046875 0.012962962962962963 
