0 0.7161458333333333 0.8407407407407407 0.2552083333333333 0.1037037037037037
1 0.40859375000000003 0.3310185185185185 0.23802083333333332 0.29907407407407405
31 0.33854166666666663 0.3162037037037037 0.008333333333333333 0.021296296296296296 
18 0.34791666666666665 0.3162037037037037 0.010416666666666666 0.021296296296296296 
16 0.35781250000000003 0.3162037037037037 0.009375 0.021296296296296296 
2 0.37109375 0.3162037037037037 0.0078125 0.021296296296296296 
6 0.37890625 0.3162037037037037 0.0078125 0.021296296296296296 
7 0.38671875 0.3162037037037037 0.0078125 0.021296296296296296 
4 0.39921875 0.3162037037037037 0.0078125 0.021296296296296296 
10 0.40703125 0.3162037037037037 0.0078125 0.021296296296296296 
8 0.41484375 0.3162037037037037 0.0078125 0.021296296296296296 
3 0.42734375 0.3162037037037037 0.0078125 0.021296296296296296 
10 0.43515625 0.3162037037037037 0.0078125 0.021296296296296296 
7 0.44296875 0.3162037037037037 0.0078125 0.021296296296296296 
