18 0.17283403536206504 0.3066096459481066 0.05572916666666667 0.11481481481481481 
32 0.8510394859156896 0.615521085363367 0.0375 0.08148148148148149 
13 0.8624389791046058 0.204749947020218 0.008333333333333333 0.017592592592592594 
35 0.412095362614521 0.7953409812190618 0.052083333333333336 0.12129629629629629 
31 0.6721347528568724 0.9357210659703387 0.04010416666666667 0.10185185185185185 
2 0.6953179453102823 0.41446731589301306 0.0296875 0.08333333333333333 
20 0.7353660191304847 0.4782547125708727 0.024479166666666666 0.1361111111111111 
34 0.01464928482210038 0.8706172896975678 0.016666666666666666 0.026851851851851852 
26 0.7976122881827198 0.4704279942908434 0.05677083333333333 0.11666666666666667 
2 0.21542380291999894 0.34713423483779055 0.019270833333333334 0.05462962962962963 
18 0.44317423571367187 0.09967462495057022 0.03333333333333333 0.06851851851851852 
26 0.22887557809384412 0.6954594648854889 0.0703125 0.14444444444444443 
29 0.909837384587886 0.48100458821373204 0.06614583333333333 0.1425925925925926 
