0 0.21744791666666669 0.47916666666666663 0.17239583333333333 0.06944444444444445
1 0.7091145833333333 0.7388888888888889 0.1609375 0.20185185185185187
27 0.6611979166666666 0.7282407407407407 0.005729166666666666 0.013888888888888888 
30 0.6669270833333333 0.7282407407407407 0.005729166666666666 0.013888888888888888 
31 0.67265625 0.7282407407407407 0.005729166666666666 0.013888888888888888 
3 0.6812499999999999 0.7282407407407407 0.005208333333333333 0.013888888888888888 
4 0.6864583333333333 0.7282407407407407 0.005208333333333333 0.013888888888888888 
10 0.6916666666666667 0.7282407407407407 0.005208333333333333 0.013888888888888888 
5 0.7 0.7282407407407407 0.005208333333333333 0.013888888888888888 
8 0.7052083333333333 0.7282407407407407 0.005208333333333333 0.013888888888888888 
3 0.7104166666666666 0.7282407407407407 0.005208333333333333 0.013888888888888888 
6 0.71875 0.7282407407407407 0.005208333333333333 0.013888888888888888 
8 0.7239583333333333 0.7282407407407407 0.005208333333333333 0.013888888888888888 
7 0.7291666666666666 0.7282407407407407 0.005208333333333333 0.013888888888888888 
