19 0.13551801823639648 0.8345034566912723 0.06354166666666666 0.1361111111111111 
2 0.5385745101268954 0.3217535283841963 0.008854166666666666 0.025 
16 0.2428280634293029 0.31438238015406256 0.06302083333333333 0.14722222222222223 
15 0.4617857796315589 0.5005653994736653 0.01875 0.03981481481481482 
21 0.8170346041226526 0.7756825516427401 0.03229166666666667 0.09166666666666666 
9 0.12949281250491823 0.3792156054360966 0.0171875 0.04814814814814815 
12 0.08961953515347944 0.6906507853156337 0.06770833333333333 0.14537037037037037 
29 0.7238825329144343 0.20615241604934353 0.07447916666666667 0.16018518518518518 
37 0.37776767926226573 0.4623476528530299 0.046875 0.11851851851851852 
21 0.17183440742955322 0.3985931771573144 0.057291666666666664 0.16296296296296298 
24 0.7037278532624421 0.7893303022480044 0.05416666666666667 0.10092592592592593 
35 0.7798400978989377 0.6485666143942495 0.04479166666666667 0.1037037037037037 
14 0.4770209845062089 0.44875957560309454 0.0109375 0.023148148148148147 
31 0.12943635096916667 0.36764795209237977 0.020833333333333332 0.05277777777777778 
29 0.19271079061748927 0.048531537021457904 0.024479166666666666 0.05277777777777778 
15 0.144847326276972 0.7220747576447423 0.06614583333333333 0.1425925925925926 
13 0.4580269101452392 0.9079161835546518 0.04791666666666667 0.1037037037037037 
6 0.5689085729026621 0.7198248290142057 0.0296875 0.0824074074074074 
21 0.8098166067696644 0.3194424724887117 0.036458333333333336 0.1037037037037037 
2 0.28968253672618643 0.5003478176682189 0.042708333333333334 0.12037037037037036 
13 0.3248642526507402 0.3941963638342413 0.034895833333333334 0.07592592592592592 
26 0.43694777344652364 0.1334044390851531 0.0765625 0.15833333333333333 
30 0.27503540126569076 0.5075198950513041 0.06145833333333333 0.14722222222222223 
28 0.8847031091433879 0.36285783733719157 0.07604166666666666 0.16944444444444445 
16 0.5949464589931354 0.24976839327353112 0.034375 0.07962962962962963 
34 0.3193027842191306 0.15974251435479694 0.08020833333333334 0.13148148148148148 
4 0.8792357541599343 0.86838106770782 0.05625 0.1574074074074074 
29 0.22675332090565564 0.6243016585559005 0.004166666666666667 0.008333333333333333 
11 0.07036508041433598 0.4681609465712858 0.046875 0.13240740740740742 
33 0.388972849798692 0.2649486887512332 0.005729166666666666 0.012962962962962963 
18 0.8385595810365322 0.10639667111446474 0.024479166666666666 0.05 
18 0.27110402229514285 0.943863462279577 0.042708333333333334 0.08703703703703704 
20 0.5396628598192924 0.36804440498554486 0.015625 0.08703703703703704 
18 0.6807446136322723 0.38805067568963003 0.0390625 0.07962962962962963 
