19 0.7226283761648229 0.14549154868713454 0.0640625 0.13703703703703704 
9 0.11022631442600882 0.14742266750174748 0.0328125 0.08981481481481482 
28 0.5099203812347125 0.5513968001360423 0.08697916666666666 0.1935185185185185 
23 0.5964863806824612 0.8778231220101995 0.028645833333333332 0.07314814814814814 
36 0.47651391837503054 0.7660379229358946 0.0453125 0.1037037037037037 
7 0.7021183702770037 0.5664705148925827 0.0515625 0.14351851851851852 
26 0.03575301242876147 0.5110652707593932 0.050520833333333334 0.10462962962962963 
9 0.7502752018588129 0.47606083306145736 0.003125 0.008333333333333333 
26 0.9260968992263925 0.881518514881168 0.058854166666666666 0.12129629629629629 
4 0.5169239052503746 0.32735419405599364 0.013020833333333334 0.03611111111111111 
15 0.022985226745651205 0.7959005337300997 0.010416666666666666 0.022222222222222223 
32 0.4549084878715956 0.5993034732037157 0.0671875 0.14629629629629629 
30 0.0346073868758623 0.7084261475217556 0.034895833333333334 0.0824074074074074 
15 0.1533545294237448 0.7496283948034884 0.05 0.10740740740740741 
15 0.3784033592859119 0.9117202360349788 0.06666666666666667 0.14351851851851852 
2 0.46820403826451723 0.6031656794524084 0.008854166666666666 0.025 
28 0.5897132584523657 0.13098095280313377 0.057291666666666664 0.12685185185185185 
8 0.6294853066760235 0.7424639550376532 0.0140625 0.040740740740740744 
4 0.6752030539423816 0.8997356875618217 0.015625 0.044444444444444446 
30 0.7502937419564571 0.9280041296263722 0.0171875 0.041666666666666664 
36 0.7822387053561447 0.39776335998825907 0.008333333333333333 0.017592592592592594 
35 0.7761377808329114 0.36027845547308224 0.07291666666666667 0.16944444444444445 
33 0.20859893791271258 0.6044900982587573 0.041666666666666664 0.09722222222222222 
21 0.760013387071201 0.8646409780243394 0.06197916666666667 0.17592592592592593 
23 0.34340275919900315 0.13103614777893485 0.020833333333333332 0.05277777777777778 
16 0.265904730115363 0.3360792074349469 0.008333333333333333 0.019444444444444445 
12 0.017855475483508305 0.7278017370878387 0.005208333333333333 0.010185185185185186 
23 0.7189919690596718 0.9407396366680408 0.015625 0.03888888888888889 
19 0.0948634343807826 0.8485782301022671 0.05260416666666667 0.11296296296296296 
37 0.15610877564048936 0.4733765721906014 0.06197916666666667 0.1574074074074074 
3 0.04977445299779001 0.7873316214726259 0.05416666666666667 0.15185185185185185 
31 0.12290303404461841 0.16226095234177326 0.0026041666666666665 0.006481481481481481 
