0 0.5643229166666667 0.16203703703703703 0.4796875 0.19444444444444445
1 0.46979166666666666 0.35555555555555557 0.4479166666666667 0.562962962962963
32 0.33958333333333335 0.3287037037037037 0.01875 0.040740740740740744 
22 0.35833333333333334 0.3282407407407408 0.01875 0.03981481481481482 
34 0.3799479166666667 0.3282407407407408 0.024479166666666666 0.03981481481481482 
11 0.40703125 0.3287037037037037 0.0140625 0.040740740740740744 
10 0.42109375 0.3287037037037037 0.0140625 0.040740740740740744 
9 0.43515624999999997 0.32870370370370366 0.0140625 0.03888888888888889 
8 0.4575520833333333 0.3287037037037037 0.0140625 0.040740740740740744 
7 0.47161458333333334 0.32916666666666666 0.0140625 0.03981481481481482 
5 0.4856770833333333 0.3287037037037037 0.0140625 0.040740740740740744 
7 0.5080729166666668 0.32916666666666666 0.0140625 0.03981481481481482 
11 0.5221354166666667 0.3287037037037037 0.0140625 0.040740740740740744 
2 0.5361979166666667 0.3287037037037037 0.0140625 0.040740740740740744 
