0 0.7625 0.41712962962962963 0.08645833333333333 0.03425925925925926
1 0.5580729166666667 0.4393518518518519 0.08072916666666667 0.10092592592592593
12 0.5341145833333334 0.4342592592592593 0.0036458333333333334 0.007407407407407408 
37 0.5375 0.4342592592592593 0.003125 0.007407407407407408 
15 0.5408854166666667 0.4342592592592593 0.0036458333333333334 0.007407407407407408 
8 0.5455729166666667 0.4342592592592593 0.0026041666666666665 0.007407407407407408 
2 0.5481770833333334 0.4342592592592593 0.0026041666666666665 0.007407407407407408 
9 0.55078125 0.4342592592592593 0.0026041666666666665 0.007407407407407408 
3 0.5549479166666667 0.4342592592592593 0.0026041666666666665 0.007407407407407408 
2 0.5575520833333334 0.4342592592592593 0.0026041666666666665 0.007407407407407408 
3 0.56015625 0.4342592592592593 0.0026041666666666665 0.007407407407407408 
4 0.5643229166666667 0.4342592592592593 0.0026041666666666665 0.007407407407407408 
10 0.5669270833333334 0.4342592592592593 0.0026041666666666665 0.007407407407407408 
2 0.56953125 0.4342592592592593 0.0026041666666666665 0.007407407407407408 
