0 0.334375 0.5398148148148147 0.4708333333333333 0.19074074074074074
1 0.40312499999999996 0.3513888888888889 0.4395833333333333 0.5527777777777778
28 0.2755208333333333 0.3259259259259259 0.019791666666666666 0.044444444444444446 
34 0.2973958333333333 0.32407407407407407 0.023958333333333335 0.03888888888888889 
31 0.3171875 0.32407407407407407 0.015625 0.03888888888888889 
11 0.3403645833333333 0.32407407407407407 0.0140625 0.040740740740740744 
2 0.35442708333333334 0.32407407407407407 0.0140625 0.040740740740740744 
11 0.3684895833333333 0.32407407407407407 0.0140625 0.040740740740740744 
4 0.39088541666666665 0.3236111111111111 0.0140625 0.03981481481481482 
2 0.40494791666666663 0.32407407407407407 0.0140625 0.040740740740740744 
8 0.41901041666666666 0.32407407407407407 0.0140625 0.040740740740740744 
11 0.44140625 0.32407407407407407 0.0140625 0.040740740740740744 
6 0.45546875 0.3236111111111111 0.0140625 0.03981481481481482 
11 0.46953125 0.32407407407407407 0.0140625 0.040740740740740744 
