0 0.6921875 0.512962962962963 0.3104166666666667 0.1259259259259259
1 0.19140625 0.24351851851851852 0.29010416666666666 0.3648148148148148
16 0.10598958333333333 0.22499999999999998 0.0109375 0.025925925925925925 
23 0.11666666666666667 0.22499999999999998 0.010416666666666666 0.025925925925925925 
15 0.12786458333333334 0.22499999999999998 0.011979166666666667 0.025925925925925925 
4 0.14427083333333335 0.22499999999999998 0.009375 0.025925925925925925 
7 0.15364583333333334 0.22499999999999998 0.009375 0.025925925925925925 
4 0.16302083333333334 0.22499999999999998 0.009375 0.025925925925925925 
3 0.178125 0.22499999999999998 0.009375 0.025925925925925925 
11 0.1875 0.22499999999999998 0.009375 0.025925925925925925 
5 0.19687500000000002 0.22499999999999998 0.009375 0.025925925925925925 
5 0.2119791666666667 0.22499999999999998 0.009375 0.025925925925925925 
7 0.22135416666666669 0.22499999999999998 0.009375 0.025925925925925925 
7 0.23072916666666668 0.22499999999999998 0.009375 0.025925925925925925 
