19 0.041362552808271176 0.21595822374173737 0.0328125 0.0712962962962963 
19 0.25027790635956604 0.4191803386932238 0.06614583333333333 0.1425925925925926 
13 0.2494028024763936 0.4333552265799083 0.0203125 0.04351851851851852 
7 0.18705276225919623 0.6786250431914553 0.014583333333333334 0.040740740740740744 
34 0.057398082260179825 0.8869853453962265 0.046875 0.07685185185185185 
32 0.7461867420157147 0.7351994651668683 0.027604166666666666 0.06018518518518518 
24 0.15383168878261672 0.7682135446001076 0.04375 0.08148148148148149 
34 0.6573732782011172 0.6626810853856964 0.09427083333333333 0.15462962962962962 
34 0.6179962656247863 0.40301003740681124 0.07864583333333333 0.12962962962962962 
36 0.11941625889288217 0.733062717179161 0.008333333333333333 0.017592592592592594 
14 0.25405200929851984 0.8405027202934329 0.06041666666666667 0.13333333333333333 
15 0.7598571178122329 0.9525531673350761 0.036458333333333336 0.0787037037037037 
22 0.7794299283828676 0.19152256292151948 0.021875 0.046296296296296294 
18 0.33111424991415184 0.12848181498303854 0.009895833333333333 0.019444444444444445 
17 0.04605917433491092 0.7791419905441209 0.0671875 0.1712962962962963 
22 0.07946636104382547 0.8722850506079302 0.011458333333333333 0.024074074074074074 
6 0.9009614302933818 0.7724439413017011 0.034375 0.0962962962962963 
34 0.8478609481605514 0.7252880068427545 0.00625 0.010185185185185186 
12 0.9446547078425639 0.1709717532168417 0.013020833333333334 0.027777777777777776 
7 0.3448568784111177 0.3247516044741629 0.036458333333333336 0.10185185185185185 
17 0.8389409345553246 0.19821903250485196 0.052083333333333336 0.13148148148148148 
34 0.7176071601349868 0.43681784382059163 0.0828125 0.1361111111111111 
15 0.5342065017709051 0.8781848868574771 0.0625 0.13425925925925927 
11 0.939041553624679 0.6172018888927229 0.013020833333333334 0.03796296296296296 
16 0.20017103032140057 0.1611229255220638 0.03697916666666667 0.08611111111111111 
34 0.7832642874162862 0.24022935841650728 0.10833333333333334 0.17777777777777778 
15 0.6410164899258127 0.5250512138345521 0.014583333333333334 0.03148148148148148 
2 0.24611495324390487 0.8173957882352283 0.01875 0.053703703703703705 
13 0.019114024941874773 0.40394871564383905 0.0171875 0.037037037037037035 
