19 0.7275718683551607 0.569258772650816 0.058333333333333334 0.1259259259259259 
20 0.6328805784948304 0.2651465097938913 0.01875 0.10648148148148148 
3 0.31642042573910567 0.9221499022854868 0.03229166666666667 0.08981481481481482 
30 0.5854629216033754 0.8075324417827394 0.008854166666666666 0.020370370370370372 
12 0.7405329201196826 0.52426857980773 0.05260416666666667 0.11296296296296296 
18 0.6098570733878826 0.3571477383379423 0.05572916666666667 0.11481481481481481 
7 0.2981555671089639 0.2294977724313524 0.06145833333333333 0.17222222222222222 
18 0.6575019556161588 0.49580952415689755 0.08958333333333333 0.18425925925925926 
22 0.06337396993817575 0.8238113393712192 0.05572916666666667 0.12037037037037036 
32 0.7835700866027444 0.6635491262759956 0.0546875 0.11944444444444445 
26 0.5297555173769964 0.7115661133314178 0.0546875 0.11203703703703703 
33 0.4478858408444836 0.8862614397640665 0.06666666666666667 0.15462962962962962 
28 0.07209943702102851 0.8213134306987119 0.0046875 0.009259259259259259 
3 0.8629425039812886 0.8700915601212458 0.027604166666666666 0.07685185185185185 
12 0.6186574359894879 0.7204150415842435 0.08229166666666667 0.17685185185185184 
3 0.7196443608037442 0.820526479075614 0.06197916666666667 0.17407407407407408 
28 0.04061652767998038 0.5681032636614762 0.08072916666666667 0.17962962962962964 
32 0.2293270028991877 0.6576020894259811 0.08020833333333334 0.175 
8 0.04298046482555122 0.5242417100853758 0.05416666666666667 0.1537037037037037 
29 0.8945323627154195 0.8374991892020512 0.0578125 0.12407407407407407 
35 0.08770595238416655 0.8169206982363987 0.051041666666666666 0.1175925925925926 
29 0.19325474994261127 0.26650913239350854 0.05416666666666667 0.11666666666666667 
19 0.5174884820395687 0.7587595176029823 0.03125 0.06666666666666667 
36 0.7695493672246513 0.39625928202543903 0.005729166666666666 0.012037037037037037 
5 0.4860382756357491 0.464725899648506 0.06197916666666667 0.17592592592592593 
18 0.8930445129734121 0.7834373648047723 0.08333333333333333 0.17222222222222222 
4 0.12756770576740709 0.17500911255219764 0.0109375 0.02962962962962963 
4 0.2363076281200641 0.34278049754709145 0.04375 0.12222222222222222 
8 0.6059141462840115 0.7289400132526578 0.027604166666666666 0.0787037037037037 
23 0.3864917005950953 0.6625686224899994 0.044270833333333336 0.11203703703703703 
15 0.30638245132217296 0.75417685511544 0.044270833333333336 0.09444444444444444 
