0 0.36067708333333337 0.14212962962962963 0.5484375 0.22314814814814815
1 0.6575520833333333 0.49027777777777776 0.5119791666666667 0.6435185185185185
36 0.5080729166666667 0.4587962962962963 0.0203125 0.04537037037037037 
31 0.52734375 0.4587962962962963 0.018229166666666668 0.04537037037037037 
33 0.5463541666666667 0.4587962962962963 0.019791666666666666 0.04537037037037037 
3 0.57421875 0.4583333333333333 0.016145833333333335 0.046296296296296294 
11 0.5903645833333333 0.45879629629629626 0.016145833333333335 0.04722222222222222 
10 0.6065104166666666 0.45879629629629626 0.016145833333333335 0.04722222222222222 
3 0.6325520833333333 0.4583333333333333 0.016145833333333335 0.046296296296296294 
10 0.6486979166666667 0.45879629629629626 0.016145833333333335 0.04722222222222222 
2 0.66484375 0.45879629629629626 0.016145833333333335 0.04722222222222222 
5 0.6908854166666667 0.45879629629629626 0.016145833333333335 0.04722222222222222 
5 0.70703125 0.45879629629629626 0.016145833333333335 0.04722222222222222 
9 0.7231770833333333 0.4587962962962963 0.016145833333333335 0.04537037037037037 
