0 0.3046875 0.5921296296296297 0.540625 0.21944444444444444
1 0.5177083333333333 0.37037037037037035 0.5052083333333334 0.6351851851851852
30 0.36953125000000003 0.3384259259259259 0.019270833333333334 0.04722222222222222 
21 0.3872395833333333 0.3388888888888889 0.016145833333333335 0.046296296296296294 
36 0.40494791666666663 0.33842592592592596 0.0203125 0.04537037037037037 
3 0.43255208333333334 0.33842592592592596 0.016145833333333335 0.04537037037037037 
8 0.44869791666666664 0.3388888888888889 0.016145833333333335 0.046296296296296294 
8 0.46484375 0.3388888888888889 0.016145833333333335 0.046296296296296294 
2 0.49088541666666663 0.3388888888888889 0.016145833333333335 0.046296296296296294 
3 0.50703125 0.33842592592592596 0.016145833333333335 0.04537037037037037 
5 0.5231770833333333 0.3388888888888889 0.016145833333333335 0.046296296296296294 
6 0.54921875 0.33842592592592596 0.016145833333333335 0.04537037037037037 
8 0.5653645833333333 0.3388888888888889 0.016145833333333335 0.046296296296296294 
6 0.5815104166666667 0.33842592592592596 0.016145833333333335 0.04537037037037037 
