0 0.3901041666666667 0.7064814814814815 0.3302083333333333 0.13333333333333333
1 0.1875 0.275 0.30833333333333335 0.387037037037037
20 0.09348958333333333 0.25601851851851853 0.0046875 0.026851851851851852 
30 0.1015625 0.25601851851851853 0.011458333333333333 0.026851851851851852 
13 0.11354166666666667 0.25601851851851853 0.0125 0.026851851851851852 
9 0.13046875 0.25601851851851853 0.009895833333333333 0.026851851851851852 
10 0.14036458333333332 0.25601851851851853 0.009895833333333333 0.026851851851851852 
11 0.15026041666666667 0.25601851851851853 0.009895833333333333 0.026851851851851852 
8 0.16588541666666667 0.25601851851851853 0.009895833333333333 0.026851851851851852 
6 0.17578125 0.25601851851851853 0.009895833333333333 0.026851851851851852 
9 0.18567708333333333 0.25601851851851853 0.009895833333333333 0.026851851851851852 
5 0.20130208333333333 0.25601851851851853 0.009895833333333333 0.026851851851851852 
8 0.21119791666666665 0.25601851851851853 0.009895833333333333 0.026851851851851852 
9 0.22109375 0.25601851851851853 0.009895833333333333 0.026851851851851852 
