19 0.7606886307525745 0.862268730821854 0.06822916666666666 0.14722222222222223 
23 0.3197833620944069 0.20420915388540373 0.036458333333333336 0.09259259259259259 
19 0.5683639239388766 0.5117977150956331 0.07447916666666667 0.16018518518518518 
5 0.47955821778883617 0.86490763039588 0.027083333333333334 0.07592592592592592 
35 0.4195798697584933 0.8391399243720603 0.0671875 0.15555555555555556 
11 0.5529362709397093 0.23761818053541217 0.014583333333333334 0.04259259259259259 
8 0.6458053922874388 0.4275613742378002 0.058333333333333334 0.16574074074074074 
31 0.3398308952744977 0.7517496514093654 0.0359375 0.09074074074074075 
4 0.5844804420560789 0.4928257074306678 0.059375 0.16666666666666666 
36 0.8551606483725719 0.3271970550646283 0.028125 0.06296296296296296 
31 0.5544011509681697 0.2592440817978836 0.0546875 0.1388888888888889 
10 0.6881967142244202 0.5958604988288465 0.053125 0.15 
34 0.5459272843492331 0.33921117193992334 0.08541666666666667 0.1398148148148148 
27 0.10281651043637563 0.1291847750218098 0.06302083333333333 0.14722222222222223 
20 0.9603272211548657 0.3457546800357527 0.0046875 0.025925925925925925 
18 0.7857596387257832 0.1788749331186177 0.07916666666666666 0.16296296296296298 
32 0.05928639671189524 0.27914815611843824 0.019270833333333334 0.041666666666666664 
33 0.45571151209370014 0.27830845930261644 0.019791666666666666 0.04537037037037037 
28 0.06427521345493664 0.5149853378255294 0.030208333333333334 0.06666666666666667 
15 0.31167889689012335 0.3852185512499561 0.007291666666666667 0.01574074074074074 
33 0.8098204097725593 0.2547551934627307 0.0125 0.028703703703703703 
6 0.8856571023131818 0.6621865221899224 0.0125 0.03518518518518519 
23 0.07993718128896556 0.1792247418466414 0.053125 0.13425925925925927 
13 0.06175360003409966 0.08994899025515524 0.04583333333333333 0.09814814814814815 
9 0.6997621703763071 0.7341505445517871 0.0203125 0.05648148148148148 
16 0.4591275364982458 0.338546733314104 0.0421875 0.09814814814814815 
18 0.8223186925138808 0.920682956343831 0.013541666666666667 0.026851851851851852 
4 0.8884316467058686 0.5258556040412032 0.022916666666666665 0.06388888888888888 
7 0.07461891479828832 0.08540610208632089 0.028125 0.0787037037037037 
2 0.6988963552986004 0.6800010627648923 0.010416666666666666 0.028703703703703703 
