19 0.1706222525766216 0.6729649304998759 0.075 0.16203703703703703 
24 0.6394240393223145 0.5265840917559661 0.043229166666666666 0.08055555555555556 
5 0.22023126981966148 0.8368249493367077 0.0296875 0.08333333333333333 
12 0.17867897505413233 0.2966084168332565 0.06197916666666667 0.13333333333333333 
13 0.09603532005080953 0.4631959177578349 0.049479166666666664 0.10648148148148148 
23 0.5721555644163364 0.19194403403386434 0.03802083333333333 0.09722222222222222 
33 0.27123656873148505 0.3289495218571247 0.0484375 0.11203703703703703 
26 0.4002004197839561 0.2757263397320721 0.06822916666666666 0.1398148148148148 
12 0.217999835461789 0.8439243519934443 0.0421875 0.09074074074074075 
31 0.9523585504663873 0.5370008365391272 0.026041666666666668 0.06574074074074074 
9 0.12051432358682967 0.43231826287902697 0.0578125 0.15925925925925927 
27 0.4519237739347191 0.8047254656041758 0.06770833333333333 0.1574074074074074 
8 0.4531360744939757 0.31294988663929624 0.028125 0.07962962962962963 
29 0.749329698028733 0.5439602843400616 0.00625 0.012962962962962963 
11 0.8267717919694211 0.7892308248475308 0.011979166666666667 0.03425925925925926 
24 0.13644538162962913 0.3631169704019102 0.027604166666666666 0.05185185185185185 
7 0.7825079039336401 0.11966891734828211 0.0515625 0.14444444444444443 
30 0.223103736543449 0.7610074514872791 0.04635416666666667 0.1111111111111111 
2 0.7371517830277351 0.8272730768865147 0.058333333333333334 0.16574074074074074 
19 0.18137546055139409 0.3684228608207905 0.03958333333333333 0.08518518518518518 
5 0.09413759984259137 0.6037588208615945 0.04375 0.125 
8 0.8958836396314885 0.42906863818451385 0.0140625 0.040740740740740744 
24 0.7192662833287525 0.5356978327569466 0.059895833333333336 0.1111111111111111 
35 0.19884529678137056 0.17212236950754545 0.03802083333333333 0.08703703703703704 
6 0.7132468914496283 0.7107844894337649 0.022916666666666665 0.06388888888888888 
30 0.6633996988947175 0.5492628026898347 0.017708333333333333 0.04259259259259259 
31 0.20305140857373818 0.666111885640283 0.016666666666666666 0.041666666666666664 
3 0.391163600559228 0.8428132865272896 0.03854166666666667 0.10833333333333334 
16 0.30570791927564905 0.460576627272101 0.043229166666666666 0.10092592592592593 
36 0.6930817724600913 0.33895843210888355 0.05625 0.1287037037037037 
34 0.17664080262539333 0.7648873137257334 0.0234375 0.03796296296296296 
22 0.1482892719438362 0.8268804759996069 0.0125 0.025925925925925925 
