19 0.5296688356256714 0.5461261176918282 0.020833333333333332 0.04537037037037037 
27 0.48246379066114653 0.765608463977493 0.06302083333333333 0.14629629629629629 
16 0.7459256787484435 0.5463336768273682 0.021875 0.05 
4 0.911281841397156 0.24180332978837787 0.04895833333333333 0.13703703703703704 
10 0.6522090359285921 0.8432598007497981 0.053125 0.15 
28 0.914613212634633 0.8718911341817375 0.005729166666666666 0.012037037037037037 
6 0.36706236425417216 0.7057728047014072 0.017708333333333333 0.049074074074074076 
29 0.007025720117375323 0.9386939097992522 0.011979166666666667 0.025 
21 0.30890044481354734 0.5806857141170991 0.03697916666666667 0.10555555555555556 
37 0.8692995601174506 0.7534007015243924 0.04739583333333333 0.12037037037037036 
28 0.28242098664620946 0.5421703158369799 0.011979166666666667 0.025925925925925925 
19 0.04019834971932227 0.2074777695566268 0.053125 0.11388888888888889 
17 0.5345413611049941 0.4692509461430415 0.046875 0.11851851851851852 
4 0.29801719247209774 0.21679277567314964 0.0265625 0.07407407407407407 
11 0.48249907195057956 0.6437594789564511 0.05416666666666667 0.15555555555555556 
6 0.06794210548576206 0.6621215077992328 0.042708333333333334 0.11944444444444445 
33 0.583034928811243 0.8860847016038776 0.0640625 0.14907407407407408 
30 0.3955982442379671 0.047941913719403775 0.005729166666666666 0.013888888888888888 
27 0.06900244693610041 0.5782520670415935 0.051041666666666666 0.11944444444444445 
