0 0.5825520833333333 0.6240740740740741 0.26510416666666664 0.10740740740740741
1 0.8343750000000001 0.5351851851851852 0.24791666666666667 0.3111111111111111
33 0.76171875 0.5194444444444444 0.009895833333333333 0.022222222222222223 
31 0.7705729166666666 0.5194444444444444 0.008854166666666666 0.022222222222222223 
34 0.7817708333333333 0.5194444444444444 0.013541666666666667 0.022222222222222223 
5 0.7971354166666667 0.5194444444444444 0.0078125 0.022222222222222223 
2 0.8049479166666667 0.5194444444444444 0.0078125 0.022222222222222223 
11 0.8127604166666667 0.5194444444444444 0.0078125 0.022222222222222223 
3 0.8252604166666667 0.5194444444444444 0.0078125 0.022222222222222223 
9 0.8330729166666667 0.5194444444444444 0.0078125 0.022222222222222223 
2 0.8408854166666667 0.5194444444444444 0.0078125 0.022222222222222223 
2 0.8533854166666667 0.5194444444444444 0.0078125 0.022222222222222223 
9 0.8611979166666667 0.5194444444444444 0.0078125 0.022222222222222223 
2 0.8690104166666667 0.5194444444444444 0.0078125 0.022222222222222223 
