0 0.8213541666666667 0.7601851851851852 0.146875 0.05925925925925926
1 0.23802083333333335 0.5833333333333334 0.1375 0.17222222222222222
27 0.19739583333333333 0.5745370370370371 0.005208333333333333 0.012037037037037037 
28 0.203125 0.5750000000000001 0.00625 0.012962962962962963 
36 0.20807291666666666 0.5745370370370371 0.005729166666666666 0.012037037037037037 
9 0.21562499999999998 0.5745370370370371 0.004166666666666667 0.012037037037037037 
6 0.21979166666666666 0.5745370370370371 0.004166666666666667 0.012037037037037037 
7 0.22395833333333331 0.5745370370370371 0.004166666666666667 0.012037037037037037 
3 0.23072916666666665 0.5745370370370371 0.004166666666666667 0.012037037037037037 
5 0.23489583333333333 0.5745370370370371 0.004166666666666667 0.012037037037037037 
10 0.23906249999999998 0.5745370370370371 0.004166666666666667 0.012037037037037037 
6 0.24583333333333332 0.5745370370370371 0.004166666666666667 0.012037037037037037 
6 0.25 0.5745370370370371 0.004166666666666667 0.012037037037037037 
3 0.25416666666666665 0.5745370370370371 0.004166666666666667 0.012037037037037037 
