0 0.3625 0.6856481481481482 0.40520833333333334 0.1638888888888889
1 0.7348958333333333 0.4175925925925926 0.378125 0.4759259259259259
32 0.6244791666666667 0.39351851851851855 0.015625 0.03518518518518519 
16 0.6395833333333334 0.39305555555555555 0.014583333333333334 0.03425925925925926 
36 0.65390625 0.39305555555555555 0.015104166666666667 0.03425925925925926 
3 0.6747395833333333 0.39305555555555555 0.011979166666666667 0.03425925925925926 
8 0.68671875 0.39351851851851855 0.011979166666666667 0.03518518518518519 
10 0.6986979166666667 0.39351851851851855 0.011979166666666667 0.03518518518518519 
2 0.71796875 0.39351851851851855 0.011979166666666667 0.03518518518518519 
6 0.7299479166666667 0.39305555555555555 0.011979166666666667 0.03425925925925926 
11 0.7419270833333333 0.39351851851851855 0.011979166666666667 0.03518518518518519 
6 0.7611979166666667 0.39305555555555555 0.011979166666666667 0.03425925925925926 
6 0.7731770833333333 0.39305555555555555 0.011979166666666667 0.03425925925925926 
6 0.78515625 0.39305555555555555 0.011979166666666667 0.03425925925925926 
