19 0.4829533350793514 0.4095460607061069 0.024479166666666666 0.05277777777777778 
34 0.8448625365536346 0.7806971546766922 0.059375 0.09722222222222222 
9 0.8277641594089562 0.5028787067503055 0.06354166666666666 0.175 
22 0.6950671318251255 0.7070812893874046 0.015104166666666667 0.03148148148148148 
16 0.7463827141877081 0.3990163016543143 0.06614583333333333 0.1537037037037037 
18 0.5847475495076452 0.18925331361427558 0.05572916666666667 0.11481481481481481 
35 0.1953554181644121 0.6847499369782245 0.004166666666666667 0.008333333333333333 
3 0.0805806443516448 0.1907322100826088 0.021354166666666667 0.06018518518518518 
31 0.5587955816295928 0.8823484797648834 0.040625 0.1037037037037037 
35 0.7120359644786133 0.45180741074805986 0.0140625 0.03148148148148148 
4 0.1772073967560284 0.6480857505402419 0.036458333333333336 0.10185185185185185 
18 0.7361571165006443 0.5874543124171436 0.06145833333333333 0.1259259259259259 
17 0.46824504739117245 0.21384283877319848 0.058854166666666666 0.14907407407407408 
3 0.30134707721904314 0.40343291417029303 0.03333333333333333 0.09351851851851851 
4 0.49049846118872864 0.2173495003810617 0.03958333333333333 0.11018518518518519 
16 0.2595340274713964 0.46114054383204545 0.050520833333333334 0.1175925925925926 
37 0.9076475536278141 0.7524088054276833 0.059375 0.15 
12 0.13671738319415372 0.332575285670661 0.053125 0.11481481481481481 
9 0.04489869111707757 0.23903081640166474 0.058333333333333334 0.16018518518518518 
13 0.0737389771935535 0.7960373231172367 0.05625 0.12129629629629629 
37 0.5080385256388055 0.09591099811590956 0.023958333333333335 0.06111111111111111 
21 0.7388358863838875 0.72275785740421 0.04375 0.12407407407407407 
27 0.5799596776553598 0.1015330626097235 0.043229166666666666 0.1 
22 0.4709115116574591 0.8893982526199814 0.033854166666666664 0.07314814814814814 
30 0.681923928321104 0.8449239316404352 0.06666666666666667 0.16111111111111112 
32 0.846697241925874 0.3474135367341333 0.015625 0.03425925925925926 
12 0.0633683712066831 0.3341514943687252 0.0078125 0.01574074074074074 
27 0.5220731098459422 0.7865833489232275 0.059375 0.1388888888888889 
36 0.3480244828516542 0.13720115237493224 0.04114583333333333 0.09444444444444444 
33 0.9286393927730997 0.2291841805432061 0.025520833333333333 0.05925925925925926 
36 0.3736609582793917 0.6247652541365325 0.034375 0.07777777777777778 
20 0.7447786653664394 0.4411611805105369 0.0140625 0.07777777777777778 
15 0.08717855788273825 0.16046152850385856 0.04114583333333333 0.08796296296296297 
22 0.03554120888893554 0.8657808387021229 0.0359375 0.07685185185185185 
