0 0.1953125 0.7171296296296297 0.3229166666666667 0.13055555555555556
1 0.7570312499999999 0.5782407407407407 0.3015625 0.3787037037037037
23 0.66796875 0.5597222222222222 0.0109375 0.026851851851851852 
22 0.6799479166666667 0.5597222222222222 0.013020833333333334 0.026851851851851852 
17 0.69140625 0.5597222222222222 0.0109375 0.026851851851851852 
5 0.7075520833333334 0.5597222222222222 0.009895833333333333 0.026851851851851852 
4 0.7174479166666667 0.5597222222222222 0.009895833333333333 0.026851851851851852 
9 0.7273437500000001 0.5597222222222222 0.009895833333333333 0.026851851851851852 
5 0.7429687500000001 0.5597222222222222 0.009895833333333333 0.026851851851851852 
2 0.7528645833333334 0.5597222222222222 0.009895833333333333 0.026851851851851852 
6 0.7627604166666667 0.5597222222222222 0.009895833333333333 0.026851851851851852 
8 0.7783854166666667 0.5597222222222222 0.009895833333333333 0.026851851851851852 
6 0.78828125 0.5597222222222222 0.009895833333333333 0.026851851851851852 
6 0.7981770833333334 0.5597222222222222 0.009895833333333333 0.026851851851851852 
