20 0.8214989447482722 0.1697521958850046 0.021875 0.12129629629629629 
11 0.6721469992843685 0.04890823101777682 0.0125 0.03611111111111111 
3 0.5382402804803139 0.9400384829327871 0.004166666666666667 0.012037037037037037 
16 0.6112513308588988 0.3161410211251285 0.015625 0.03611111111111111 
4 0.37741045618479524 0.1738036813130069 0.007291666666666667 0.019444444444444445 
9 0.2087907590793856 0.814887298907856 0.015104166666666667 0.040740740740740744 
37 0.6960334254977946 0.9616409852075444 0.013020833333333334 0.032407407407407406 
14 0.6597631831622925 0.03706362307382276 0.015625 0.03518518518518519 
29 0.19984143604739205 0.09391643300554754 0.005729166666666666 0.012037037037037037 
4 0.6111284961064855 0.8778450482103213 0.051041666666666666 0.1425925925925926 
24 0.3795714766848341 0.6945808774652296 0.0734375 0.1361111111111111 
30 0.9149192760420121 0.11709760363586938 0.034895833333333334 0.0824074074074074 
4 0.09749175000950536 0.2313459474786454 0.022395833333333334 0.062037037037037036 
18 0.6290323290615821 0.44201387199700337 0.004166666666666667 0.008333333333333333 
15 0.5082294400938501 0.08510888832458957 0.04375 0.09444444444444444 
5 0.16344404071068308 0.586661167108678 0.029166666666666667 0.0824074074074074 
