20 0.17691683649381787 0.800741050261495 0.014583333333333334 0.08148148148148149 
11 0.4564659625383473 0.6208852168075835 0.0203125 0.05740740740740741 
33 0.25935596679423933 0.9009118854391088 0.020833333333333332 0.04814814814814815 
26 0.09877311139038351 0.21011730824432617 0.0390625 0.07962962962962963 
23 0.5872044993169349 0.3315189164634205 0.06354166666666666 0.16018518518518518 
16 0.5224565482636407 0.5723035597018744 0.0359375 0.08425925925925926 
12 0.31484292868577757 0.5118647747223579 0.07760416666666667 0.16666666666666666 
8 0.8543825152917379 0.8875646596097527 0.0140625 0.040740740740740744 
31 0.636301916630022 0.08776991758005319 0.0390625 0.09907407407407408 
35 0.349550240081404 0.22362419993155305 0.04635416666666667 0.10740740740740741 
4 0.7371677314213076 0.02413384532282315 0.008333333333333333 0.023148148148148147 
17 0.9120842421455808 0.5097806520254372 0.051041666666666666 0.12962962962962962 
2 0.5054207265966774 0.15189393898965237 0.046875 0.13333333333333333 
23 0.6083363404234365 0.44846400247185986 0.010416666666666666 0.025925925925925925 
14 0.7472385540964073 0.6595026074692766 0.00625 0.012962962962962963 
37 0.5280755868410636 0.1860392461506929 0.057291666666666664 0.14537037037037037 
27 0.25488923748157366 0.9072759165848698 0.0640625 0.14814814814814814 
26 0.29831249148911626 0.09910430492272969 0.04375 0.08888888888888889 
