0 0.19036458333333334 0.549074074074074 0.3692708333333333 0.15
1 0.659375 0.3 0.34479166666666666 0.43333333333333335
14 0.55859375 0.2791666666666667 0.0140625 0.030555555555555555 
27 0.5721354166666667 0.2791666666666667 0.013020833333333334 0.030555555555555555 
15 0.5856770833333333 0.2791666666666667 0.0140625 0.030555555555555555 
2 0.6049479166666667 0.2796296296296297 0.0109375 0.02962962962962963 
9 0.6158854166666667 0.2796296296296297 0.0109375 0.02962962962962963 
2 0.6268229166666667 0.2796296296296297 0.0109375 0.02962962962962963 
2 0.64453125 0.2796296296296297 0.0109375 0.02962962962962963 
9 0.65546875 0.2796296296296297 0.0109375 0.02962962962962963 
10 0.66640625 0.2796296296296297 0.0109375 0.02962962962962963 
3 0.6841145833333333 0.2796296296296297 0.0109375 0.02962962962962963 
10 0.6950520833333333 0.2796296296296297 0.0109375 0.02962962962962963 
9 0.7059895833333334 0.2796296296296297 0.0109375 0.02962962962962963 
