0 0.22708333333333333 0.18657407407407406 0.23333333333333334 0.09351851851851851
1 0.225 0.4824074074074074 0.21770833333333334 0.2740740740740741
22 0.16145833333333334 0.46805555555555556 0.009375 0.019444444444444445 
34 0.17161458333333332 0.46805555555555556 0.011979166666666667 0.019444444444444445 
28 0.18203125 0.46898148148148144 0.009895833333333333 0.021296296296296296 
11 0.19453125 0.46805555555555556 0.0067708333333333336 0.019444444444444445 
11 0.20130208333333333 0.46805555555555556 0.0067708333333333336 0.019444444444444445 
10 0.20807291666666666 0.46805555555555556 0.0067708333333333336 0.019444444444444445 
6 0.21901041666666668 0.46805555555555556 0.0067708333333333336 0.019444444444444445 
11 0.22578125 0.46805555555555556 0.0067708333333333336 0.019444444444444445 
8 0.23255208333333333 0.46805555555555556 0.0067708333333333336 0.019444444444444445 
6 0.24348958333333334 0.46805555555555556 0.0067708333333333336 0.019444444444444445 
5 0.25026041666666665 0.46805555555555556 0.0067708333333333336 0.019444444444444445 
2 0.25703125 0.46805555555555556 0.0067708333333333336 0.019444444444444445 
