20 0.40881380977567483 0.7387337106589829 0.017708333333333333 0.09907407407407408 
23 0.08429043379537118 0.5715440420652262 0.06666666666666667 0.16944444444444445 
16 0.8987896924946545 0.654853042682976 0.007291666666666667 0.017592592592592594 
3 0.11150283672097866 0.272063077220169 0.019791666666666666 0.05555555555555555 
36 0.1153954645580261 0.8793613024931789 0.03854166666666667 0.08703703703703704 
11 0.051772588300075556 0.29333780063052306 0.0328125 0.09259259259259259 
6 0.7565483012173146 0.4029683045944602 0.0026041666666666665 0.006481481481481481 
23 0.1926005542488179 0.6492242975892096 0.0640625 0.16203703703703703 
34 0.20386946053353186 0.35080793424766593 0.09583333333333334 0.1574074074074074 
9 0.05035033548289963 0.27585164952092456 0.021354166666666667 0.05925925925925926 
34 0.5201142355486831 0.4349271351872602 0.033854166666666664 0.05555555555555555 
11 0.4487428092950537 0.7192626764602503 0.0421875 0.12037037037037036 
3 0.1446839337467863 0.8397433697630988 0.05677083333333333 0.15925925925925927 
7 0.8292089892712925 0.7833790736455275 0.025520833333333333 0.0712962962962963 
24 0.257615561708915 0.6255492579804269 0.013541666666666667 0.025 
33 0.8131897689612079 0.2013129796002221 0.017708333333333333 0.040740740740740744 
12 0.8117914661007577 0.11598091966630056 0.0546875 0.1175925925925926 
21 0.672872380764073 0.5045571041994172 0.05416666666666667 0.1537037037037037 
14 0.04630713972824643 0.2730459595532509 0.026041666666666668 0.05740740740740741 
5 0.5628739273582025 0.1698014655743743 0.0046875 0.012962962962962963 
30 0.12383836158181392 0.36619275717321775 0.0125 0.028703703703703703 
5 0.648383898135554 0.38243628493796766 0.04635416666666667 0.13148148148148148 
27 0.7348175970628429 0.4335509771050899 0.04114583333333333 0.09537037037037037 
35 0.8589631650524765 0.3688435626606443 0.0359375 0.0824074074074074 
32 0.0702957280961399 0.9494282418828869 0.013541666666666667 0.02962962962962963 
2 0.058335863017929146 0.4674799852965768 0.06145833333333333 0.17407407407407408 
