0 0.6276041666666667 0.4375 0.5677083333333334 0.23055555555555557
1 0.31510416666666663 0.3694444444444444 0.5302083333333333 0.6666666666666666
14 0.16067708333333333 0.33611111111111114 0.022395833333333334 0.05 
22 0.18307291666666667 0.33611111111111114 0.022395833333333334 0.04814814814814815 
23 0.20364583333333333 0.33611111111111114 0.01875 0.04814814814814815 
5 0.23203125000000002 0.3365740740740741 0.0171875 0.049074074074074076 
6 0.24921875000000002 0.33611111111111114 0.0171875 0.04814814814814815 
10 0.26640625 0.3365740740740741 0.0171875 0.049074074074074076 
8 0.29401041666666666 0.3365740740740741 0.0171875 0.049074074074074076 
9 0.3111979166666667 0.336574074074074 0.0171875 0.04722222222222222 
9 0.32838541666666665 0.336574074074074 0.0171875 0.04722222222222222 
3 0.35598958333333336 0.33611111111111114 0.0171875 0.04814814814814815 
5 0.3731770833333333 0.3365740740740741 0.0171875 0.049074074074074076 
7 0.39036458333333335 0.337037037037037 0.0171875 0.04814814814814815 
