0 0.6934895833333333 0.6657407407407407 0.4786458333333333 0.19444444444444445
1 0.6161458333333334 0.5023148148148148 0.446875 0.562037037037037
33 0.48515625 0.47453703703703703 0.0171875 0.03981481481481482 
21 0.5007812500000001 0.475 0.0140625 0.040740740740740744 
15 0.5171875 0.47453703703703703 0.01875 0.03981481481481482 
10 0.5419270833333334 0.475 0.0140625 0.040740740740740744 
2 0.5559895833333334 0.475 0.0140625 0.040740740740740744 
8 0.5700520833333333 0.475 0.0140625 0.040740740740740744 
10 0.5924479166666667 0.475 0.0140625 0.040740740740740744 
5 0.6065104166666667 0.475 0.0140625 0.040740740740740744 
5 0.6205729166666667 0.475 0.0140625 0.040740740740740744 
10 0.6429687500000001 0.475 0.0140625 0.040740740740740744 
11 0.6570312500000001 0.475 0.0140625 0.040740740740740744 
5 0.67109375 0.475 0.0140625 0.040740740740740744 
