20 0.8556708270536625 0.7684397135812973 0.022395833333333334 0.125 
31 0.540477660632922 0.9245752293303895 0.003125 0.008333333333333333 
12 0.14975728517588605 0.32056055529547894 0.08125 0.17407407407407408 
5 0.4283669485623502 0.11466144319273226 0.008854166666666666 0.024074074074074074 
29 0.26461530661831595 0.6119376348475266 0.07604166666666666 0.16296296296296298 
9 0.9726255264762442 0.5977008554090618 0.003125 0.008333333333333333 
13 0.6566124333650343 0.7694166593120206 0.08177083333333333 0.17592592592592593 
31 0.3696175939561219 0.18720825949936742 0.044270833333333336 0.11203703703703703 
19 0.22164835206692257 0.4354802331846528 0.04583333333333333 0.09907407407407408 
28 0.09896772279583343 0.2609711578280759 0.03177083333333333 0.07037037037037037 
18 0.7673205893090695 0.2985424188265615 0.05364583333333333 0.11018518518518519 
22 0.48328936237428244 0.6960608332469536 0.0067708333333333336 0.014814814814814815 
24 0.8316520584215603 0.49877280432319654 0.06354166666666666 0.1175925925925926 
3 0.15552802707403446 0.09719839350509255 0.027083333333333334 0.075 
23 0.021292547223486887 0.8069543825539702 0.013020833333333334 0.032407407407407406 
22 0.6368598685712961 0.4565617376319204 0.0828125 0.17777777777777778 
11 0.7857101829571344 0.14672253241177988 0.0296875 0.08333333333333333 
16 0.4911230021352608 0.6391336282421269 0.0125 0.028703703703703703 
30 0.8005571568419062 0.19850991717727723 0.0671875 0.16203703703703703 
11 0.7632759559772622 0.7008820231952928 0.0234375 0.06666666666666667 
12 0.42283276231786954 0.8797557652592446 0.027083333333333334 0.058333333333333334 
12 0.9257116279667393 0.9286633946801375 0.03229166666666667 0.06851851851851852 
12 0.36738964619179804 0.12908834261004146 0.05416666666666667 0.11574074074074074 
23 0.8648303814171006 0.8230574203325185 0.0546875 0.1388888888888889 
2 0.12959482703386266 0.8398590676343359 0.058854166666666666 0.16666666666666666 
7 0.897662501803668 0.34806599463764 0.022395833333333334 0.06296296296296296 
32 0.4834501328642577 0.3386035835263942 0.0703125 0.1537037037037037 
33 0.9640266852163182 0.867272698136864 0.007291666666666667 0.016666666666666666 
16 0.5406883005554933 0.6565592353829653 0.019791666666666666 0.046296296296296294 
9 0.9163109707263469 0.7447977707943263 0.034375 0.09444444444444444 
26 0.8602147647911783 0.34333813791891155 0.041666666666666664 0.08518518518518518 
6 0.64839119838429 0.3608084067354691 0.0609375 0.17037037037037037 
17 0.333169329622334 0.42548200406633435 0.051041666666666666 0.12962962962962962 
17 0.6345939935704409 0.8012719120777927 0.0375 0.09444444444444444 
22 0.8770796095632616 0.6042184042899792 0.0578125 0.12407407407407407 
