20 0.5575695425344601 0.6657366823615823 0.005208333333333333 0.027777777777777776 
32 0.6845354388479827 0.6482894569591404 0.0546875 0.11944444444444445 
5 0.4557650603051486 0.20247976345555374 0.0171875 0.049074074074074076 
12 0.7740747111666997 0.2581149895808892 0.06979166666666667 0.15 
11 0.10338595912409068 0.6642671558084313 0.023958333333333335 0.06759259259259259 
7 0.45251251885352894 0.8643993275757613 0.05260416666666667 0.14722222222222223 
37 0.6598464889154758 0.701829480485986 0.011979166666666667 0.030555555555555555 
28 0.1444873087052922 0.9501777549236184 0.005208333333333333 0.011111111111111112 
29 0.62235102172601 0.3131926146734132 0.07239583333333334 0.15555555555555556 
18 0.5793806869508177 0.37643788031956615 0.057291666666666664 0.11851851851851852 
36 0.37680815971714293 0.7810255352703395 0.04583333333333333 0.10462962962962963 
32 0.1405252866736128 0.7095036817201643 0.0796875 0.17407407407407408 
3 0.4659429481213706 0.16142329296887775 0.06197916666666667 0.17407407407407408 
