0 0.44843750000000004 0.6513888888888889 0.45 0.1824074074074074
1 0.5377604166666666 0.437962962962963 0.4203125 0.5277777777777778
30 0.41432291666666665 0.41250000000000003 0.016145833333333335 0.03981481481481482 
29 0.43125 0.41250000000000003 0.017708333333333333 0.03796296296296296 
14 0.44895833333333335 0.41250000000000003 0.017708333333333333 0.03981481481481482 
7 0.47291666666666665 0.4134259259259259 0.013541666666666667 0.03796296296296296 
4 0.4864583333333333 0.41250000000000003 0.013541666666666667 0.03796296296296296 
6 0.5 0.41250000000000003 0.013541666666666667 0.03796296296296296 
11 0.521875 0.412962962962963 0.013541666666666667 0.03888888888888889 
4 0.5354166666666667 0.41250000000000003 0.013541666666666667 0.03796296296296296 
9 0.5489583333333333 0.412962962962963 0.013541666666666667 0.037037037037037035 
7 0.5708333333333333 0.4134259259259259 0.013541666666666667 0.03796296296296296 
8 0.584375 0.412962962962963 0.013541666666666667 0.03888888888888889 
10 0.5979166666666667 0.412962962962963 0.013541666666666667 0.03888888888888889 
