20 0.4694374339852727 0.3542569490389271 0.026041666666666668 0.14537037037037037 
33 0.3656789674869442 0.5165369632235772 0.0067708333333333336 0.014814814814814815 
33 0.37475292253931203 0.7046559457442954 0.016666666666666666 0.03796296296296296 
6 0.5877573051121374 0.3612032839587769 0.0390625 0.10925925925925926 
17 0.5639560021248821 0.19510675991527732 0.06770833333333333 0.1712962962962963 
35 0.4419587227812359 0.5445733843359901 0.016666666666666666 0.03888888888888889 
22 0.6084460884895458 0.4142250882362502 0.009895833333333333 0.021296296296296296 
2 0.7399393307389514 0.3964561077739942 0.049479166666666664 0.1398148148148148 
31 0.6062721432773751 0.0785752048953869 0.025 0.06296296296296296 
18 0.6599184584923486 0.2863434500391234 0.026041666666666668 0.05462962962962963 
17 0.3913018353856069 0.1095135817409365 0.03802083333333333 0.09722222222222222 
22 0.945214623150612 0.5993335947579334 0.022395833333333334 0.04814814814814815 
23 0.1327018527819952 0.6399037856684229 0.0036458333333333334 0.009259259259259259 
