20 0.2099909379812908 0.44007302300748447 0.030208333333333334 0.1675925925925926 
33 0.7117063718082486 0.2293075030516949 0.07604166666666666 0.17685185185185184 
34 0.0980477478166171 0.28668433536044297 0.009895833333333333 0.01574074074074074 
19 0.5836273501233913 0.6433716115929172 0.07395833333333333 0.15925925925925927 
14 0.8712004892142176 0.1690877331811647 0.06927083333333334 0.15185185185185185 
22 0.9148908114903229 0.7064337751922549 0.0375 0.08055555555555556 
17 0.503785772162471 0.0827697360642003 0.021875 0.05462962962962963 
13 0.33631939786590176 0.23923123452815642 0.05364583333333333 0.11574074074074074 
21 0.7347046033615767 0.9434049871767528 0.009375 0.026851851851851852 
20 0.390160937611747 0.35337322321319825 0.0015625 0.009259259259259259 
20 0.1116847916419997 0.5207495689131133 0.011979166666666667 0.06574074074074074 
8 0.6686581582643558 0.8319485858456983 0.0484375 0.13703703703703704 
11 0.17047652234114882 0.4226232122433907 0.025520833333333333 0.07222222222222222 
30 0.5507723750301006 0.8688845202960618 0.05572916666666667 0.13333333333333333 
36 0.49099780545969857 0.8359425645538601 0.06614583333333333 0.15185185185185185 
16 0.14164867737609238 0.8588299176666142 0.0265625 0.062037037037037036 
10 0.7688004794303903 0.6576121236502555 0.04895833333333333 0.13796296296296295 
31 0.4055898338526826 0.8195986908072206 0.05 0.12685185185185185 
14 0.6011278210744541 0.45363317622923804 0.05572916666666667 0.12314814814814815 
6 0.8624200564050584 0.7349904077084939 0.0265625 0.07314814814814814 
11 0.34479903018955 0.2668091862693053 0.04010416666666667 0.11388888888888889 
19 0.6234713608743807 0.21873291411921314 0.04583333333333333 0.09814814814814815 
