0 0.5372395833333333 0.6601851851851852 0.5463541666666667 0.2222222222222222
1 0.328125 0.3976851851851852 0.5104166666666666 0.6416666666666667
22 0.17942708333333335 0.3662037037037037 0.021354166666666667 0.04537037037037037 
29 0.20078125 0.3662037037037037 0.021354166666666667 0.04537037037037037 
17 0.22057291666666667 0.3662037037037037 0.018229166666666668 0.04537037037037037 
11 0.24765625000000002 0.3662037037037037 0.016145833333333335 0.04722222222222222 
7 0.2638020833333333 0.36666666666666664 0.016145833333333335 0.046296296296296294 
11 0.27994791666666663 0.3662037037037037 0.016145833333333335 0.04722222222222222 
5 0.3059895833333333 0.3662037037037037 0.016145833333333335 0.04722222222222222 
8 0.3221354166666667 0.3662037037037037 0.016145833333333335 0.04722222222222222 
11 0.33828125 0.3662037037037037 0.016145833333333335 0.04722222222222222 
5 0.36432291666666666 0.3662037037037037 0.016145833333333335 0.04722222222222222 
10 0.38046874999999997 0.3662037037037037 0.016145833333333335 0.04722222222222222 
2 0.3966145833333333 0.3662037037037037 0.016145833333333335 0.04722222222222222 
