0 0.6570312500000001 0.4282407407407407 0.2682291666666667 0.10833333333333334
1 0.5111979166666667 0.7055555555555556 0.25052083333333336 0.3148148148148148
14 0.4380208333333333 0.6898148148148148 0.010416666666666666 0.022222222222222223 
27 0.44817708333333334 0.6898148148148148 0.009895833333333333 0.022222222222222223 
37 0.45755208333333336 0.6898148148148148 0.008854166666666666 0.022222222222222223 
5 0.4708333333333333 0.6898148148148148 0.008333333333333333 0.022222222222222223 
2 0.47916666666666663 0.6898148148148148 0.008333333333333333 0.022222222222222223 
9 0.4875 0.6898148148148148 0.008333333333333333 0.022222222222222223 
8 0.5005208333333333 0.6898148148148148 0.008333333333333333 0.022222222222222223 
3 0.5088541666666666 0.6898148148148148 0.008333333333333333 0.022222222222222223 
10 0.5171875 0.6898148148148148 0.008333333333333333 0.022222222222222223 
9 0.5302083333333333 0.6898148148148148 0.008333333333333333 0.022222222222222223 
9 0.5385416666666667 0.6898148148148148 0.008333333333333333 0.022222222222222223 
10 0.546875 0.6898148148148148 0.008333333333333333 0.022222222222222223 
