0 0.29427083333333337 0.1685185185185185 0.5854166666666667 0.23703703703703705
1 0.32421875 0.3611111111111111 0.5463541666666667 0.687037037037037
26 0.16588541666666667 0.32731481481481484 0.024479166666666666 0.05092592592592592 
34 0.19322916666666667 0.3273148148148148 0.030208333333333334 0.049074074074074076 
31 0.21744791666666669 0.3273148148148148 0.019270833333333334 0.049074074074074076 
10 0.24635416666666665 0.3277777777777778 0.017708333333333333 0.05 
5 0.2640625 0.3277777777777778 0.017708333333333333 0.05 
6 0.2817708333333333 0.3273148148148148 0.017708333333333333 0.049074074074074076 
4 0.3098958333333333 0.3273148148148148 0.017708333333333333 0.049074074074074076 
10 0.32760416666666664 0.3277777777777778 0.017708333333333333 0.05 
3 0.3453125 0.3273148148148148 0.017708333333333333 0.049074074074074076 
4 0.3734375 0.3273148148148148 0.017708333333333333 0.049074074074074076 
2 0.3911458333333333 0.3277777777777778 0.017708333333333333 0.05 
3 0.4088541666666667 0.3273148148148148 0.017708333333333333 0.049074074074074076 
