0 0.3583333333333334 0.49722222222222223 0.5791666666666667 0.2351851851851852
1 0.5088541666666667 0.35648148148148145 0.540625 0.6796296296296296
27 0.35052083333333334 0.32314814814814813 0.020833333333333332 0.04814814814814815 
30 0.3713541666666667 0.3231481481481482 0.020833333333333332 0.05 
12 0.39296875 0.32314814814814813 0.022395833333333334 0.04814814814814815 
2 0.42317708333333337 0.3231481481481482 0.0171875 0.05 
10 0.44036458333333334 0.3231481481481482 0.0171875 0.05 
10 0.45755208333333336 0.3231481481481482 0.0171875 0.05 
11 0.48515625 0.3231481481481482 0.0171875 0.05 
2 0.50234375 0.3231481481481482 0.0171875 0.05 
10 0.51953125 0.3231481481481482 0.0171875 0.05 
11 0.5471354166666667 0.3231481481481482 0.0171875 0.05 
11 0.5643229166666667 0.3231481481481482 0.0171875 0.05 
2 0.5815104166666666 0.3231481481481482 0.0171875 0.05 
