21 0.1597610386032645 0.25315772017859883 0.058854166666666666 0.1675925925925926 
2 0.6244177383367132 0.8046266018029058 0.005729166666666666 0.01574074074074074 
19 0.17633462315054457 0.6709463751542093 0.07708333333333334 0.16574074074074074 
3 0.4049713915037874 0.39830951775731477 0.030208333333333334 0.08425925925925926 
23 0.5063441652067636 0.43594458985748546 0.05520833333333333 0.1398148148148148 
12 0.8819802202403573 0.1618901441931761 0.0828125 0.17777777777777778 
24 0.3582105307475711 0.1478201468708639 0.04010416666666667 0.075 
36 0.43077614510583434 0.5754873389063903 0.022916666666666665 0.05092592592592592 
9 0.13572607771781217 0.8372994448122758 0.016666666666666666 0.04537037037037037 
15 0.7720888853189887 0.14728221384784426 0.06302083333333333 0.1361111111111111 
9 0.8459840483150785 0.5410646563671886 0.04479166666666667 0.12314814814814815 
34 0.8085083288221228 0.7592117249231951 0.0890625 0.14537037037037037 
32 0.3217466763723705 0.3609919871523442 0.03229166666666667 0.06944444444444445 
3 0.21412228255664537 0.7450333109323827 0.030208333333333334 0.08425925925925926 
5 0.8660353230905997 0.6282684522117747 0.04479166666666667 0.12685185185185185 
13 0.6793230841396075 0.21597883567354662 0.06145833333333333 0.13148148148148148 
22 0.5392720631340139 0.9338797113948296 0.024479166666666666 0.05277777777777778 
32 0.8160681722356407 0.2857460415585526 0.015625 0.03425925925925926 
19 0.770022346307068 0.819504916682924 0.075 0.16111111111111112 
21 0.2564095498405987 0.2884737688488787 0.0026041666666666665 0.008333333333333333 
22 0.22634256305396175 0.5424179890278267 0.0067708333333333336 0.014814814814814815 
14 0.13184641344508824 0.663435247372653 0.051041666666666666 0.11388888888888889 
21 0.9159220718713934 0.693063290738204 0.016145833333333335 0.04537037037037037 
21 0.14773941676841654 0.24886902142862494 0.0609375 0.17314814814814813 
33 0.6856651824635468 0.29490870665854607 0.05364583333333333 0.125 
31 0.5477915602503507 0.34028778141167615 0.06510416666666667 0.16574074074074074 
19 0.13459250436715176 0.5492278744770915 0.06875 0.14814814814814814 
