21 0.7487751528281564 0.19103924478453396 0.026041666666666668 0.07314814814814814 
8 0.4059072192119513 0.2572126340711195 0.058333333333333334 0.16574074074074074 
24 0.47103153430114875 0.2225488652184181 0.06354166666666666 0.11851851851851852 
30 0.2767235265483318 0.19878898632034162 0.0609375 0.14537037037037037 
18 0.3998031588449059 0.25016029398325884 0.06041666666666667 0.12407407407407407 
33 0.5575254466725303 0.03711213066153228 0.004166666666666667 0.009259259259259259 
32 0.06343895214177844 0.5259269723791116 0.009375 0.019444444444444445 
12 0.6624093651742983 0.41351916905853014 0.04739583333333333 0.10185185185185185 
11 0.9059692164263968 0.30655560923788966 0.035416666666666666 0.10092592592592593 
8 0.3687364208782225 0.6523159783282527 0.020833333333333332 0.05925925925925926 
14 0.3568016813315312 0.13695222842057492 0.07083333333333333 0.1574074074074074 
5 0.6903001887434013 0.26315938571187514 0.015625 0.04537037037037037 
3 0.3787621667122959 0.4695342194023791 0.030208333333333334 0.08425925925925926 
24 0.21599254308951327 0.2548414520551461 0.090625 0.16944444444444445 
32 0.35416456302170807 0.42051575117736173 0.04479166666666667 0.09907407407407408 
14 0.18330707313336014 0.34878911589187883 0.03854166666666667 0.08425925925925926 
21 0.9423979989765666 0.7862121216129769 0.03125 0.08796296296296297 
14 0.8930089471118032 0.14279519705451182 0.034895833333333334 0.07777777777777778 
37 0.9058970091134316 0.3581945471809641 0.005208333333333333 0.012962962962962963 
6 0.008445322015829145 0.43206725989435174 0.007291666666666667 0.019444444444444445 
16 0.6805784970452224 0.3457144585607643 0.016145833333333335 0.03796296296296296 
24 0.34243574909311697 0.9669582773960768 0.0265625 0.049074074074074076 
36 0.6745040189121242 0.4889426024083388 0.023958333333333335 0.053703703703703705 
2 0.2305497384851516 0.8303656211114658 0.0515625 0.14537037037037037 
20 0.7119199247394109 0.4141498309681809 0.010416666666666666 0.05740740740740741 
30 0.053968796188740474 0.17061900032519095 0.011458333333333333 0.026851851851851852 
2 0.02781997604829438 0.7473324147115796 0.04739583333333333 0.13425925925925927 
