0 0.20234375 0.2569444444444444 0.25364583333333335 0.10277777777777777
1 0.4510416666666667 0.34675925925925927 0.23645833333333333 0.2972222222222222
34 0.38359375 0.33194444444444443 0.013020833333333334 0.021296296296296296 
36 0.39453125 0.33194444444444443 0.009895833333333333 0.021296296296296296 
30 0.4041666666666667 0.33194444444444443 0.009375 0.021296296296296296 
5 0.41744791666666664 0.33194444444444443 0.0078125 0.021296296296296296 
7 0.42526041666666664 0.33194444444444443 0.0078125 0.021296296296296296 
2 0.43307291666666664 0.33194444444444443 0.0078125 0.021296296296296296 
4 0.44557291666666665 0.33194444444444443 0.0078125 0.021296296296296296 
9 0.45338541666666665 0.33194444444444443 0.0078125 0.021296296296296296 
8 0.46119791666666665 0.33194444444444443 0.0078125 0.021296296296296296 
10 0.47369791666666666 0.33194444444444443 0.0078125 0.021296296296296296 
5 0.48151041666666666 0.33194444444444443 0.0078125 0.021296296296296296 
11 0.48932291666666666 0.33194444444444443 0.0078125 0.021296296296296296 
