0 0.15520933333333334 0.5388888888888889 0.3104166666666667 0.1259259259259259
1 0.24375000000000002 0.475462962962963 0.28958333333333336 0.3638888888888889
12 0.15911458333333334 0.4574074074074074 0.011979166666666667 0.025925925925925925 
35 0.17083333333333334 0.4574074074074074 0.011458333333333333 0.025925925925925925 
26 0.18255208333333334 0.4574074074074074 0.013020833333333334 0.025925925925925925 
3 0.19947916666666668 0.4574074074074074 0.009375 0.025925925925925925 
4 0.20885416666666667 0.4574074074074074 0.009375 0.025925925925925925 
10 0.21822916666666667 0.4574074074074074 0.009375 0.025925925925925925 
11 0.23333333333333334 0.4574074074074074 0.009375 0.025925925925925925 
9 0.24270833333333333 0.4574074074074074 0.009375 0.025925925925925925 
7 0.2520833333333333 0.4574074074074074 0.009375 0.025925925925925925 
2 0.2671875 0.4574074074074074 0.009375 0.025925925925925925 
2 0.2765625 0.4574074074074074 0.009375 0.025925925925925925 
9 0.2859375 0.4574074074074074 0.009375 0.025925925925925925 
