0 0.12552083333333333 0.08796296296296297 0.24583333333333332 0.1
1 0.16432291666666665 0.5425925925925925 0.2296875 0.28888888888888886
13 0.09739583333333333 0.5277777777777778 0.009375 0.020370370370370372 
24 0.10755208333333333 0.5277777777777778 0.0109375 0.020370370370370372 
25 0.11770833333333333 0.5277777777777778 0.009375 0.020370370370370372 
7 0.13020833333333331 0.5277777777777778 0.007291666666666667 0.020370370370370372 
4 0.13749999999999998 0.5277777777777778 0.007291666666666667 0.020370370370370372 
10 0.14479166666666665 0.5277777777777778 0.007291666666666667 0.020370370370370372 
11 0.15625 0.5277777777777778 0.007291666666666667 0.020370370370370372 
8 0.16354166666666664 0.5277777777777778 0.007291666666666667 0.020370370370370372 
6 0.1708333333333333 0.5277777777777778 0.007291666666666667 0.020370370370370372 
4 0.18229166666666666 0.5277777777777778 0.007291666666666667 0.020370370370370372 
11 0.18958333333333333 0.5277777777777778 0.007291666666666667 0.020370370370370372 
4 0.196875 0.5277777777777778 0.007291666666666667 0.020370370370370372 
