0 0.36171875 0.5587962962962963 0.5192708333333333 0.2101851851851852
1 0.7002604166666667 0.4708333333333333 0.48489583333333336 0.6101851851851852
16 0.5583333333333333 0.4393518518518518 0.01875 0.04351851851851852 
22 0.5778645833333333 0.4393518518518518 0.0203125 0.04351851851851852 
30 0.596875 0.4393518518518519 0.01875 0.04537037037037037 
11 0.6234375 0.43981481481481477 0.015625 0.044444444444444446 
2 0.6390625 0.43981481481481477 0.015625 0.044444444444444446 
7 0.6546875 0.44027777777777777 0.015625 0.04351851851851852 
4 0.6796875 0.4393518518518518 0.015625 0.04351851851851852 
7 0.6953125 0.44027777777777777 0.015625 0.04351851851851852 
7 0.7109375 0.44027777777777777 0.015625 0.04351851851851852 
9 0.7359375 0.4398148148148148 0.015625 0.04259259259259259 
7 0.7515625 0.44027777777777777 0.015625 0.04351851851851852 
4 0.7671875 0.4393518518518518 0.015625 0.04351851851851852 
