0 0.4841145833333333 0.5851851851851851 0.0515625 0.020370370370370372
1 0.08958333333333333 0.7930555555555555 0.04791666666666667 0.06018518518518518
25 0.075 0.7893518518518519 0.0020833333333333333 0.004629629629629629 
28 0.07708333333333332 0.7898148148148149 0.0020833333333333333 0.005555555555555556 
13 0.07916666666666666 0.7893518518518519 0.0020833333333333333 0.004629629629629629 
8 0.08203125 0.7898148148148149 0.0015625 0.005555555555555556 
5 0.08359375 0.7898148148148149 0.0015625 0.005555555555555556 
8 0.08515625 0.7898148148148149 0.0015625 0.005555555555555556 
3 0.08776041666666666 0.7893518518518519 0.0015625 0.004629629629629629 
7 0.08932291666666667 0.7898148148148149 0.0015625 0.005555555555555556 
2 0.09088541666666666 0.7898148148148149 0.0015625 0.005555555555555556 
4 0.09348958333333333 0.7893518518518519 0.0015625 0.004629629629629629 
4 0.09505208333333333 0.7893518518518519 0.0015625 0.004629629629629629 
10 0.09661458333333334 0.7898148148148149 0.0015625 0.005555555555555556 
