21 0.6110090402280275 0.12449642928504823 0.03229166666666667 0.09074074074074075 
26 0.07828669715324495 0.32753493760124536 0.020833333333333332 0.04351851851851852 
28 0.6927514247920192 0.9830252540813418 0.009375 0.020370370370370372 
9 0.12238249062801818 0.4119003400061755 0.040625 0.1111111111111111 
10 0.27673588714381137 0.7774625549898793 0.013541666666666667 0.03981481481481482 
26 0.2255746025178076 0.8404739494383059 0.009895833333333333 0.019444444444444445 
35 0.8549703397260812 0.47460071889725597 0.0625 0.14537037037037037 
36 0.8418048542534505 0.589533874173784 0.016145833333333335 0.03611111111111111 
21 0.13356699333110578 0.4374191147431262 0.03229166666666667 0.09166666666666666 
6 0.8324752009231257 0.9385527225392256 0.03229166666666667 0.08981481481481482 
17 0.6506379753397685 0.15262511762538128 0.035416666666666666 0.08981481481481482 
37 0.9686799397406298 0.924059637347487 0.015104166666666667 0.03796296296296296 
37 0.8861321030522584 0.8377242233627331 0.028125 0.0712962962962963 
9 0.478767991348992 0.4157402952575069 0.043229166666666666 0.11944444444444445 
11 0.15285365304655432 0.21526483515280784 0.027083333333333334 0.07685185185185185 
3 0.2859335703300081 0.4817773993766618 0.005208333333333333 0.013888888888888888 
7 0.6567258254092956 0.15010781233139125 0.011458333333333333 0.032407407407407406 
37 0.637850101364987 0.18754427575475952 0.06458333333333334 0.1648148148148148 
17 0.6356030031206898 0.8335495890670279 0.03125 0.0787037037037037 
