21 0.03247226654658812 0.19963021760127553 0.042708333333333334 0.12129629629629629 
27 0.5306749120620815 0.0818488738777643 0.025 0.05740740740740741 
2 0.9540643158943144 0.4146183560299614 0.021354166666666667 0.06018518518518518 
27 0.747919683577611 0.49268234224096785 0.05 0.11574074074074074 
18 0.4906607279152196 0.6851219530400988 0.025520833333333333 0.05277777777777778 
16 0.7392153546507427 0.7669306811562845 0.027083333333333334 0.06296296296296296 
6 0.04935876196705276 0.36901631984087613 0.04791666666666667 0.13333333333333333 
31 0.9314992261396698 0.9094334799816969 0.018229166666666668 0.04537037037037037 
16 0.8874169763220896 0.8442278970092315 0.019791666666666666 0.04537037037037037 
14 0.1640868459022527 0.8268098198780094 0.0671875 0.14814814814814814 
12 0.5911133517678369 0.5643524331965646 0.04583333333333333 0.09814814814814815 
6 0.8459630012325514 0.40838681420131384 0.05364583333333333 0.15092592592592594 
35 0.624473754974806 0.8907496902560877 0.0734375 0.1712962962962963 
5 0.440001542414985 0.7474902273579396 0.004166666666666667 0.012037037037037037 
15 0.11905856383673 0.15698368900864462 0.027604166666666666 0.05925925925925926 
30 0.47428689750582825 0.33518760691582167 0.034375 0.0824074074074074 
21 0.21566309301857525 0.36214030779113876 0.015625 0.044444444444444446 
20 0.2760121125800499 0.44179134595838526 0.0046875 0.025 
