0 0.33645833333333336 0.33425925925925926 0.434375 0.17592592592592593
1 0.49088541666666663 0.6458333333333333 0.40572916666666664 0.5101851851851852
17 0.37135416666666665 0.6208333333333333 0.014583333333333334 0.03611111111111111 
14 0.38723958333333336 0.6208333333333333 0.0171875 0.03796296296296296 
22 0.4044270833333333 0.6208333333333333 0.0171875 0.03611111111111111 
6 0.42734375 0.6203703703703703 0.013020833333333334 0.037037037037037035 
3 0.44036458333333334 0.6203703703703703 0.013020833333333334 0.037037037037037035 
8 0.4533854166666667 0.6208333333333333 0.013020833333333334 0.03796296296296296 
9 0.47421875 0.6208333333333333 0.013020833333333334 0.03611111111111111 
7 0.48723958333333334 0.6212962962962962 0.013020833333333334 0.037037037037037035 
10 0.5002604166666667 0.6208333333333333 0.013020833333333334 0.03796296296296296 
9 0.5210937499999999 0.6208333333333333 0.013020833333333334 0.03611111111111111 
9 0.5341145833333333 0.6208333333333333 0.013020833333333334 0.03611111111111111 
9 0.5471354166666667 0.6208333333333333 0.013020833333333334 0.03611111111111111 
