0 0.7153645833333333 0.4393518518518519 0.4630208333333333 0.18796296296296297
1 0.24322916666666666 0.6143518518518518 0.4322916666666667 0.5435185185185185
23 0.11588541666666667 0.587037037037037 0.015104166666666667 0.03888888888888889 
32 0.13229166666666667 0.5874999999999999 0.017708333333333333 0.03981481481481482 
34 0.15286458333333333 0.587037037037037 0.0234375 0.03888888888888889 
3 0.1796875 0.587037037037037 0.013541666666666667 0.03888888888888889 
4 0.19322916666666667 0.587037037037037 0.013541666666666667 0.03888888888888889 
6 0.20677083333333335 0.587037037037037 0.013541666666666667 0.03888888888888889 
11 0.22864583333333333 0.5874999999999999 0.013541666666666667 0.03981481481481482 
7 0.2421875 0.587962962962963 0.013541666666666667 0.03888888888888889 
8 0.2557291666666667 0.5874999999999999 0.013541666666666667 0.03981481481481482 
11 0.27760416666666665 0.5874999999999999 0.013541666666666667 0.03981481481481482 
11 0.2911458333333333 0.5874999999999999 0.013541666666666667 0.03981481481481482 
5 0.3046875 0.5874999999999999 0.013541666666666667 0.03981481481481482 
