0 0.25520833333333337 0.5435185185185185 0.20104166666666667 0.08148148148148149
1 0.6833333333333333 0.5430555555555555 0.1875 0.2361111111111111
14 0.6283854166666667 0.5314814814814814 0.0078125 0.016666666666666666 
23 0.6356770833333334 0.5314814814814814 0.0067708333333333336 0.016666666666666666 
20 0.640625 0.5314814814814814 0.003125 0.016666666666666666 
11 0.6486979166666667 0.5314814814814814 0.005729166666666666 0.016666666666666666 
6 0.6544270833333333 0.5314814814814814 0.005729166666666666 0.016666666666666666 
9 0.66015625 0.5314814814814814 0.005729166666666666 0.016666666666666666 
9 0.6695312499999999 0.5314814814814814 0.005729166666666666 0.016666666666666666 
5 0.6752604166666666 0.5314814814814814 0.005729166666666666 0.016666666666666666 
6 0.6809895833333333 0.5314814814814814 0.005729166666666666 0.016666666666666666 
7 0.6903645833333333 0.5314814814814814 0.005729166666666666 0.016666666666666666 
7 0.69609375 0.5314814814814814 0.005729166666666666 0.016666666666666666 
5 0.7018229166666666 0.5314814814814814 0.005729166666666666 0.016666666666666666 
