0 0.31171875 0.41574074074074074 0.5661458333333333 0.22962962962962963
1 0.7013020833333333 0.4314814814814815 0.5286458333333334 0.6648148148148149
30 0.5466145833333333 0.3986111111111111 0.0203125 0.049074074074074076 
37 0.5661458333333333 0.39861111111111114 0.01875 0.04722222222222222 
31 0.5848958333333334 0.39861111111111114 0.01875 0.04722222222222222 
5 0.6124999999999999 0.3990740740740741 0.016666666666666666 0.04814814814814815 
6 0.6291666666666667 0.39861111111111114 0.016666666666666666 0.04722222222222222 
7 0.6458333333333333 0.399537037037037 0.016666666666666666 0.04722222222222222 
4 0.6723958333333333 0.39861111111111114 0.016666666666666666 0.04722222222222222 
6 0.6890625 0.39861111111111114 0.016666666666666666 0.04722222222222222 
11 0.7057291666666666 0.3990740740740741 0.016666666666666666 0.04814814814814815 
5 0.7322916666666667 0.3990740740740741 0.016666666666666666 0.04814814814814815 
10 0.7489583333333333 0.3990740740740741 0.016666666666666666 0.04814814814814815 
2 0.765625 0.3990740740740741 0.016666666666666666 0.04814814814814815 
