21 0.25955227305935463 0.25963665600692687 0.013541666666666667 0.03981481481481482 
32 0.6796484304919987 0.32242732282608555 0.07291666666666667 0.15925925925925927 
15 0.3214525502762982 0.120301412917276 0.033854166666666664 0.07314814814814814 
12 0.6062184101019535 0.5434201515738325 0.03854166666666667 0.0824074074074074 
19 0.6421630359096477 0.2849008582115929 0.03697916666666667 0.07962962962962963 
26 0.4614802472784883 0.5726783431917191 0.0859375 0.17685185185185184 
28 0.5904394450548172 0.6555303682476192 0.033854166666666664 0.075 
19 0.9304734670175658 0.6755192657955006 0.03177083333333333 0.06851851851851852 
6 0.6053665130137537 0.78764020861749 0.043229166666666666 0.12129629629629629 
6 0.5222241828533214 0.26179954016538165 0.05416666666666667 0.1527777777777778 
29 0.5251361371571566 0.3501903788206595 0.05572916666666667 0.12037037037037036 
37 0.6599007286756751 0.3495865177636572 0.04010416666666667 0.10185185185185185 
4 0.17022981793776934 0.2428851181314042 0.04114583333333333 0.11574074074074074 
