0 0.44999999999999996 0.5782407407407407 0.4583333333333333 0.18611111111111112
1 0.7713541666666666 0.6032407407407407 0.428125 0.537962962962963
26 0.6471354166666666 0.5768518518518518 0.019270833333333334 0.040740740740740744 
26 0.66640625 0.5768518518518518 0.019270833333333334 0.040740740740740744 
21 0.6828124999999999 0.5773148148148148 0.013541666666666667 0.03981481481481482 
9 0.7046874999999999 0.5773148148148148 0.013541666666666667 0.03796296296296296 
11 0.7182291666666666 0.5773148148148148 0.013541666666666667 0.03981481481481482 
7 0.7317708333333333 0.5777777777777778 0.013541666666666667 0.03888888888888889 
6 0.7536458333333332 0.576851851851852 0.013541666666666667 0.03888888888888889 
5 0.7671874999999999 0.5773148148148148 0.013541666666666667 0.03981481481481482 
9 0.7807291666666666 0.5773148148148148 0.013541666666666667 0.03796296296296296 
5 0.8026041666666666 0.5773148148148148 0.013541666666666667 0.03981481481481482 
4 0.8161458333333332 0.576851851851852 0.013541666666666667 0.03888888888888889 
8 0.8296874999999999 0.5773148148148148 0.013541666666666667 0.03981481481481482 
