0 0.8158854166666667 0.8430555555555556 0.2484375 0.10092592592592593
1 0.5161458333333333 0.7328703703703704 0.23229166666666667 0.2916666666666667
24 0.4486979166666667 0.7175925925925926 0.0109375 0.020370370370370372 
30 0.45859375 0.7175925925925926 0.008854166666666666 0.020370370370370372 
19 0.46770833333333334 0.7175925925925926 0.009375 0.020370370370370372 
10 0.48020833333333335 0.7175925925925926 0.007291666666666667 0.020370370370370372 
3 0.4875 0.7175925925925926 0.007291666666666667 0.020370370370370372 
6 0.4947916666666667 0.7175925925925926 0.007291666666666667 0.020370370370370372 
6 0.50625 0.7175925925925926 0.007291666666666667 0.020370370370370372 
3 0.5135416666666667 0.7175925925925926 0.007291666666666667 0.020370370370370372 
6 0.5208333333333334 0.7175925925925926 0.007291666666666667 0.020370370370370372 
11 0.5322916666666667 0.7175925925925926 0.007291666666666667 0.020370370370370372 
4 0.5395833333333333 0.7175925925925926 0.007291666666666667 0.020370370370370372 
4 0.546875 0.7175925925925926 0.007291666666666667 0.020370370370370372 
