0 0.11458333333333334 0.6180555555555556 0.12083333333333333 0.049074074074074076
1 0.27109374999999997 0.8884259259259258 0.11302083333333333 0.14166666666666666
30 0.2375 0.8819444444444444 0.004166666666666667 0.010185185185185186 
18 0.2421875 0.8819444444444444 0.005208333333333333 0.010185185185185186 
16 0.24687499999999998 0.8819444444444444 0.004166666666666667 0.010185185185185186 
8 0.25286458333333334 0.8819444444444444 0.0036458333333333334 0.010185185185185186 
9 0.2565104166666667 0.8819444444444444 0.0036458333333333334 0.010185185185185186 
4 0.26015625000000003 0.8819444444444444 0.0036458333333333334 0.010185185185185186 
3 0.26588541666666665 0.8819444444444444 0.0036458333333333334 0.010185185185185186 
10 0.26953125 0.8819444444444444 0.0036458333333333334 0.010185185185185186 
10 0.27317708333333335 0.8819444444444444 0.0036458333333333334 0.010185185185185186 
4 0.27890625 0.8819444444444444 0.0036458333333333334 0.010185185185185186 
5 0.2825520833333333 0.8819444444444444 0.0036458333333333334 0.010185185185185186 
3 0.28619791666666666 0.8819444444444444 0.0036458333333333334 0.010185185185185186 
