22 0.044816853656500136 0.3061052346019492 0.07760416666666667 0.16666666666666666 
10 0.7736748295994846 0.41484880340340363 0.0036458333333333334 0.010185185185185186 
27 0.520244266018459 0.707981602782383 0.06875 0.16018518518518518 
2 0.5623121096903273 0.45606948516837054 0.008854166666666666 0.025 
36 0.9211143597985698 0.22713743664108843 0.05260416666666667 0.12037037037037036 
16 0.7562790525728552 0.42302639261491815 0.04739583333333333 0.1111111111111111 
6 0.6600978154092121 0.7898605535838907 0.044270833333333336 0.12407407407407407 
4 0.6846824952662589 0.15212256990959028 0.041666666666666664 0.11666666666666667 
2 0.7011421719464007 0.2143754584553394 0.03697916666666667 0.10462962962962963 
3 0.6522659935454341 0.6582151164346828 0.049479166666666664 0.13796296296296295 
36 0.13265818343794722 0.9247570595241983 0.051041666666666666 0.11666666666666667 
18 0.027799034585685157 0.67027334679136 0.013020833333333334 0.025925925925925925 
7 0.4191828737081873 0.5754469412730733 0.0578125 0.16203703703703703 
5 0.30778188830915837 0.571404733650425 0.05 0.14074074074074075 
18 0.7808674425282189 0.7831691699182217 0.0067708333333333336 0.012962962962962963 
28 0.18279185437180978 0.5759202686350928 0.058854166666666666 0.13148148148148148 
2 0.8906666786718674 0.547704126982844 0.05520833333333333 0.1574074074074074 
22 0.1829369365124305 0.15243272940675595 0.0703125 0.15092592592592594 
31 0.5483410799218166 0.3780871475013996 0.005729166666666666 0.014814814814814815 
9 0.09606141459455222 0.8850967213183677 0.035416666666666666 0.09814814814814815 
20 0.710800792199902 0.128179853138061 0.017708333333333333 0.09814814814814815 
29 0.4819362013031402 0.6296397044592174 0.040625 0.08703703703703704 
19 0.7084865399033117 0.4929231843411826 0.05260416666666667 0.11296296296296296 
16 0.9002830133295839 0.6642839755615016 0.06875 0.16018518518518518 
33 0.22459076076141182 0.12999167113605398 0.0265625 0.062037037037037036 
19 0.13030265868717628 0.7304356944671769 0.034895833333333334 0.075 
10 0.5571893699497587 0.6587343675879047 0.0484375 0.13703703703703704 
11 0.3306581651271482 0.7461559449849338 0.052083333333333336 0.14722222222222223 
28 0.4406936316761279 0.5940803768720442 0.08333333333333333 0.18518518518518517 
35 0.5495998740505315 0.3935088194707792 0.05416666666666667 0.125 
28 0.8428814916594909 0.39100119689137064 0.07291666666666667 0.16111111111111112 
8 0.015628917746387815 0.6641603970611998 0.015625 0.044444444444444446 
22 0.7827661962285231 0.42997068857271603 0.022395833333333334 0.04814814814814815 
