0 0.33567708333333335 0.3824074074074074 0.31614583333333335 0.12777777777777777
1 0.7632812499999999 0.5930555555555556 0.2953125 0.3712962962962963
14 0.6770833333333333 0.5745370370370371 0.0125 0.026851851851851852 
37 0.6885416666666667 0.5745370370370371 0.010416666666666666 0.026851851851851852 
33 0.6994791666666667 0.5745370370370371 0.011458333333333333 0.026851851851851852 
11 0.715625 0.575 0.009375 0.025925925925925925 
3 0.725 0.575 0.009375 0.025925925925925925 
3 0.734375 0.575 0.009375 0.025925925925925925 
9 0.7494791666666666 0.575 0.009375 0.025925925925925925 
11 0.7588541666666666 0.575 0.009375 0.025925925925925925 
11 0.7682291666666666 0.575 0.009375 0.025925925925925925 
5 0.7833333333333333 0.575 0.009375 0.025925925925925925 
10 0.7927083333333332 0.575 0.009375 0.025925925925925925 
11 0.8020833333333333 0.575 0.009375 0.025925925925925925 
