0 0.24453125 0.4037037037037037 0.41302083333333334 0.16666666666666666
1 0.521875 0.42268518518518516 0.3854166666666667 0.4842592592592593
19 0.40911458333333334 0.3986111111111111 0.016145833333333335 0.03425925925925926 
14 0.42526041666666664 0.3986111111111111 0.016145833333333335 0.03611111111111111 
29 0.44140625 0.3986111111111111 0.016145833333333335 0.03425925925925926 
11 0.4630208333333333 0.3986111111111111 0.0125 0.03611111111111111 
10 0.47552083333333334 0.3986111111111111 0.0125 0.03611111111111111 
2 0.4880208333333333 0.3986111111111111 0.0125 0.03611111111111111 
4 0.5078125 0.39814814814814814 0.0125 0.03518518518518519 
9 0.5203125 0.3986111111111111 0.0125 0.03425925925925926 
4 0.5328125 0.39814814814814814 0.0125 0.03518518518518519 
7 0.5526041666666667 0.3990740740740741 0.0125 0.03518518518518519 
5 0.5651041666666666 0.3986111111111111 0.0125 0.03611111111111111 
9 0.5776041666666667 0.3986111111111111 0.0125 0.03425925925925926 
