0 0.37005208333333334 0.5592592592592592 0.3046875 0.12407407407407407
1 0.5648437500000001 0.3018518518518518 0.28489583333333335 0.3574074074074074
20 0.4783854166666666 0.2847222222222222 0.0046875 0.025 
20 0.48307291666666663 0.2847222222222222 0.0046875 0.025 
29 0.49140625 0.2847222222222222 0.011979166666666667 0.025 
8 0.5065104166666666 0.2847222222222222 0.008854166666666666 0.025 
11 0.5153645833333333 0.2847222222222222 0.008854166666666666 0.025 
4 0.52421875 0.2847222222222222 0.008854166666666666 0.025 
9 0.5382812499999999 0.2847222222222222 0.008854166666666666 0.025 
7 0.5471354166666667 0.2847222222222222 0.008854166666666666 0.025 
10 0.5559895833333333 0.2847222222222222 0.008854166666666666 0.025 
4 0.5700520833333333 0.2847222222222222 0.008854166666666666 0.025 
4 0.57890625 0.2847222222222222 0.008854166666666666 0.025 
6 0.5877604166666667 0.2847222222222222 0.008854166666666666 0.025 
