0 0.32083333333333336 0.5962962962962963 0.16145833333333334 0.06481481481481481
1 0.43046875 0.799074074074074 0.15052083333333333 0.18888888888888888
31 0.38593750000000004 0.7898148148148149 0.005208333333333333 0.012962962962962963 
26 0.3919270833333333 0.7898148148148149 0.0067708333333333336 0.012962962962962963 
24 0.39895833333333336 0.7898148148148149 0.007291666666666667 0.012962962962962963 
9 0.4075520833333333 0.7898148148148149 0.0046875 0.012962962962962963 
5 0.4122395833333333 0.7898148148148149 0.0046875 0.012962962962962963 
7 0.41692708333333334 0.7898148148148149 0.0046875 0.012962962962962963 
10 0.42421875 0.7898148148148149 0.0046875 0.012962962962962963 
9 0.42890625 0.7898148148148149 0.0046875 0.012962962962962963 
3 0.43359375 0.7898148148148149 0.0046875 0.012962962962962963 
7 0.44088541666666664 0.7898148148148149 0.0046875 0.012962962962962963 
6 0.44557291666666665 0.7898148148148149 0.0046875 0.012962962962962963 
9 0.45026041666666666 0.7898148148148149 0.0046875 0.012962962962962963 
