0 0.8575520833333333 0.24259259259259258 0.18697916666666667 0.07592592592592592
1 0.10703125 0.7421296296296296 0.17447916666666666 0.21944444444444444
30 0.055989583333333336 0.7314814814814815 0.0067708333333333336 0.014814814814814815 
32 0.06302083333333333 0.7314814814814815 0.007291666666666667 0.014814814814814815 
13 0.0703125 0.7314814814814815 0.007291666666666667 0.014814814814814815 
9 0.07968750000000001 0.7314814814814815 0.005208333333333333 0.014814814814814815 
5 0.08489583333333334 0.7314814814814815 0.005208333333333333 0.014814814814814815 
4 0.09010416666666667 0.7314814814814815 0.005208333333333333 0.014814814814814815 
7 0.09843750000000001 0.7314814814814815 0.005208333333333333 0.014814814814814815 
3 0.10364583333333334 0.7314814814814815 0.005208333333333333 0.014814814814814815 
6 0.10911458333333333 0.7314814814814815 0.005729166666666666 0.014814814814814815 
5 0.1171875 0.7314814814814815 0.005208333333333333 0.014814814814814815 
2 0.12239583333333334 0.7314814814814815 0.005208333333333333 0.014814814814814815 
8 0.12760416666666666 0.7314814814814815 0.005208333333333333 0.014814814814814815 
