0 0.5729166666666666 0.8347222222222221 0.027083333333333334 0.010185185185185186
1 0.5013020833333334 0.4842592592592592 0.025520833333333333 0.03148148148148148
21 0.4932291666666667 0.4824074074074074 0.0010416666666666667 0.003703703703703704 
35 0.49375 0.48194444444444445 0.0010416666666666667 0.002777777777777778 
23 0.4947916666666667 0.48194444444444445 0.0010416666666666667 0.002777777777777778 
2 0.4963541666666667 0.4824074074074074 0.0010416666666666667 0.003703703703703704 
2 0.496875 0.4824074074074074 0.0010416666666666667 0.003703703703703704 
5 0.49739583333333337 0.4824074074074074 0.0010416666666666667 0.003703703703703704 
7 0.49843750000000003 0.4824074074074074 0.0010416666666666667 0.003703703703703704 
6 0.49895833333333334 0.48194444444444445 0.0010416666666666667 0.002777777777777778 
6 0.4994791666666667 0.48194444444444445 0.0010416666666666667 0.002777777777777778 
2 0.5005208333333333 0.4824074074074074 0.0010416666666666667 0.003703703703703704 
8 0.5010416666666666 0.4824074074074074 0.0010416666666666667 0.003703703703703704 
5 0.5015625 0.4824074074074074 0.0010416666666666667 0.003703703703703704 
