0 0.6773437499999999 0.6486111111111111 0.09114583333333333 0.03611111111111111
1 0.41171875 0.3819444444444445 0.08489583333333334 0.10648148148148148
28 0.38671875 0.3773148148148148 0.0036458333333333334 0.008333333333333333 
28 0.39036458333333335 0.3773148148148148 0.0036458333333333334 0.008333333333333333 
28 0.3940104166666667 0.3773148148148148 0.0036458333333333334 0.008333333333333333 
9 0.39869791666666665 0.3768518518518519 0.0026041666666666665 0.007407407407407408 
7 0.40130208333333334 0.3768518518518519 0.0026041666666666665 0.007407407407407408 
4 0.40390624999999997 0.3768518518518519 0.0026041666666666665 0.007407407407407408 
10 0.4080729166666667 0.3768518518518519 0.0026041666666666665 0.007407407407407408 
5 0.4106770833333333 0.3768518518518519 0.0026041666666666665 0.007407407407407408 
5 0.41328125 0.3768518518518519 0.0026041666666666665 0.007407407407407408 
7 0.41744791666666664 0.3768518518518519 0.0026041666666666665 0.007407407407407408 
8 0.4200520833333333 0.3768518518518519 0.0026041666666666665 0.007407407407407408 
5 0.42265624999999996 0.3768518518518519 0.0026041666666666665 0.007407407407407408 
