0 0.82578125 0.38935185185185184 0.2578125 0.10462962962962963
1 0.6669270833333334 0.5560185185185185 0.24114583333333334 0.30277777777777776
33 0.5963541666666666 0.5402777777777779 0.009375 0.021296296296296296 
13 0.6059895833333334 0.5402777777777779 0.009895833333333333 0.021296296296296296 
24 0.6166666666666667 0.5402777777777779 0.011458333333333333 0.021296296296296296 
9 0.6309895833333333 0.5402777777777779 0.0078125 0.021296296296296296 
3 0.6388020833333333 0.5402777777777779 0.0078125 0.021296296296296296 
6 0.6466145833333333 0.5402777777777779 0.0078125 0.021296296296296296 
4 0.6591145833333333 0.5402777777777779 0.0078125 0.021296296296296296 
6 0.6669270833333333 0.5402777777777779 0.0078125 0.021296296296296296 
10 0.6747395833333333 0.5402777777777779 0.0078125 0.021296296296296296 
10 0.6872395833333333 0.5402777777777779 0.0078125 0.021296296296296296 
3 0.6950520833333333 0.5402777777777779 0.0078125 0.021296296296296296 
9 0.7028645833333333 0.5402777777777779 0.0078125 0.021296296296296296 
