0 0.4078125 0.3365740740740741 0.013541666666666667 0.004629629629629629
1 0.7973958333333333 0.3402777777777778 0.0125 0.01574074074074074
25 0.7934895833333333 0.3384259259259259 0.0005208333333333333 0.000925925925925926 
21 0.7940104166666666 0.3388888888888889 0.0005208333333333333 0.001851851851851852 
33 0.7940104166666666 0.3384259259259259 0.0005208333333333333 0.000925925925925926 
11 0.79453125 0.3388888888888889 0.0005208333333333333 0.001851851851851852 
7 0.79453125 0.3388888888888889 0.0005208333333333333 0.001851851851851852 
3 0.79453125 0.3384259259259259 0.0005208333333333333 0.000925925925925926 
2 0.79453125 0.3388888888888889 0.0005208333333333333 0.001851851851851852 
4 0.79453125 0.3384259259259259 0.0005208333333333333 0.000925925925925926 
7 0.79453125 0.3388888888888889 0.0005208333333333333 0.001851851851851852 
2 0.79453125 0.3388888888888889 0.0005208333333333333 0.001851851851851852 
6 0.79453125 0.3384259259259259 0.0005208333333333333 0.000925925925925926 
4 0.79453125 0.3384259259259259 0.0005208333333333333 0.000925925925925926 
