0 0.5635416666666667 0.6129629629629629 0.32083333333333336 0.12962962962962962
1 0.3703125 0.3837962962962963 0.3 0.3768518518518518
30 0.28229166666666666 0.36435185185185187 0.011458333333333333 0.026851851851851852 
25 0.2942708333333333 0.36435185185185187 0.0125 0.026851851851851852 
21 0.30520833333333336 0.36435185185185187 0.009375 0.026851851851851852 
4 0.3203125 0.3648148148148148 0.009375 0.025925925925925925 
9 0.3296875 0.3648148148148148 0.009375 0.025925925925925925 
7 0.3390625 0.3648148148148148 0.009375 0.025925925925925925 
8 0.3541666666666667 0.3648148148148148 0.009375 0.025925925925925925 
5 0.36354166666666665 0.3648148148148148 0.009375 0.025925925925925925 
4 0.3729166666666667 0.3648148148148148 0.009375 0.025925925925925925 
2 0.38802083333333337 0.3648148148148148 0.009375 0.025925925925925925 
2 0.39739583333333334 0.3648148148148148 0.009375 0.025925925925925925 
4 0.40677083333333336 0.3648148148148148 0.009375 0.025925925925925925 
