0 0.30026041666666664 0.24675925925925926 0.5411458333333333 0.21944444444444444
1 0.36562500000000003 0.5240740740740741 0.5052083333333334 0.6351851851851852
21 0.2158854166666667 0.4925925925925926 0.016145833333333335 0.046296296296296294 
30 0.23359375000000002 0.4921296296296296 0.019270833333333334 0.04722222222222222 
21 0.2513020833333333 0.4925925925925926 0.016145833333333335 0.046296296296296294 
10 0.27734375 0.4925925925925926 0.016145833333333335 0.046296296296296294 
11 0.2934895833333333 0.4925925925925926 0.016145833333333335 0.046296296296296294 
7 0.30963541666666666 0.4930555555555556 0.016145833333333335 0.04537037037037037 
11 0.3356770833333333 0.4925925925925926 0.016145833333333335 0.046296296296296294 
5 0.35182291666666665 0.4925925925925926 0.016145833333333335 0.046296296296296294 
7 0.36796875 0.4930555555555556 0.016145833333333335 0.04537037037037037 
2 0.39401041666666664 0.4925925925925926 0.016145833333333335 0.046296296296296294 
9 0.41015625 0.4925925925925926 0.016145833333333335 0.044444444444444446 
11 0.4263020833333333 0.4925925925925926 0.016145833333333335 0.046296296296296294 
