0 0.88125 0.3023148148148148 0.16458333333333333 0.06574074074074074
1 0.7830729166666667 0.8092592592592592 0.15364583333333334 0.1925925925925926
37 0.7374999999999999 0.7990740740740742 0.005208333333333333 0.012962962962962963 
17 0.7427083333333333 0.7990740740740742 0.005208333333333333 0.012962962962962963 
16 0.7481770833333333 0.7990740740740742 0.005729166666666666 0.012962962962962963 
5 0.7559895833333333 0.7990740740740742 0.0046875 0.012962962962962963 
5 0.7606770833333333 0.7990740740740742 0.0046875 0.012962962962962963 
7 0.7653645833333333 0.7990740740740742 0.0046875 0.012962962962962963 
2 0.7726562499999999 0.7990740740740742 0.0046875 0.012962962962962963 
11 0.77734375 0.7990740740740742 0.0046875 0.012962962962962963 
5 0.78203125 0.7990740740740742 0.0046875 0.012962962962962963 
9 0.7893229166666667 0.7990740740740742 0.0046875 0.012962962962962963 
5 0.7940104166666666 0.7990740740740742 0.0046875 0.012962962962962963 
8 0.7986979166666667 0.7990740740740742 0.0046875 0.012962962962962963 
