0 0.81796875 0.3208333333333333 0.2546875 0.10277777777777777
1 0.6098958333333333 0.5967592592592592 0.2375 0.29907407407407405
13 0.5403645833333334 0.5810185185185186 0.009895833333333333 0.021296296296296296 
31 0.5494791666666666 0.5810185185185186 0.008333333333333333 0.021296296296296296 
14 0.55859375 0.5810185185185186 0.009895833333333333 0.021296296296296296 
2 0.5721354166666667 0.5810185185185186 0.0078125 0.021296296296296296 
8 0.5799479166666667 0.5810185185185186 0.0078125 0.021296296296296296 
11 0.5877604166666667 0.5810185185185186 0.0078125 0.021296296296296296 
10 0.6002604166666666 0.5810185185185186 0.0078125 0.021296296296296296 
9 0.6080729166666666 0.5810185185185186 0.0078125 0.021296296296296296 
11 0.6158854166666666 0.5810185185185186 0.0078125 0.021296296296296296 
10 0.6283854166666667 0.5810185185185186 0.0078125 0.021296296296296296 
4 0.6361979166666667 0.5810185185185186 0.0078125 0.021296296296296296 
11 0.6440104166666667 0.5810185185185186 0.0078125 0.021296296296296296 
