0 0.3809895833333333 0.5703703703703704 0.5598958333333334 0.22777777777777777
1 0.55625 0.45092592592592595 0.5229166666666667 0.6574074074074074
25 0.4041666666666667 0.4189814814814815 0.021875 0.04722222222222222 
31 0.4244791666666667 0.4189814814814815 0.01875 0.04722222222222222 
18 0.44557291666666665 0.41898148148148145 0.0234375 0.049074074074074076 
2 0.47552083333333334 0.41944444444444445 0.016666666666666666 0.04814814814814815 
8 0.4921875 0.41944444444444445 0.016666666666666666 0.04814814814814815 
6 0.5088541666666666 0.4189814814814815 0.016666666666666666 0.04722222222222222 
4 0.5354166666666667 0.4189814814814815 0.016666666666666666 0.04722222222222222 
7 0.5520833333333333 0.4199074074074074 0.016666666666666666 0.04722222222222222 
7 0.56875 0.4199074074074074 0.016666666666666666 0.04722222222222222 
6 0.5953125 0.4189814814814815 0.016666666666666666 0.04722222222222222 
7 0.6119791666666666 0.4199074074074074 0.016666666666666666 0.04722222222222222 
11 0.6286458333333333 0.41944444444444445 0.016666666666666666 0.04814814814814815 
