0 0.3015625 0.8550925925925925 0.19895833333333332 0.08055555555555556
1 0.16432291666666665 0.1398148148148148 0.1859375 0.23333333333333334
31 0.10963541666666667 0.1287037037037037 0.0067708333333333336 0.016666666666666666 
14 0.11692708333333333 0.1287037037037037 0.0078125 0.016666666666666666 
21 0.12369791666666667 0.1287037037037037 0.005729166666666666 0.016666666666666666 
2 0.13307291666666668 0.1287037037037037 0.005729166666666666 0.016666666666666666 
3 0.13880208333333333 0.1287037037037037 0.005729166666666666 0.016666666666666666 
2 0.14453125 0.1287037037037037 0.005729166666666666 0.016666666666666666 
3 0.15390625 0.1287037037037037 0.005729166666666666 0.016666666666666666 
2 0.15963541666666667 0.1287037037037037 0.005729166666666666 0.016666666666666666 
6 0.16536458333333334 0.1287037037037037 0.005729166666666666 0.016666666666666666 
5 0.17473958333333334 0.1287037037037037 0.005729166666666666 0.016666666666666666 
2 0.18046875 0.1287037037037037 0.005729166666666666 0.016666666666666666 
3 0.18619791666666666 0.1287037037037037 0.005729166666666666 0.016666666666666666 
