23 0.7235081802603033 0.7143528437116358 0.013020833333333334 0.032407407407407406 
5 0.058240770060901635 0.6093398256322048 0.04739583333333333 0.13425925925925927 
23 0.052296368954996605 0.7326543760650988 0.03333333333333333 0.08425925925925926 
36 0.6055074737312717 0.9110915552809591 0.03177083333333333 0.07222222222222222 
19 0.3559895078831511 0.3007335553045499 0.036458333333333336 0.07777777777777778 
21 0.43320613183001117 0.7785817375858807 0.005208333333333333 0.013888888888888888 
13 0.04821425163036507 0.28433709812416885 0.04895833333333333 0.10555555555555556 
16 0.2539610380894355 0.27254104035021537 0.04114583333333333 0.09537037037037037 
13 0.8120384120609493 0.2354123542155999 0.0609375 0.13148148148148148 
19 0.5598809545731318 0.23982596649922946 0.013541666666666667 0.02962962962962963 
30 0.724452354702747 0.21004273650962502 0.058333333333333334 0.1388888888888889 
6 0.2287011086954693 0.3797239193673166 0.011458333333333333 0.032407407407407406 
18 0.7430403927337632 0.28526492734399383 0.010416666666666666 0.021296296296296296 
8 0.669100139961195 0.39534283963908495 0.058854166666666666 0.16666666666666666 
24 0.5010915537285151 0.5157147320123683 0.06458333333333334 0.12037037037037036 
