0 0.3588541666666667 0.6421296296296297 0.46770833333333334 0.18981481481481483
1 0.5723958333333333 0.5402777777777777 0.43645833333333334 0.549074074074074
29 0.4450520833333333 0.512962962962963 0.018229166666666668 0.03888888888888889 
22 0.46328125 0.512962962962963 0.018229166666666668 0.03888888888888889 
37 0.48020833333333335 0.512962962962963 0.015625 0.03888888888888889 
3 0.5033854166666667 0.5125 0.0140625 0.03981481481481482 
2 0.5174479166666667 0.512962962962963 0.0140625 0.040740740740740744 
3 0.5315104166666668 0.5125 0.0140625 0.03981481481481482 
8 0.55390625 0.512962962962963 0.0140625 0.040740740740740744 
2 0.56796875 0.512962962962963 0.0140625 0.040740740740740744 
3 0.58203125 0.5125 0.0140625 0.03981481481481482 
5 0.6044270833333334 0.512962962962963 0.0140625 0.040740740740740744 
8 0.6184895833333334 0.512962962962963 0.0140625 0.040740740740740744 
3 0.6325520833333333 0.5125 0.0140625 0.03981481481481482 
