23 0.16952250560296667 0.4976261546316525 0.06041666666666667 0.1527777777777778 
14 0.9388883838429494 0.5187104525728793 0.017708333333333333 0.040740740740740744 
7 0.3217226129889451 0.5600185627789996 0.033854166666666664 0.09537037037037037 
36 0.9376195835593757 0.9438404175183888 0.0203125 0.04537037037037037 
33 0.4072392265707906 0.5385105578276282 0.053125 0.12222222222222222 
28 0.30879582563377383 0.33190624713806105 0.022916666666666665 0.05092592592592592 
31 0.22749044282493686 0.23238225780987826 0.06927083333333334 0.17592592592592593 
29 0.5427028812099165 0.05420402552402921 0.023958333333333335 0.05185185185185185 
3 0.9002728560587759 0.2313004820255786 0.015625 0.044444444444444446 
36 0.07918123136530716 0.4548414694030969 0.019791666666666666 0.04351851851851852 
30 0.8992129884826549 0.6166484145058305 0.018229166666666668 0.044444444444444446 
28 0.845795258795658 0.6988838175955248 0.07552083333333333 0.1685185185185185 
3 0.2873287009472245 0.15605900936251332 0.0609375 0.17037037037037037 
10 0.3676375161892511 0.68440293351065 0.030729166666666665 0.08611111111111111 
18 0.6299225133678061 0.7959458411697838 0.040625 0.0824074074074074 
8 0.5801393862733081 0.36719469950076056 0.03333333333333333 0.09444444444444444 
24 0.06950702619127712 0.7592603706562927 0.04895833333333333 0.09074074074074075 
21 0.3382494581814637 0.34412909279216347 0.008854166666666666 0.024074074074074074 
22 0.8434261667316187 0.1775857200483055 0.040625 0.08703703703703704 
19 0.6020456043069015 0.4877383019986411 0.028125 0.06111111111111111 
15 0.6039789681393267 0.5532559952698963 0.07083333333333333 0.1527777777777778 
7 0.3518230650552425 0.8655944039561347 0.020833333333333332 0.058333333333333334 
26 0.8894246863132707 0.4776321613551189 0.08333333333333333 0.17222222222222222 
2 0.5897311761164907 0.5956392177923625 0.0067708333333333336 0.019444444444444445 
32 0.46018980260501446 0.8055972853529211 0.04635416666666667 0.10092592592592593 
11 0.08265263131579846 0.41558484288932673 0.058333333333333334 0.16574074074074074 
28 0.0901819478435781 0.17085508211209463 0.04479166666666667 0.09907407407407408 
7 0.9117612423835375 0.8710108302845209 0.03229166666666667 0.08981481481481482 
2 0.22831921647313355 0.407555961985791 0.04114583333333333 0.1175925925925926 
28 0.35624451012503566 0.7487223690878392 0.04479166666666667 0.09907407407407408 
19 0.9409442110703848 0.4862555986211098 0.04635416666666667 0.09907407407407408 
