0 0.14895833333333333 0.3490740740740741 0.23541666666666666 0.09444444444444444
1 0.8510416666666666 0.5231481481481481 0.21979166666666666 0.2759259259259259
20 0.78359375 0.5087962962962963 0.0036458333333333334 0.019444444444444445 
15 0.78984375 0.5087962962962963 0.008854166666666666 0.019444444444444445 
19 0.7986979166666667 0.5087962962962963 0.008854166666666666 0.019444444444444445 
6 0.8106770833333333 0.5087962962962963 0.0067708333333333336 0.019444444444444445 
4 0.8174479166666667 0.5087962962962963 0.0067708333333333336 0.019444444444444445 
5 0.82421875 0.5087962962962963 0.0067708333333333336 0.019444444444444445 
6 0.83515625 0.5087962962962963 0.0067708333333333336 0.019444444444444445 
6 0.8419270833333333 0.5087962962962963 0.0067708333333333336 0.019444444444444445 
9 0.8486979166666667 0.5087962962962963 0.0067708333333333336 0.019444444444444445 
4 0.8596354166666667 0.5087962962962963 0.0067708333333333336 0.019444444444444445 
2 0.86640625 0.5087962962962963 0.0067708333333333336 0.019444444444444445 
6 0.8731770833333333 0.5087962962962963 0.0067708333333333336 0.019444444444444445 
