23 0.06490713167600476 0.5338882607893437 0.0640625 0.16203703703703703 
15 0.8326469110100361 0.4182406307906921 0.0046875 0.010185185185185186 
7 0.12357533760325144 0.7461925706075839 0.0203125 0.05648148148148148 
2 0.08532297429316278 0.2606002702304646 0.0265625 0.075 
36 0.8099214105312567 0.2675352552606223 0.03854166666666667 0.08796296296296297 
20 0.3940538347152061 0.26334264800719537 0.021354166666666667 0.11944444444444445 
13 0.22756748951292632 0.28035721933685087 0.0046875 0.010185185185185186 
9 0.35705062650218605 0.5995808135682955 0.003125 0.008333333333333333 
24 0.5901779162661278 0.8376894570242375 0.05572916666666667 0.1037037037037037 
32 0.230271377130934 0.550398394627472 0.041666666666666664 0.09074074074074075 
31 0.1742444455431836 0.8896659186762825 0.022395833333333334 0.05648148148148148 
33 0.3184672960284081 0.905269247055912 0.06197916666666667 0.14351851851851852 
18 0.6658445918114697 0.2917197605746768 0.0796875 0.1638888888888889 
13 0.5946667659173391 0.7840252209424896 0.051041666666666666 0.11018518518518519 
16 0.013005483613439051 0.6724646271441059 0.0078125 0.017592592592592594 
36 0.6770637869646015 0.24665374438711402 0.014583333333333334 0.032407407407407406 
24 0.04777594642807165 0.4451350958637135 0.04583333333333333 0.08518518518518518 
15 0.11755476905205463 0.9246181951135006 0.022916666666666665 0.049074074074074076 
37 0.291712379917787 0.44900269452258246 0.014583333333333334 0.037037037037037035 
34 0.09579748550039321 0.8338302627724902 0.058854166666666666 0.09722222222222222 
30 0.08457860317752687 0.4010457422774182 0.04895833333333333 0.11666666666666667 
20 0.6790402678949412 0.7328086870059227 0.013020833333333334 0.0712962962962963 
10 0.8137374909376475 0.4759154655565173 0.0546875 0.15555555555555556 
11 0.10678980047447695 0.8247058601366889 0.029166666666666667 0.0824074074074074 
29 0.9099327196652184 0.9056412258242732 0.04739583333333333 0.10185185185185185 
3 0.24919878304138704 0.19391284115134275 0.0484375 0.13518518518518519 
32 0.8433879631142382 0.5048622285203025 0.04791666666666667 0.10555555555555556 
17 0.13207953700296257 0.7196328413599354 0.034375 0.08703703703703704 
11 0.14301588849215346 0.8128170458712857 0.04635416666666667 0.13148148148148148 
