23 0.18869199802371658 0.25726531195951 0.06666666666666667 0.1675925925925926 
16 0.7895805946369227 0.47205251462501746 0.044270833333333336 0.1037037037037037 
19 0.13633968206789332 0.11327043165773187 0.0359375 0.07777777777777778 
3 0.7522480301979703 0.2864571578919564 0.0546875 0.1537037037037037 
30 0.1536021757251615 0.6213461882819292 0.06927083333333334 0.1675925925925926 
30 0.6196262506705843 0.8240379157838595 0.0703125 0.16944444444444445 
37 0.2962677800771324 0.6237236061290257 0.016666666666666666 0.041666666666666664 
2 0.5833825693096016 0.5342251684192054 0.03229166666666667 0.08981481481481482 
4 0.8760329198140752 0.46185539381254065 0.04479166666666667 0.125 
13 0.9773012644381089 0.2762668490944214 0.007291666666666667 0.014814814814814815 
32 0.4566918450104751 0.6712387567023961 0.023958333333333335 0.05185185185185185 
32 0.9525125040181806 0.8267530439904257 0.0067708333333333336 0.014814814814814815 
32 0.45655269087119643 0.70749095433508 0.0234375 0.05092592592592592 
20 0.5978966807927923 0.5402914425229931 0.010416666666666666 0.05740740740740741 
22 0.3353739832337592 0.20202594641957086 0.06770833333333333 0.14537037037037037 
3 0.9405768533332903 0.24702625524873545 0.008333333333333333 0.024074074074074074 
15 0.08146742323818691 0.7090067990577108 0.06979166666666667 0.15 
