23 0.8283045150118018 0.31258688145877567 0.03697916666666667 0.09351851851851851 
17 0.2823158541849067 0.43088904623138274 0.021354166666666667 0.053703703703703705 
5 0.30167914330712337 0.7375112570219683 0.030208333333333334 0.08518518518518518 
27 0.09268668940496491 0.803546370922679 0.017708333333333333 0.041666666666666664 
37 0.174148186982763 0.394062590694534 0.04114583333333333 0.10462962962962963 
23 0.3755347264240929 0.18546029393401456 0.05572916666666667 0.14074074074074075 
28 0.234100173548563 0.7017763432155383 0.05416666666666667 0.12129629629629629 
11 0.5959440576094762 0.09469063440352321 0.0234375 0.06574074074074074 
23 0.702518925679186 0.6700312248839984 0.06927083333333334 0.17592592592592593 
21 0.2919213408813964 0.8749572622160049 0.03854166666666667 0.11018518518518519 
18 0.9217711538076698 0.6679252337582064 0.027083333333333334 0.05555555555555555 
8 0.4122331865379757 0.2373348256790248 0.04010416666666667 0.11388888888888889 
34 0.5547045270847801 0.771831404462787 0.04114583333333333 0.06759259259259259 
13 0.04063119841564562 0.28736241141084523 0.019791666666666666 0.04259259259259259 
30 0.6845988600711319 0.24635580320286227 0.07552083333333333 0.1814814814814815 
2 0.2602777606283361 0.5057596219118625 0.0375 0.10648148148148148 
7 0.467199557962774 0.6827814116022752 0.0328125 0.09074074074074075 
24 0.14446100379027102 0.41735313383844475 0.08125 0.15185185185185185 
9 0.2881729387113129 0.3089655325903838 0.059375 0.1638888888888889 
8 0.32747632946421107 0.8198737685129935 0.041666666666666664 0.11851851851851852 
15 0.1972664696455888 0.026080323172851957 0.0109375 0.023148148148148147 
23 0.5640342832970234 0.5180347467001739 0.03177083333333333 0.08055555555555556 
12 0.44177760338466004 0.3564621722911161 0.058333333333333334 0.1259259259259259 
15 0.550455078028059 0.03849057398929533 0.011458333333333333 0.025 
2 0.8410779425902761 0.6826850133652055 0.058333333333333334 0.16574074074074074 
29 0.30771158229349527 0.5834413941176573 0.08229166666666667 0.17685185185185184 
31 0.8893421666844374 0.1619428581019714 0.03177083333333333 0.08055555555555556 
18 0.3062838549311367 0.8089765200920846 0.0234375 0.049074074074074076 
3 0.32930877804785375 0.7170413115359904 0.025 0.06944444444444445 
16 0.563206221337115 0.7971909227126156 0.0328125 0.07685185185185185 
17 0.16318571652397842 0.17726677964664048 0.005729166666666666 0.014814814814814815 
