0 0.32343750000000004 0.11851851851851851 0.275 0.1111111111111111
1 0.72890625 0.7027777777777777 0.25677083333333334 0.32222222222222224
14 0.6536458333333334 0.6861111111111111 0.010416666666666666 0.022222222222222223 
37 0.6632812499999999 0.6861111111111111 0.008854166666666666 0.022222222222222223 
15 0.6729166666666667 0.6861111111111111 0.010416666666666666 0.022222222222222223 
7 0.6869791666666667 0.6861111111111111 0.008333333333333333 0.022222222222222223 
9 0.6953125 0.6861111111111111 0.008333333333333333 0.022222222222222223 
3 0.7036458333333333 0.6861111111111111 0.008333333333333333 0.022222222222222223 
8 0.7166666666666667 0.6861111111111111 0.008333333333333333 0.022222222222222223 
6 0.725 0.6861111111111111 0.008333333333333333 0.022222222222222223 
6 0.7333333333333333 0.6861111111111111 0.008333333333333333 0.022222222222222223 
11 0.7463541666666667 0.6861111111111111 0.008333333333333333 0.022222222222222223 
4 0.7546875 0.6861111111111111 0.008333333333333333 0.022222222222222223 
8 0.7630208333333334 0.6861111111111111 0.008333333333333333 0.022222222222222223 
