0 0.42161458333333335 0.2828703703703704 0.3723958333333333 0.15092592592592594
1 0.5526041666666667 0.6138888888888889 0.34791666666666665 0.43703703703703706
37 0.44999999999999996 0.5916666666666667 0.0125 0.03148148148148148 
36 0.4627604166666667 0.5916666666666667 0.0140625 0.03148148148148148 
21 0.4752604166666667 0.5916666666666667 0.0109375 0.03148148148148148 
10 0.49296875 0.5921296296296296 0.0109375 0.030555555555555555 
7 0.50390625 0.5921296296296296 0.0109375 0.030555555555555555 
5 0.51484375 0.5921296296296296 0.0109375 0.030555555555555555 
5 0.5325520833333334 0.5921296296296296 0.0109375 0.030555555555555555 
2 0.5434895833333333 0.5921296296296296 0.0109375 0.030555555555555555 
3 0.5544270833333333 0.5921296296296296 0.0109375 0.030555555555555555 
7 0.5721354166666667 0.5921296296296296 0.0109375 0.030555555555555555 
9 0.5830729166666667 0.5921296296296296 0.0109375 0.030555555555555555 
3 0.5940104166666667 0.5921296296296296 0.0109375 0.030555555555555555 
