0 0.45651041666666664 0.6009259259259259 0.5338541666666666 0.21666666666666667
1 0.29661458333333335 0.4199074074074074 0.4984375 0.6268518518518519
36 0.15104166666666666 0.38888888888888884 0.019791666666666666 0.044444444444444446 
32 0.17135416666666667 0.38935185185185184 0.020833333333333332 0.04537037037037037 
24 0.19375 0.38888888888888884 0.023958333333333335 0.044444444444444446 
3 0.22317708333333336 0.38888888888888884 0.016145833333333335 0.044444444444444446 
10 0.2393229166666667 0.38935185185185184 0.016145833333333335 0.04537037037037037 
6 0.25546875 0.38888888888888884 0.016145833333333335 0.044444444444444446 
9 0.2809895833333333 0.38935185185185184 0.016145833333333335 0.04351851851851852 
10 0.29713541666666665 0.38935185185185184 0.016145833333333335 0.04537037037037037 
4 0.31328125 0.38888888888888884 0.016145833333333335 0.044444444444444446 
9 0.33880208333333334 0.38935185185185184 0.016145833333333335 0.04351851851851852 
3 0.35494791666666664 0.38888888888888884 0.016145833333333335 0.044444444444444446 
7 0.37109375 0.3898148148148148 0.016145833333333335 0.044444444444444446 
