0 0.8354166666666667 0.10138888888888889 0.23125 0.09351851851851851
1 0.7861979166666666 0.3486111111111111 0.21614583333333334 0.2712962962962963
35 0.7223958333333333 0.33472222222222225 0.008333333333333333 0.019444444444444445 
17 0.73046875 0.33472222222222225 0.0078125 0.019444444444444445 
30 0.7385416666666667 0.33472222222222225 0.008333333333333333 0.019444444444444445 
7 0.7502604166666667 0.33472222222222225 0.0067708333333333336 0.019444444444444445 
8 0.75703125 0.33472222222222225 0.0067708333333333336 0.019444444444444445 
10 0.7638020833333333 0.33472222222222225 0.0067708333333333336 0.019444444444444445 
5 0.7747395833333334 0.33472222222222225 0.0067708333333333336 0.019444444444444445 
2 0.7815104166666667 0.33472222222222225 0.0067708333333333336 0.019444444444444445 
8 0.78828125 0.33472222222222225 0.0067708333333333336 0.019444444444444445 
11 0.79921875 0.33472222222222225 0.0067708333333333336 0.019444444444444445 
11 0.8059895833333334 0.33472222222222225 0.0067708333333333336 0.019444444444444445 
8 0.8127604166666667 0.33472222222222225 0.0067708333333333336 0.019444444444444445 
