0 0.565625 0.36712962962962964 0.24895833333333334 0.10092592592592593
1 0.39765625 0.2185185185185185 0.2328125 0.29259259259259257
16 0.32942708333333337 0.2037037037037037 0.008854166666666666 0.020370370370370372 
16 0.33828125000000003 0.2037037037037037 0.008854166666666666 0.020370370370370372 
21 0.3463541666666667 0.2037037037037037 0.007291666666666667 0.020370370370370372 
5 0.35781250000000003 0.2037037037037037 0.007291666666666667 0.020370370370370372 
10 0.3651041666666667 0.2037037037037037 0.007291666666666667 0.020370370370370372 
5 0.37239583333333337 0.2037037037037037 0.007291666666666667 0.020370370370370372 
4 0.38385416666666666 0.2037037037037037 0.007291666666666667 0.020370370370370372 
5 0.39114583333333336 0.2037037037037037 0.007291666666666667 0.020370370370370372 
10 0.3984375 0.2037037037037037 0.007291666666666667 0.020370370370370372 
6 0.40989583333333335 0.2037037037037037 0.007291666666666667 0.020370370370370372 
4 0.4171875 0.2037037037037037 0.007291666666666667 0.020370370370370372 
10 0.4244791666666667 0.2037037037037037 0.007291666666666667 0.020370370370370372 
