0 0.3796875 0.7833333333333333 0.19166666666666668 0.07777777777777778
1 0.35234374999999996 0.14953703703703702 0.17864583333333334 0.225
14 0.3 0.13842592592592592 0.007291666666666667 0.01574074074074074 
37 0.3067708333333333 0.13842592592592592 0.00625 0.01574074074074074 
31 0.3130208333333333 0.13842592592592592 0.00625 0.01574074074074074 
3 0.32265625 0.13842592592592592 0.005729166666666666 0.01574074074074074 
9 0.32838541666666665 0.13842592592592592 0.005729166666666666 0.01574074074074074 
3 0.3341145833333333 0.13842592592592592 0.005729166666666666 0.01574074074074074 
6 0.34348958333333335 0.13842592592592592 0.005729166666666666 0.01574074074074074 
3 0.34921875 0.13842592592592592 0.005729166666666666 0.01574074074074074 
2 0.3549479166666667 0.13842592592592592 0.005729166666666666 0.01574074074074074 
6 0.36432291666666666 0.13842592592592592 0.005729166666666666 0.01574074074074074 
5 0.37005208333333334 0.13842592592592592 0.005729166666666666 0.01574074074074074 
7 0.37578125 0.13842592592592592 0.005729166666666666 0.01574074074074074 
