23 0.19689710357587378 0.760294773162835 0.034375 0.08703703703703704 
27 0.08643196308393843 0.16868935498491835 0.01875 0.04351851851851852 
22 0.20664673713840423 0.435607175958236 0.0421875 0.08981481481481482 
18 0.2487950542355281 0.15476372558977772 0.0640625 0.13055555555555556 
26 0.857213740280356 0.8149807963192981 0.033854166666666664 0.06944444444444445 
16 0.09877695186466726 0.5373238286778069 0.05572916666666667 0.12962962962962962 
35 0.09276298831020022 0.6384132932676936 0.030729166666666665 0.0712962962962963 
11 0.2733305790171311 0.21599410617091036 0.04635416666666667 0.13148148148148148 
30 0.325979975461616 0.32870797729633006 0.07083333333333333 0.17037037037037037 
6 0.9380595336116756 0.30165881352743507 0.035416666666666666 0.09907407407407408 
6 0.04824724980387707 0.5041296324335974 0.059895833333333336 0.1685185185185185 
28 0.4549246047749858 0.672296024238239 0.042708333333333334 0.09444444444444444 
3 0.6512137803121437 0.6270934090529134 0.0078125 0.021296296296296296 
21 0.0594830049888581 0.590788994915072 0.0375 0.10648148148148148 
20 0.5430908854018659 0.7788942668291305 0.003125 0.017592592592592594 
10 0.872073417281347 0.816571159149018 0.0296875 0.08333333333333333 
15 0.6819014221515274 0.2886621965810099 0.015625 0.03333333333333333 
17 0.3207625565878334 0.028581603131880268 0.0125 0.03148148148148148 
12 0.07244733799106416 0.12182436663100099 0.0421875 0.08981481481481482 
26 0.6371359558443814 0.29979471967813465 0.052083333333333336 0.10740740740740741 
30 0.47049364228643725 0.5841530686933595 0.007291666666666667 0.017592592592592594 
3 0.06863297115528122 0.18315391347282567 0.057291666666666664 0.16018518518518518 
29 0.674598685649172 0.6022475895385462 0.06197916666666667 0.13333333333333333 
37 0.44480914022035695 0.40669458605008413 0.06197916666666667 0.1574074074074074 
