23 0.1944725883665993 0.6923652708887177 0.030729166666666665 0.07777777777777778 
29 0.8173717751515832 0.7630761619083603 0.0703125 0.15092592592592594 
13 0.554814961052161 0.903581688413993 0.027083333333333334 0.058333333333333334 
27 0.7894598394620366 0.5116935400011993 0.06875 0.16018518518518518 
27 0.6930367159498666 0.6915326405675466 0.06875 0.16018518518518518 
27 0.6869459864799702 0.7006512102763003 0.015625 0.03611111111111111 
21 0.8501316730737059 0.9540077605139101 0.0171875 0.049074074074074076 
27 0.7352020175672844 0.7139813663426531 0.05572916666666667 0.12962962962962962 
33 0.7195837567967128 0.4310325347936798 0.0296875 0.06851851851851852 
15 0.15079574439514573 0.22340208879207352 0.08229166666666667 0.17685185185185184 
3 0.9095406435249085 0.1587908624480162 0.04739583333333333 0.13240740740740742 
6 0.1595645315311611 0.4574931538207196 0.018229166666666668 0.05092592592592592 
31 0.09564995391352067 0.29165773629905667 0.021875 0.05462962962962963 
30 0.6799651725548118 0.42655741021951094 0.04895833333333333 0.11666666666666667 
33 0.4385827331502602 0.4735997422327827 0.06666666666666667 0.15462962962962962 
13 0.06868844895124245 0.705457070017758 0.06927083333333334 0.14814814814814814 
28 0.3824747937729105 0.693379116196071 0.08697916666666666 0.19444444444444445 
11 0.07289581690470387 0.2226725097346351 0.0375 0.10740740740740741 
17 0.12327423534624324 0.4949641565186863 0.034375 0.08703703703703704 
26 0.8933208604645266 0.5803658243448929 0.0390625 0.07962962962962963 
31 0.8400308383923331 0.31429518316998767 0.04583333333333333 0.11666666666666667 
26 0.9156602862838196 0.2503621692036702 0.034375 0.07037037037037037 
27 0.8896126861005673 0.6506906024386446 0.06614583333333333 0.15462962962962962 
11 0.0683511753701185 0.5308877121545554 0.0546875 0.15555555555555556 
13 0.4497231647982596 0.4910728687099262 0.0375 0.08055555555555556 
22 0.13233631900386786 0.3480590635798498 0.05416666666666667 0.11574074074074074 
36 0.5165432272702509 0.3913632022867572 0.0515625 0.1175925925925926 
32 0.19846874877370752 0.28241010735170813 0.08020833333333334 0.175 
12 0.520175720504362 0.2596666444690841 0.03958333333333333 0.08518518518518518 
20 0.33127250676164416 0.8195660262084015 0.005208333333333333 0.02962962962962963 
