0 0.39947916666666666 0.46296296296296297 0.22916666666666666 0.09259259259259259
1 0.6299479166666667 0.15092592592592594 0.2140625 0.26851851851851855
16 0.5666666666666667 0.13749999999999998 0.008333333333333333 0.019444444444444445 
31 0.5747395833333333 0.13749999999999998 0.0078125 0.019444444444444445 
12 0.5833333333333333 0.13749999999999998 0.009375 0.019444444444444445 
10 0.5950520833333334 0.13749999999999998 0.0067708333333333336 0.019444444444444445 
5 0.6018229166666667 0.13749999999999998 0.0067708333333333336 0.019444444444444445 
4 0.60859375 0.13749999999999998 0.0067708333333333336 0.019444444444444445 
3 0.61953125 0.13749999999999998 0.0067708333333333336 0.019444444444444445 
8 0.6263020833333334 0.13749999999999998 0.0067708333333333336 0.019444444444444445 
5 0.6330729166666667 0.13749999999999998 0.0067708333333333336 0.019444444444444445 
7 0.6440104166666667 0.13749999999999998 0.0067708333333333336 0.019444444444444445 
11 0.65078125 0.13749999999999998 0.0067708333333333336 0.019444444444444445 
10 0.6575520833333334 0.13749999999999998 0.0067708333333333336 0.019444444444444445 
