23 0.07814656826650897 0.3471207812136373 0.0578125 0.14629629629629629 
30 0.4816392491035442 0.13620774807364558 0.05416666666666667 0.12962962962962962 
15 0.7149302836782034 0.8002872692205746 0.07447916666666667 0.16018518518518518 
5 0.7460059444723781 0.853237205687233 0.040625 0.11574074074074074 
31 0.7658196921070934 0.42003662222870297 0.06041666666666667 0.1537037037037037 
26 0.48396193722258934 0.06297552388058004 0.011979166666666667 0.024074074074074074 
15 0.6696227202456884 0.325160346421426 0.07604166666666666 0.1638888888888889 
30 0.2961382763264299 0.8941467583992504 0.016145833333333335 0.03981481481481482 
7 0.07725044901929697 0.4781517753889422 0.0484375 0.13518518518518519 
8 0.7072016148346444 0.24717446510452934 0.042708333333333334 0.12129629629629629 
29 0.3596978303509217 0.8154864958256395 0.0546875 0.1175925925925926 
23 0.20622313175705134 0.6376718186028048 0.043229166666666666 0.10925925925925926 
3 0.38372699947442035 0.4271568171873521 0.050520833333333334 0.14074074074074075 
13 0.17549465403129139 0.20262753549803686 0.06822916666666666 0.14629629629629629 
34 0.3007795400494525 0.5962540046959017 0.08177083333333333 0.13425925925925927 
3 0.6570302208230976 0.1758283626579162 0.016145833333333335 0.046296296296296294 
10 0.4220325855415577 0.7379336294983676 0.03177083333333333 0.08981481481481482 
17 0.8329019196255273 0.16145218974533115 0.06875 0.17407407407407408 
12 0.2776594338557141 0.3923529884156888 0.06458333333333334 0.1388888888888889 
14 0.7814885294121175 0.45977543232267887 0.03958333333333333 0.08703703703703704 
6 0.7852032745451667 0.4243641559965602 0.009375 0.025925925925925925 
26 0.8125521489829635 0.14641648024663434 0.06458333333333334 0.13333333333333333 
22 0.2496366780273038 0.4872285699252784 0.06614583333333333 0.14166666666666666 
5 0.8070773277569969 0.6535424011710865 0.059375 0.1685185185185185 
2 0.03366683655650407 0.5706084590352313 0.025 0.07037037037037037 
8 0.597317886907091 0.9551666248964609 0.014583333333333334 0.04259259259259259 
9 0.26448433088504186 0.6161564471561357 0.005729166666666666 0.016666666666666666 
7 0.28806245074519016 0.19377814137167518 0.04583333333333333 0.12777777777777777 
29 0.3026178982453251 0.5979016470994483 0.0036458333333333334 0.007407407407407408 
13 0.5375033105766643 0.6230479813706489 0.044270833333333336 0.09537037037037037 
2 0.31197080679184974 0.8352558286357353 0.04635416666666667 0.13148148148148148 
