0 0.28489583333333335 0.500925925925926 0.53125 0.21481481481481482
1 0.29375 0.40046296296296297 0.49583333333333335 0.6231481481481481
16 0.14817708333333335 0.3694444444444444 0.019270833333333334 0.044444444444444446 
37 0.16666666666666666 0.3694444444444444 0.017708333333333333 0.044444444444444446 
28 0.18671875 0.3712962962962963 0.022395833333333334 0.05 
11 0.21536458333333336 0.3699074074074074 0.016145833333333335 0.04537037037037037 
4 0.2315104166666667 0.3694444444444444 0.016145833333333335 0.044444444444444446 
11 0.24765625000000002 0.3699074074074074 0.016145833333333335 0.04537037037037037 
7 0.2731770833333333 0.37037037037037035 0.016145833333333335 0.044444444444444446 
10 0.28932291666666665 0.3699074074074074 0.016145833333333335 0.04537037037037037 
5 0.30546875 0.3699074074074074 0.016145833333333335 0.04537037037037037 
2 0.33098958333333334 0.3699074074074074 0.016145833333333335 0.04537037037037037 
5 0.34713541666666664 0.3699074074074074 0.016145833333333335 0.04537037037037037 
3 0.36328125 0.3694444444444444 0.016145833333333335 0.044444444444444446 
