23 0.6866059745427344 0.7891580758255803 0.028125 0.0712962962962963 
35 0.09319859012197661 0.8646972316621581 0.04895833333333333 0.11296296296296296 
20 0.7047481241729261 0.17669987485339467 0.016145833333333335 0.09166666666666666 
19 0.521357084618688 0.6482408201936756 0.06875 0.14814814814814814 
12 0.8450141341153514 0.2556052843777543 0.0515625 0.1111111111111111 
23 0.06338748370679298 0.8187140691566841 0.046875 0.11944444444444445 
33 0.07174114773831053 0.9900331648699091 0.005729166666666666 0.012962962962962963 
31 0.47550434530791047 0.14217591545674552 0.06041666666666667 0.1527777777777778 
5 0.2597898068451446 0.5895091319255422 0.059375 0.16944444444444445 
31 0.6671113704489365 0.359835843938433 0.05572916666666667 0.14074074074074075 
24 0.4213832820315938 0.960022774635044 0.03177083333333333 0.05925925925925926 
36 0.5899943563300476 0.8398518698219571 0.0078125 0.016666666666666666 
3 0.43809316936133347 0.11546588338667779 0.03697916666666667 0.10277777777777777 
4 0.892336857943351 0.5020654909172877 0.059895833333333336 0.1685185185185185 
8 0.4939706373676138 0.6696601999374755 0.014583333333333334 0.04259259259259259 
2 0.3813182628618079 0.8738589882223329 0.034895833333333334 0.09907407407407408 
32 0.04153446569699767 0.303692091445258 0.013020833333333334 0.028703703703703703 
32 0.3617035108078562 0.12908281558699097 0.059375 0.12962962962962962 
29 0.7182868479419791 0.4672948369013189 0.06510416666666667 0.14074074074074075 
13 0.5815599475793333 0.14016811177925226 0.019791666666666666 0.04351851851851852 
34 0.20867063026874058 0.13479380543571967 0.044270833333333336 0.07222222222222222 
5 0.6412984305782506 0.6523175911714375 0.036458333333333336 0.1037037037037037 
22 0.12044353833040582 0.7191977851821575 0.015625 0.03333333333333333 
6 0.4789000506974244 0.33890283032154866 0.0140625 0.03981481481481482 
28 0.32164018713139514 0.20411186004049325 0.08385416666666666 0.18611111111111112 
11 0.7631103348190681 0.33220855223071155 0.0296875 0.08333333333333333 
7 0.5135639799853948 0.8848369179307115 0.05677083333333333 0.15925925925925927 
7 0.5495669069449268 0.10018274804797835 0.015625 0.044444444444444446 
6 0.7716967305699252 0.45028986287580475 0.009895833333333333 0.026851851851851852 
13 0.05036524062711291 0.2275694573584262 0.06197916666666667 0.13333333333333333 
31 0.6170891018279602 0.9242551775071728 0.0359375 0.09166666666666666 
