0 0.5802083333333333 0.4981481481481481 0.359375 0.14629629629629629
1 0.509375 0.3564814814814815 0.33541666666666664 0.4222222222222222
23 0.4106770833333333 0.33611111111111114 0.011979166666666667 0.02962962962962963 
17 0.42265625 0.33611111111111114 0.011979166666666667 0.02962962962962963 
34 0.43776041666666665 0.33611111111111114 0.018229166666666668 0.02962962962962963 
8 0.45859375 0.33611111111111114 0.0109375 0.02962962962962963 
8 0.46953125 0.33611111111111114 0.0109375 0.02962962962962963 
5 0.48046875 0.33611111111111114 0.0109375 0.02962962962962963 
2 0.49765625 0.33611111111111114 0.0109375 0.02962962962962963 
3 0.5085937500000001 0.33611111111111114 0.0109375 0.02962962962962963 
7 0.51953125 0.33611111111111114 0.0109375 0.02962962962962963 
4 0.53671875 0.33611111111111114 0.0109375 0.02962962962962963 
8 0.5476562500000001 0.33611111111111114 0.0109375 0.02962962962962963 
4 0.55859375 0.33611111111111114 0.0109375 0.02962962962962963 
