0 0.38255208333333335 0.4074074074074074 0.3098958333333333 0.1259259259259259
1 0.6786458333333333 0.6087962962962963 0.28958333333333336 0.3638888888888889
24 0.5950520833333334 0.5907407407407407 0.0140625 0.025925925925925925 
33 0.6078125 0.5907407407407407 0.011458333333333333 0.025925925925925925 
12 0.6190104166666667 0.5907407407407407 0.011979166666666667 0.025925925925925925 
2 0.6354166666666666 0.5907407407407407 0.009375 0.025925925925925925 
8 0.6447916666666667 0.5907407407407407 0.009375 0.025925925925925925 
2 0.6541666666666667 0.5907407407407407 0.009375 0.025925925925925925 
5 0.6692708333333333 0.5907407407407407 0.009375 0.025925925925925925 
7 0.6786458333333333 0.5907407407407407 0.009375 0.025925925925925925 
2 0.6880208333333333 0.5907407407407407 0.009375 0.025925925925925925 
10 0.703125 0.5907407407407407 0.009375 0.025925925925925925 
7 0.7124999999999999 0.5907407407407407 0.009375 0.025925925925925925 
3 0.7218749999999999 0.5907407407407407 0.009375 0.025925925925925925 
