24 0.6376820435506902 0.9160747156273319 0.06041666666666667 0.11296296296296296 
10 0.301701075579297 0.680033940636742 0.05260416666666667 0.14907407407407408 
27 0.8332445251112293 0.8227523730695268 0.059895833333333336 0.1398148148148148 
4 0.6247866256489347 0.6931119732553729 0.015104166666666667 0.04259259259259259 
23 0.7305929642639876 0.9601236138559355 0.0026041666666666665 0.006481481481481481 
36 0.12088701480981386 0.8216342435335003 0.03229166666666667 0.07314814814814814 
4 0.07807878925106451 0.2498634030739677 0.05677083333333333 0.15925925925925927 
33 0.9719126888308913 0.28685249320342404 0.008854166666666666 0.019444444444444445 
2 0.2798177650021743 0.7771545293255884 0.027604166666666666 0.07777777777777778 
6 0.2977649565759336 0.6398094304204496 0.008333333333333333 0.023148148148148147 
12 0.40908722016361254 0.2254695686972675 0.0078125 0.016666666666666666 
14 0.2782751682925859 0.24896426333913624 0.004166666666666667 0.008333333333333333 
19 0.5106949309896566 0.8897258158614959 0.059375 0.12685185185185185 
19 0.8575819338670705 0.22711610546570044 0.07291666666666667 0.15648148148148147 
10 0.7127150926439517 0.8825565748480972 0.020833333333333332 0.058333333333333334 
32 0.8089697305051827 0.35298410729685936 0.020833333333333332 0.046296296296296294 
21 0.3312317929850514 0.6340995185409817 0.0390625 0.11018518518518519 
19 0.19712174708812552 0.43340560214849794 0.0578125 0.12407407407407407 
7 0.5632530434873865 0.520689197430374 0.04583333333333333 0.12777777777777777 
33 0.7646235291808978 0.4527093069494205 0.018229166666666668 0.041666666666666664 
8 0.7941219061209394 0.6522227040166919 0.03854166666666667 0.10925925925925926 
27 0.0435403675063601 0.640458765208095 0.05677083333333333 0.13148148148148148 
3 0.4701584122612619 0.34610873674464987 0.014583333333333334 0.040740740740740744 
12 0.8291163178114076 0.5023502642770896 0.0036458333333333334 0.007407407407407408 
9 0.2780287772887322 0.3963292554687668 0.04114583333333333 0.11296296296296296 
13 0.34007199456446224 0.2604045412634225 0.07916666666666666 0.17037037037037037 
3 0.9371691785783207 0.7437487220027119 0.015104166666666667 0.041666666666666664 
13 0.8211648378390289 0.607589770818849 0.018229166666666668 0.03888888888888889 
35 0.8155517344767794 0.6201280636070765 0.058333333333333334 0.13518518518518519 
13 0.23941881694453593 0.03971302650287952 0.0171875 0.037037037037037035 
2 0.5681742538977576 0.9616301198195982 0.0203125 0.058333333333333334 
20 0.32916376357067006 0.8792346267947999 0.021354166666666667 0.11944444444444445 
28 0.6842175100693797 0.8887271338610875 0.04010416666666667 0.08888888888888889 
24 0.43060772765668287 0.7019656948848313 0.0265625 0.05 
37 0.3658648035260038 0.3069649264086734 0.04635416666666667 0.1175925925925926 
34 0.2866657844108774 0.28164826189360803 0.04479166666666667 0.07314814814814814 
