0 0.19244791666666666 0.14166666666666666 0.20989583333333334 0.08518518518518518
1 0.7721354166666666 0.5527777777777778 0.19635416666666666 0.2462962962962963
36 0.7145833333333333 0.5402777777777777 0.008333333333333333 0.017592592592592594 
17 0.7216145833333334 0.5402777777777777 0.0067708333333333336 0.017592592592592594 
16 0.7286458333333333 0.5402777777777777 0.007291666666666667 0.017592592592592594 
4 0.7390625000000001 0.5402777777777777 0.00625 0.017592592592592594 
2 0.7453125 0.5402777777777777 0.00625 0.017592592592592594 
3 0.7515625 0.5402777777777777 0.00625 0.017592592592592594 
9 0.7614583333333333 0.5402777777777777 0.00625 0.017592592592592594 
4 0.7677083333333333 0.5402777777777777 0.00625 0.017592592592592594 
11 0.7739583333333334 0.5402777777777777 0.00625 0.017592592592592594 
6 0.7838541666666667 0.5402777777777777 0.00625 0.017592592592592594 
10 0.7901041666666667 0.5402777777777777 0.00625 0.017592592592592594 
11 0.7963541666666667 0.5402777777777777 0.00625 0.017592592592592594 
