0 0.53828125 0.5847222222222221 0.49114583333333334 0.19907407407407407
1 0.48072916666666665 0.5578703703703703 0.4583333333333333 0.5768518518518518
13 0.3471354166666667 0.5287037037037037 0.019270833333333334 0.040740740740740744 
18 0.3671875 0.5287037037037037 0.020833333333333332 0.04259259259259259 
16 0.38645833333333335 0.5287037037037037 0.017708333333333333 0.040740740740740744 
4 0.4114583333333333 0.5282407407407408 0.014583333333333334 0.041666666666666664 
5 0.42604166666666665 0.5287037037037037 0.014583333333333334 0.04259259259259259 
3 0.440625 0.5282407407407408 0.014583333333333334 0.041666666666666664 
3 0.4640625 0.5282407407407408 0.014583333333333334 0.041666666666666664 
4 0.4786458333333333 0.5282407407407408 0.014583333333333334 0.041666666666666664 
8 0.49322916666666666 0.5287037037037037 0.014583333333333334 0.04259259259259259 
7 0.5166666666666667 0.5291666666666667 0.014583333333333334 0.041666666666666664 
3 0.53125 0.5282407407407408 0.014583333333333334 0.041666666666666664 
8 0.5458333333333334 0.5287037037037037 0.014583333333333334 0.04259259259259259 
