24 0.5717943631179033 0.6398042909586664 0.043229166666666666 0.08055555555555556 
15 0.28328212053289475 0.1685496212712976 0.0125 0.026851851851851852 
10 0.37941999783691976 0.6044794459308884 0.04791666666666667 0.13518518518518519 
11 0.2534379482602667 0.8647102662107999 0.06197916666666667 0.17592592592592593 
3 0.2047535422499649 0.31409617488501834 0.03177083333333333 0.08888888888888889 
28 0.1239963732619634 0.5997441111131915 0.05625 0.1259259259259259 
8 0.7047979640976083 0.8773258013221565 0.05260416666666667 0.14814814814814814 
28 0.46018613324209623 0.5681873111851684 0.004166666666666667 0.009259259259259259 
34 0.22959219526722296 0.7470303406180372 0.05520833333333333 0.08981481481481482 
8 0.7171627201005278 0.31968897016022185 0.03333333333333333 0.09444444444444444 
24 0.5700286207709829 0.11289552694660177 0.0067708333333333336 0.012962962962962963 
24 0.3096217876023773 0.3075977424337193 0.0578125 0.10833333333333334 
9 0.5896435722179761 0.6239463072495275 0.04635416666666667 0.12777777777777777 
28 0.46392176711045574 0.9039140266815258 0.015104166666666667 0.03333333333333333 
5 0.7238770697494558 0.22840253322619714 0.0359375 0.10277777777777777 
3 0.8641924843050494 0.49694826684889853 0.046875 0.13055555555555556 
21 0.8035377946766016 0.6880504041677646 0.058854166666666666 0.16666666666666666 
5 0.6441863164448602 0.2778350368984451 0.0515625 0.14537037037037037 
26 0.048996357420136166 0.3273952500278597 0.07864583333333333 0.16203703703703703 
20 0.024876063913419545 0.7062455126360264 0.003125 0.017592592592592594 
23 0.775459640495539 0.5652186138031059 0.010416666666666666 0.025925925925925925 
20 0.11716259545079435 0.4633074624771639 0.029166666666666667 0.16203703703703703 
11 0.6277830300309671 0.538722000150492 0.0359375 0.10277777777777777 
22 0.3863761602139073 0.6449343866146559 0.058854166666666666 0.12685185185185185 
22 0.46746336055611437 0.3438080470750371 0.050520833333333334 0.10833333333333334 
12 0.732566986194419 0.8062939452145094 0.07291666666666667 0.15648148148148147 
7 0.8408704888414719 0.3763661398857425 0.016145833333333335 0.044444444444444446 
34 0.3630869225653392 0.7102683079678461 0.0640625 0.10462962962962963 
