0 0.6635416666666667 0.21203703703703702 0.5666666666666667 0.22962962962962963
1 0.2885416666666667 0.4708333333333333 0.5291666666666667 0.6657407407407407
34 0.13776041666666666 0.4375 0.028645833333333332 0.04722222222222222 
13 0.1630208333333333 0.4375 0.021875 0.04722222222222222 
32 0.18489583333333331 0.43796296296296294 0.021875 0.04814814814814815 
7 0.2140625 0.4384259259259259 0.016666666666666666 0.04722222222222222 
11 0.23072916666666665 0.43796296296296294 0.016666666666666666 0.04814814814814815 
6 0.24739583333333334 0.4375 0.016666666666666666 0.04722222222222222 
9 0.27395833333333336 0.43796296296296294 0.016666666666666666 0.046296296296296294 
4 0.290625 0.4375 0.016666666666666666 0.04722222222222222 
6 0.3072916666666667 0.4375 0.016666666666666666 0.04722222222222222 
3 0.3338541666666667 0.4375 0.016666666666666666 0.04722222222222222 
11 0.35052083333333334 0.43796296296296294 0.016666666666666666 0.04814814814814815 
2 0.3671875 0.43796296296296294 0.016666666666666666 0.04814814814814815 
