24 0.7652516165044306 0.7069472361859255 0.020833333333333332 0.03888888888888889 
18 0.4684432007158918 0.6492896046872763 0.0765625 0.15833333333333333 
12 0.22591571698543697 0.8326706881171565 0.044270833333333336 0.09537037037037037 
2 0.6127809509085737 0.9399284866530445 0.024479166666666666 0.06944444444444445 
6 0.14117397578396176 0.6911601636966217 0.057291666666666664 0.16111111111111112 
7 0.7442630451343741 0.8291332195394818 0.01875 0.05185185185185185 
3 0.37101231208664964 0.10699124277081082 0.009895833333333333 0.026851851851851852 
22 0.25928738332487855 0.8788782746233574 0.009895833333333333 0.021296296296296296 
28 0.6938078836715146 0.35512466454638175 0.04895833333333333 0.10925925925925926 
3 0.5832494697441425 0.8152411899121559 0.0453125 0.12685185185185185 
8 0.8539488458890064 0.09608915807053904 0.029166666666666667 0.08148148148148149 
15 0.7274848356584629 0.2066397655612654 0.06822916666666666 0.14629629629629629 
24 0.1506028265456043 0.44918659271534483 0.07135416666666666 0.13240740740740742 
32 0.4903505868946808 0.3999469053756888 0.07552083333333333 0.1648148148148148 
8 0.4993519565313765 0.07987765784687426 0.030208333333333334 0.08518518518518518 
32 0.7078140649183112 0.33880982443839996 0.008854166666666666 0.019444444444444445 
28 0.7407321387514905 0.520930484976437 0.04791666666666667 0.10740740740740741 
36 0.39515687732772453 0.8521976935074332 0.0375 0.08518518518518518 
27 0.5359668947632665 0.3052071074960502 0.06614583333333333 0.15462962962962962 
6 0.639260524994864 0.1901904282041651 0.03177083333333333 0.08888888888888889 
36 0.5657165805689758 0.4967639825820165 0.04895833333333333 0.11203703703703703 
