0 0.3125 0.3888888888888889 0.17916666666666667 0.07222222222222222
1 0.4080729166666667 0.5625 0.1671875 0.2101851851851852
34 0.36015625 0.5518518518518518 0.008854166666666666 0.014814814814814815 
24 0.3684895833333333 0.5518518518518518 0.0078125 0.014814814814814815 
17 0.37526041666666665 0.5518518518518518 0.005729166666666666 0.014814814814814815 
8 0.38385416666666666 0.5518518518518518 0.005208333333333333 0.014814814814814815 
11 0.38906250000000003 0.5518518518518518 0.005208333333333333 0.014814814814814815 
5 0.39427083333333335 0.5518518518518518 0.005208333333333333 0.014814814814814815 
5 0.4026041666666667 0.5518518518518518 0.005208333333333333 0.014814814814814815 
4 0.4078125 0.5518518518518518 0.005208333333333333 0.014814814814814815 
6 0.41302083333333334 0.5518518518518518 0.005208333333333333 0.014814814814814815 
3 0.4213541666666667 0.5518518518518518 0.005208333333333333 0.014814814814814815 
8 0.4265625 0.5518518518518518 0.005208333333333333 0.014814814814814815 
3 0.4317708333333333 0.5518518518518518 0.005208333333333333 0.014814814814814815 
