0 0.7716145833333334 0.5412037037037037 0.3494791666666667 0.14166666666666666
1 0.6968749999999999 0.31805555555555554 0.3260416666666667 0.4101851851851852
28 0.6020833333333334 0.2986111111111111 0.014583333333333334 0.032407407407407406 
26 0.6166666666666667 0.2972222222222222 0.014583333333333334 0.02962962962962963 
30 0.6302083333333333 0.2972222222222222 0.0125 0.02962962962962963 
2 0.6479166666666667 0.29768518518518516 0.010416666666666666 0.028703703703703703 
4 0.6583333333333333 0.29768518518518516 0.010416666666666666 0.028703703703703703 
4 0.6687500000000001 0.29768518518518516 0.010416666666666666 0.028703703703703703 
4 0.6854166666666667 0.29768518518518516 0.010416666666666666 0.028703703703703703 
9 0.6958333333333334 0.29768518518518516 0.010416666666666666 0.028703703703703703 
11 0.70625 0.29768518518518516 0.010416666666666666 0.028703703703703703 
6 0.7229166666666667 0.29768518518518516 0.010416666666666666 0.028703703703703703 
5 0.7333333333333334 0.29768518518518516 0.010416666666666666 0.028703703703703703 
10 0.74375 0.29768518518518516 0.010416666666666666 0.028703703703703703 
