0 0.5244791666666667 0.6407407407407407 0.178125 0.07222222222222222
1 0.6296875000000001 0.32685185185185184 0.16666666666666666 0.20925925925925926
18 0.58125 0.31666666666666665 0.007291666666666667 0.014814814814814815 
14 0.58828125 0.31666666666666665 0.0067708333333333336 0.014814814814814815 
28 0.5953125 0.3171296296296296 0.007291666666666667 0.01574074074074074 
9 0.6046874999999999 0.31666666666666665 0.005208333333333333 0.014814814814814815 
9 0.6098958333333333 0.31666666666666665 0.005208333333333333 0.014814814814814815 
6 0.6151041666666667 0.31666666666666665 0.005208333333333333 0.014814814814814815 
4 0.6234375 0.31666666666666665 0.005208333333333333 0.014814814814814815 
10 0.6286458333333333 0.31666666666666665 0.005208333333333333 0.014814814814814815 
2 0.6338541666666666 0.31666666666666665 0.005208333333333333 0.014814814814814815 
5 0.6421874999999999 0.31666666666666665 0.005208333333333333 0.014814814814814815 
5 0.6473958333333333 0.31666666666666665 0.005208333333333333 0.014814814814814815 
2 0.6526041666666667 0.31666666666666665 0.005208333333333333 0.014814814814814815 
