0 0.3127604166666667 0.3740740740740741 0.5421875 0.22037037037037038
1 0.6963541666666666 0.31852851851851854 0.50625 0.6370370370370371
18 0.5497395833333334 0.2837962962962963 0.022395833333333334 0.04722222222222222 
35 0.5708333333333333 0.2837962962962963 0.019791666666666666 0.04537037037037037 
35 0.5901041666666667 0.2837962962962963 0.019791666666666666 0.04537037037037037 
7 0.6174479166666667 0.2847222222222222 0.016145833333333335 0.04537037037037037 
11 0.63359375 0.28425925925925927 0.016145833333333335 0.046296296296296294 
7 0.6497395833333334 0.2847222222222222 0.016145833333333335 0.04537037037037037 
9 0.67578125 0.2842592592592592 0.016145833333333335 0.044444444444444446 
5 0.6919270833333333 0.28425925925925927 0.016145833333333335 0.046296296296296294 
8 0.7080729166666666 0.28425925925925927 0.016145833333333335 0.046296296296296294 
5 0.7341145833333333 0.28425925925925927 0.016145833333333335 0.046296296296296294 
10 0.7502604166666667 0.28425925925925927 0.016145833333333335 0.046296296296296294 
4 0.76640625 0.2837962962962963 0.016145833333333335 0.04537037037037037 
