24 0.12615711298151316 0.6283180154160053 0.050520833333333334 0.09444444444444444 
22 0.57424367141334 0.31650810497006643 0.0078125 0.01574074074074074 
28 0.22389136854469582 0.28540962257820757 0.058854166666666666 0.13148148148148148 
30 0.05275706012792032 0.279999153675842 0.013020833333333334 0.02962962962962963 
6 0.07294680344134084 0.8992985758929918 0.00625 0.017592592592592594 
29 0.9559346954451158 0.7683381480002046 0.014583333333333334 0.03148148148148148 
8 0.6008209739590772 0.3930452206450175 0.050520833333333334 0.1425925925925926 
15 0.6028576058110435 0.15635300143139508 0.03125 0.06666666666666667 
12 0.20751408580361824 0.9466544032745169 0.0234375 0.05 
34 0.6182947113913909 0.3755125730857095 0.1046875 0.17222222222222222 
2 0.5895178778030518 0.6974060306099131 0.030208333333333334 0.08518518518518518 
12 0.2818453408294342 0.8632860389026047 0.008333333333333333 0.017592592592592594 
6 0.5485698532426709 0.6352670127049139 0.0625 0.175 
37 0.8234386261457787 0.848929167349664 0.03125 0.0787037037037037 
19 0.7019384101877983 0.5815909972535641 0.04114583333333333 0.08888888888888889 
24 0.8614549821690182 0.1909743874834957 0.025 0.046296296296296294 
14 0.6270044243385815 0.8568878692319287 0.08125 0.18055555555555555 
32 0.8807685255077358 0.6970920854576532 0.07604166666666666 0.16666666666666666 
14 0.6703492668252864 0.24625159308646444 0.06770833333333333 0.14907407407407408 
32 0.8219682167800936 0.37194300958441445 0.06822916666666666 0.14814814814814814 
24 0.7851745665472303 0.11144771666314171 0.06354166666666666 0.11851851851851852 
11 0.3630914412901391 0.8339841195541925 0.04479166666666667 0.12685185185185185 
22 0.022412774971202466 0.7747059077484241 0.0234375 0.05 
29 0.35293681661449067 0.5262029224568862 0.035416666666666666 0.07592592592592592 
30 0.20866007783323087 0.7473658568667984 0.030729166666666665 0.07314814814814814 
30 0.522806276952406 0.5030874809055955 0.04375 0.10555555555555556 
