24 0.30637055687141723 0.9017186531740533 0.013020833333333334 0.024074074074074074 
23 0.15940577042223592 0.319029279861806 0.04635416666666667 0.11666666666666667 
35 0.5587666743133551 0.3741606052507254 0.050520833333333334 0.11666666666666667 
36 0.6055934946738525 0.6073471170621965 0.06302083333333333 0.14444444444444443 
14 0.0830458389337575 0.8150148056990665 0.03177083333333333 0.07037037037037037 
13 0.39701464805446607 0.7427212310153044 0.044270833333333336 0.09537037037037037 
31 0.9197405349170249 0.2639990192990898 0.0046875 0.011111111111111112 
12 0.8333451521246007 0.7687215563429229 0.0171875 0.037037037037037035 
28 0.5961565688496803 0.43679431878182673 0.0234375 0.05185185185185185 
37 0.8574047755135734 0.21756561257552529 0.059895833333333336 0.1527777777777778 
15 0.5633900310866456 0.7279800224609032 0.023958333333333335 0.05092592592592592 
2 0.28170588144825404 0.8266715290353696 0.043229166666666666 0.12314814814814815 
34 0.5614008416325033 0.8310211909932794 0.096875 0.15925925925925927 
6 0.7637506307636357 0.11474453911698977 0.041666666666666664 0.11666666666666667 
30 0.08558316904072283 0.670133583263058 0.023958333333333335 0.05740740740740741 
29 0.4351997966471689 0.36718512321586716 0.06770833333333333 0.14537037037037037 
27 0.6788532458587683 0.45341855824189153 0.0625 0.14537037037037037 
13 0.6333816679121006 0.1662200703225179 0.04739583333333333 0.10185185185185185 
22 0.7188125635231337 0.7189098466488298 0.07552083333333333 0.16203703703703703 
29 0.22364116844886886 0.2354882947050762 0.06666666666666667 0.14351851851851852 
2 0.6719113717272907 0.41574558964332853 0.04375 0.125 
8 0.5907933845960646 0.8620534891477527 0.0390625 0.11203703703703703 
30 0.6874979909723149 0.473999054263904 0.049479166666666664 0.11851851851851852 
30 0.8958791236564747 0.5362772103222566 0.016145833333333335 0.03981481481481482 
12 0.7164825148262237 0.5558557728288993 0.0046875 0.009259259259259259 
5 0.5837601814752925 0.8742704906699923 0.041666666666666664 0.11851851851851852 
5 0.6490055999315285 0.7084958346858571 0.025520833333333333 0.07222222222222222 
22 0.10694659563816009 0.5426687272142645 0.052083333333333336 0.11203703703703703 
30 0.5050500005573444 0.6041298265085793 0.06614583333333333 0.15925925925925927 
31 0.2512372943804762 0.7659718515565939 0.053125 0.13425925925925927 
7 0.13709511445845485 0.42190631507369364 0.0546875 0.1527777777777778 
9 0.2727683529450719 0.5842845672255731 0.015104166666666667 0.041666666666666664 
