0 0.0546875 0.8726851851851852 0.016666666666666666 0.006481481481481481
1 0.621875 0.25046296296296294 0.015625 0.019444444444444445
27 0.6171875 0.24907407407407406 0.0010416666666666667 0.001851851851851852 
20 0.6174479166666667 0.24907407407407406 0.0005208333333333333 0.001851851851851852 
24 0.6177083333333333 0.24907407407407406 0.0010416666666666667 0.001851851851851852 
6 0.6184895833333334 0.24907407407407406 0.0005208333333333333 0.001851851851851852 
6 0.6190104166666667 0.24907407407407406 0.0005208333333333333 0.001851851851851852 
3 0.61953125 0.24907407407407406 0.0005208333333333333 0.001851851851851852 
10 0.6205729166666667 0.24953703703703703 0.0005208333333333333 0.002777777777777778 
8 0.62109375 0.24953703703703703 0.0005208333333333333 0.002777777777777778 
8 0.6216145833333333 0.24953703703703703 0.0005208333333333333 0.002777777777777778 
8 0.62265625 0.24953703703703703 0.0005208333333333333 0.002777777777777778 
7 0.6231770833333333 0.24953703703703703 0.0005208333333333333 0.002777777777777778 
3 0.6236979166666666 0.24907407407407406 0.0005208333333333333 0.001851851851851852 
