24 0.5126795370473676 0.5717280008984955 0.04010416666666667 0.07407407407407407 
27 0.2689592620734022 0.4827297940716883 0.023958333333333335 0.05648148148148148 
6 0.7902242562340187 0.20194916249309075 0.034895833333333334 0.09814814814814815 
10 0.8630113611922372 0.8628817322318432 0.0484375 0.13796296296296295 
15 0.24817279829167463 0.5715105015800939 0.017708333333333333 0.03796296296296296 
33 0.6118259324452319 0.6397139252939057 0.036458333333333336 0.08425925925925926 
27 0.10357672530073583 0.6120129072463573 0.04895833333333333 0.11388888888888889 
6 0.5977360092042161 0.6883858879680518 0.06145833333333333 0.1712962962962963 
16 0.2601842248485331 0.6100906988305903 0.033854166666666664 0.0787037037037037 
12 0.4806852931419761 0.8112638119252767 0.03697916666666667 0.0787037037037037 
36 0.8298998628395469 0.8572603142129306 0.0046875 0.009259259259259259 
36 0.8798953340917299 0.7537707500171121 0.015625 0.03425925925925926 
3 0.0357699754877087 0.5113224357645366 0.00625 0.017592592592592594 
5 0.9298153948319509 0.9021074918342877 0.03333333333333333 0.09444444444444444 
