0 0.434375 0.33981481481481485 0.43854166666666666 0.17777777777777778
1 0.23723958333333334 0.34814814814814815 0.40989583333333335 0.5148148148148148
12 0.11796875 0.3226851851851852 0.0171875 0.03611111111111111 
29 0.13515625 0.3226851851851852 0.0171875 0.03611111111111111 
19 0.15234375 0.3226851851851852 0.0171875 0.03611111111111111 
10 0.17526041666666667 0.3226851851851852 0.013020833333333334 0.03796296296296296 
10 0.18828124999999998 0.3226851851851852 0.013020833333333334 0.03796296296296296 
3 0.20130208333333333 0.3222222222222222 0.013020833333333334 0.037037037037037035 
4 0.22213541666666667 0.3222222222222222 0.013020833333333334 0.037037037037037035 
4 0.23515624999999998 0.3222222222222222 0.013020833333333334 0.037037037037037035 
2 0.24817708333333333 0.3226851851851852 0.013020833333333334 0.03796296296296296 
2 0.2690104166666667 0.3226851851851852 0.013020833333333334 0.03796296296296296 
10 0.28203125 0.3226851851851852 0.013020833333333334 0.03796296296296296 
10 0.2950520833333333 0.3226851851851852 0.013020833333333334 0.03796296296296296 
