0 0.5447916666666667 0.7476851851851851 0.3375 0.1361111111111111
1 0.6934895833333333 0.3305555555555556 0.3151041666666667 0.3962962962962963
14 0.6013020833333333 0.3101851851851852 0.013020833333333334 0.027777777777777776 
23 0.61328125 0.3101851851851852 0.0109375 0.027777777777777776 
20 0.6213541666666667 0.3101851851851852 0.005208333333333333 0.027777777777777776 
6 0.6346354166666667 0.3101851851851852 0.009895833333333333 0.027777777777777776 
9 0.64453125 0.3101851851851852 0.009895833333333333 0.027777777777777776 
3 0.6544270833333334 0.3101851851851852 0.009895833333333333 0.027777777777777776 
8 0.6700520833333334 0.3101851851851852 0.009895833333333333 0.027777777777777776 
9 0.6799479166666668 0.3101851851851852 0.009895833333333333 0.027777777777777776 
3 0.6898437500000001 0.3101851851851852 0.009895833333333333 0.027777777777777776 
4 0.7054687500000001 0.3101851851851852 0.009895833333333333 0.027777777777777776 
5 0.7153645833333334 0.3101851851851852 0.009895833333333333 0.027777777777777776 
5 0.7252604166666667 0.3101851851851852 0.009895833333333333 0.027777777777777776 
