0 0.45807291666666666 0.7287037037037036 0.22135416666666666 0.08888888888888889
1 0.7184895833333333 0.7453703703703703 0.20677083333333332 0.25925925925925924
19 0.6580729166666667 0.7333333333333334 0.008854166666666666 0.018518518518518517 
37 0.6661458333333333 0.7333333333333334 0.007291666666666667 0.018518518518518517 
19 0.67421875 0.7333333333333334 0.008854166666666666 0.018518518518518517 
5 0.6861979166666667 0.7333333333333334 0.0067708333333333336 0.018518518518518517 
8 0.69296875 0.7333333333333334 0.0067708333333333336 0.018518518518518517 
3 0.6997395833333334 0.7333333333333334 0.0067708333333333336 0.018518518518518517 
9 0.7106770833333333 0.7333333333333334 0.0067708333333333336 0.018518518518518517 
5 0.7174479166666667 0.7333333333333334 0.0067708333333333336 0.018518518518518517 
9 0.72421875 0.7333333333333334 0.0067708333333333336 0.018518518518518517 
5 0.7351562500000001 0.7333333333333334 0.0067708333333333336 0.018518518518518517 
5 0.7419270833333333 0.7333333333333334 0.0067708333333333336 0.018518518518518517 
5 0.7486979166666667 0.7333333333333334 0.0067708333333333336 0.018518518518518517 
