0 0.5427083333333333 0.3476851851851852 0.55 0.22314814814814815
1 0.5119791666666667 0.5291666666666667 0.5135416666666667 0.6453703703703704
28 0.36302083333333335 0.49953703703703706 0.022916666666666665 0.05092592592592592 
36 0.3841145833333333 0.4976851851851852 0.0203125 0.04537037037037037 
32 0.4049479166666667 0.4981481481481481 0.021354166666666667 0.046296296296296294 
3 0.43359375 0.49722222222222223 0.016145833333333335 0.046296296296296294 
5 0.4497395833333333 0.49768518518518523 0.016145833333333335 0.04722222222222222 
6 0.46588541666666666 0.49722222222222223 0.016145833333333335 0.046296296296296294 
6 0.4919270833333333 0.49722222222222223 0.016145833333333335 0.046296296296296294 
5 0.5080729166666667 0.49768518518518523 0.016145833333333335 0.04722222222222222 
7 0.52421875 0.4981481481481481 0.016145833333333335 0.046296296296296294 
6 0.5502604166666667 0.49722222222222223 0.016145833333333335 0.046296296296296294 
5 0.56640625 0.49768518518518523 0.016145833333333335 0.04722222222222222 
3 0.5825520833333333 0.49722222222222223 0.016145833333333335 0.046296296296296294 
