0 0.30885416666666665 0.46435185185185185 0.5729166666666666 0.2324074074074074
1 0.6731770833333333 0.41944444444444445 0.5348958333333333 0.6722222222222223
32 0.5174479166666667 0.38657407407407407 0.022395833333333334 0.049074074074074076 
31 0.5380208333333334 0.3861111111111111 0.01875 0.04814814814814815 
32 0.55859375 0.38657407407407407 0.022395833333333334 0.049074074074074076 
8 0.5888020833333333 0.38657407407407407 0.0171875 0.049074074074074076 
8 0.6059895833333333 0.38657407407407407 0.0171875 0.049074074074074076 
8 0.6231770833333333 0.38657407407407407 0.0171875 0.049074074074074076 
6 0.65078125 0.3861111111111111 0.0171875 0.04814814814814815 
3 0.66796875 0.3861111111111111 0.0171875 0.04814814814814815 
4 0.6851562499999999 0.3861111111111111 0.0171875 0.04814814814814815 
10 0.7127604166666667 0.38657407407407407 0.0171875 0.049074074074074076 
7 0.7299479166666666 0.38703703703703707 0.0171875 0.04814814814814815 
5 0.7471354166666666 0.38657407407407407 0.0171875 0.049074074074074076 
