0 0.3588541666666667 0.7138888888888889 0.20104166666666667 0.08148148148148149
1 0.4505208333333333 0.5217592592592593 0.1875 0.2361111111111111
35 0.3953125 0.5101851851851852 0.007291666666666667 0.016666666666666666 
19 0.40286458333333336 0.5101851851851852 0.0078125 0.016666666666666666 
35 0.4104166666666667 0.5101851851851852 0.007291666666666667 0.016666666666666666 
8 0.4205729166666667 0.5101851851851852 0.005729166666666666 0.016666666666666666 
6 0.42630208333333336 0.5101851851851852 0.005729166666666666 0.016666666666666666 
8 0.43203125 0.5101851851851852 0.005729166666666666 0.016666666666666666 
11 0.44140625 0.5101851851851852 0.005729166666666666 0.016666666666666666 
8 0.4471354166666667 0.5101851851851852 0.005729166666666666 0.016666666666666666 
5 0.45286458333333335 0.5101851851851852 0.005729166666666666 0.016666666666666666 
4 0.4622395833333333 0.5101851851851852 0.005729166666666666 0.016666666666666666 
9 0.46796875 0.5101851851851852 0.005729166666666666 0.016666666666666666 
7 0.47369791666666666 0.5101851851851852 0.005729166666666666 0.016666666666666666 
