0 0.39166666666666666 0.7578703703703704 0.3416666666666667 0.13796296296296295
1 0.7588541666666666 0.524537037037037 0.31875 0.4009259259259259
36 0.6653645833333333 0.5041666666666667 0.013020833333333334 0.028703703703703703 
31 0.6776041666666667 0.5041666666666667 0.011458333333333333 0.028703703703703703 
31 0.6890625 0.5041666666666667 0.011458333333333333 0.028703703703703703 
4 0.70625 0.5046296296296297 0.010416666666666666 0.027777777777777776 
2 0.7166666666666667 0.5046296296296297 0.010416666666666666 0.027777777777777776 
8 0.7270833333333334 0.5046296296296297 0.010416666666666666 0.027777777777777776 
6 0.74375 0.5046296296296297 0.010416666666666666 0.027777777777777776 
6 0.7541666666666667 0.5046296296296297 0.010416666666666666 0.027777777777777776 
2 0.7645833333333334 0.5046296296296297 0.010416666666666666 0.027777777777777776 
10 0.78125 0.5046296296296297 0.010416666666666666 0.027777777777777776 
5 0.7916666666666667 0.5046296296296297 0.010416666666666666 0.027777777777777776 
4 0.8020833333333334 0.5046296296296297 0.010416666666666666 0.027777777777777776 
