0 0.8505208333333334 0.8157407407407408 0.034375 0.012962962962962963
1 0.10104166666666667 0.21157407407407408 0.03229166666666667 0.03981481481481482
17 0.09114583333333333 0.20879629629629629 0.0010416666666666667 0.002777777777777778 
20 0.09192708333333333 0.20879629629629629 0.0005208333333333333 0.002777777777777778 
23 0.09270833333333334 0.20879629629629629 0.0010416666666666667 0.002777777777777778 
11 0.09427083333333333 0.20925925925925926 0.0010416666666666667 0.003703703703703704 
6 0.0953125 0.20879629629629629 0.0010416666666666667 0.002777777777777778 
4 0.09635416666666667 0.20879629629629629 0.0010416666666666667 0.002777777777777778 
10 0.09791666666666667 0.20925925925925926 0.0010416666666666667 0.003703703703703704 
8 0.09895833333333333 0.20925925925925926 0.0010416666666666667 0.003703703703703704 
9 0.09999999999999999 0.20879629629629629 0.0010416666666666667 0.002777777777777778 
5 0.1015625 0.20925925925925926 0.0010416666666666667 0.003703703703703704 
5 0.10260416666666666 0.20925925925925926 0.0010416666666666667 0.003703703703703704 
11 0.10364583333333333 0.20925925925925926 0.0010416666666666667 0.003703703703703704 
