24 0.5814022567323881 0.418137104577833 0.0484375 0.08981481481481482 
32 0.7214481928966247 0.2219901176326098 0.00625 0.012962962962962963 
15 0.9176387673601466 0.5475369742658622 0.06822916666666666 0.14722222222222223 
16 0.9134355649946453 0.8100932314493178 0.042708333333333334 0.09907407407407408 
21 0.4943071159049564 0.27371111525141495 0.019791666666666666 0.05648148148148148 
16 0.2965428287559093 0.9031573170048399 0.027083333333333334 0.06296296296296296 
10 0.36744236612934617 0.2150721301152903 0.05416666666666667 0.15555555555555556 
4 0.5170259066894758 0.5585924910698389 0.0640625 0.1787037037037037 
32 0.6982071908153044 0.8118207121462518 0.05625 0.12222222222222222 
20 0.14873319076489705 0.6729182565608457 0.0203125 0.11388888888888889 
27 0.4172369744784999 0.7993746625654191 0.020833333333333332 0.04814814814814815 
8 0.16570917818091854 0.7029669892266347 0.0609375 0.17314814814814813 
5 0.7952773342444529 0.8855717925018072 0.0328125 0.09166666666666666 
30 0.6303738588549802 0.5888660416915912 0.0703125 0.16944444444444445 
33 0.6028000790408987 0.4576579161126437 0.03333333333333333 0.07777777777777778 
15 0.16795463569960492 0.5769942579284474 0.05572916666666667 0.12037037037037036 
34 0.4927486955623604 0.21699039647412405 0.03802083333333333 0.062037037037037036 
31 0.9023658788155263 0.4524181522050065 0.0390625 0.09907407407407408 
34 0.7175499966388242 0.24792679022942715 0.09947916666666666 0.16296296296296298 
8 0.824956033888629 0.14544963274044237 0.06041666666666667 0.17222222222222222 
31 0.2752610853931897 0.563831674883642 0.06666666666666667 0.16944444444444445 
2 0.6863125712512134 0.24190651714484962 0.0359375 0.10277777777777777 
27 0.20056821824900484 0.0794046654308916 0.025 0.058333333333333334 
