24 0.35419643249004895 0.4294465438524772 0.09270833333333334 0.17314814814814813 
32 0.06518925135463366 0.22782296597058996 0.05260416666666667 0.11481481481481481 
36 0.018459530881903212 0.7388225890951601 0.03229166666666667 0.07314814814814814 
8 0.6509215430207947 0.40892855720856586 0.003125 0.008333333333333333 
24 0.7426099647034692 0.844337825655764 0.059895833333333336 0.11203703703703703 
2 0.08296029140030564 0.5291371857586926 0.015625 0.044444444444444446 
26 0.8619663556325614 0.7133895887005943 0.034375 0.07037037037037037 
4 0.6382027671515957 0.8803901119762496 0.015104166666666667 0.041666666666666664 
12 0.6988966780784398 0.304885760305446 0.034375 0.07314814814814814 
24 0.6619550097983643 0.6435950896235657 0.07083333333333333 0.13148148148148148 
32 0.8890487168920372 0.608076807222234 0.046875 0.10277777777777777 
14 0.5518545442868268 0.7045324854902936 0.01875 0.04259259259259259 
7 0.6972108964830676 0.6431246821816262 0.005729166666666666 0.016666666666666666 
35 0.1138665762388365 0.1271324226693299 0.0484375 0.11203703703703703 
34 0.39624427009360685 0.24023456123890924 0.08333333333333333 0.13703703703703704 
29 0.6780927019436633 0.39934566506225366 0.03333333333333333 0.0712962962962963 
5 0.19733832485822564 0.33141884624943085 0.041666666666666664 0.11851851851851852 
12 0.8145472494982273 0.8792002474930215 0.0546875 0.1175925925925926 
34 0.8048796113550813 0.1186872389479936 0.05364583333333333 0.08796296296296297 
18 0.1845595705795618 0.352322038397409 0.013541666666666667 0.026851851851851852 
16 0.3064314094194981 0.9472374410080479 0.035416666666666666 0.0824074074074074 
16 0.6692300922397529 0.22420946900404243 0.058854166666666666 0.1361111111111111 
16 0.23178605374456732 0.14669194845405775 0.04583333333333333 0.10648148148148148 
33 0.27690809528363475 0.6934148846037402 0.04479166666666667 0.1037037037037037 
2 0.9798798283344837 0.5709923229987015 0.011458333333333333 0.032407407407407406 
5 0.10915462530942602 0.6842200276094398 0.0390625 0.11203703703703703 
26 0.1799963499374184 0.9587522441904717 0.017708333333333333 0.037037037037037035 
34 0.35592718620577635 0.11161243919615207 0.06354166666666666 0.1037037037037037 
35 0.7205960229987903 0.33531408110851724 0.04791666666666667 0.1111111111111111 
13 0.28662875776243524 0.7051937218052632 0.035416666666666666 0.07592592592592592 
9 0.8616543395393275 0.5547653741072245 0.0453125 0.125 
24 0.5645511320828056 0.6359948280915964 0.03229166666666667 0.06018518518518518 
8 0.4301159107758786 0.09329397614615098 0.028125 0.07962962962962963 
16 0.6963024882718316 0.20678818600216153 0.06041666666666667 0.14074074074074075 
6 0.9180988032567786 0.6809173998702079 0.017708333333333333 0.05 
3 0.18467521927428746 0.5610146532868142 0.05677083333333333 0.15925925925925927 
