24 0.8816959047454097 0.13597785528686493 0.0265625 0.05 
37 0.08470643988779908 0.8803115769753038 0.0078125 0.019444444444444445 
31 0.07056490184594928 0.14447601292385542 0.06979166666666667 0.17685185185185184 
27 0.1616314189934173 0.49059314637153606 0.027083333333333334 0.06296296296296296 
29 0.233189375524956 0.7671180801643382 0.018229166666666668 0.03888888888888889 
6 0.47541067136288667 0.897085880276004 0.06145833333333333 0.17222222222222222 
4 0.46833653433393474 0.5742836886099549 0.0421875 0.11851851851851852 
16 0.7510674289057102 0.7498770583178709 0.034895833333333334 0.08148148148148149 
23 0.7527815681543703 0.4383416682690297 0.0515625 0.13055555555555556 
37 0.7020566283138856 0.4873482566911468 0.013541666666666667 0.03425925925925926 
37 0.8697646540294638 0.5900958350920114 0.016145833333333335 0.040740740740740744 
16 0.3531152828923443 0.6956296168946491 0.0640625 0.14814814814814814 
21 0.33453363370322364 0.3628607190841087 0.005729166666666666 0.01574074074074074 
12 0.37811444842777825 0.265130624814108 0.034375 0.07314814814814814 
29 0.6699017424358494 0.34882109322372906 0.0375 0.08055555555555556 
3 0.6257230739811431 0.6080459306695424 0.058333333333333334 0.1638888888888889 
22 0.5801328512344887 0.8228646881412649 0.03854166666666667 0.0824074074074074 
34 0.7075168395621877 0.5287567572028317 0.0921875 0.15092592592592594 
6 0.5365709832317429 0.8757833218880798 0.06197916666666667 0.17407407407407408 
4 0.15288189903528637 0.8212586478807666 0.0375 0.10555555555555556 
29 0.47979892177549954 0.933019179440237 0.010416666666666666 0.022222222222222223 
15 0.20322734336020046 0.7408875313242519 0.041666666666666664 0.08981481481481482 
8 0.8020235886978373 0.11253026804057747 0.0067708333333333336 0.019444444444444445 
31 0.8246899462420714 0.8431714798885096 0.036458333333333336 0.09259259259259259 
4 0.357935324846976 0.6282554246571027 0.05260416666666667 0.14629629629629629 
30 0.7027212575284105 0.4626403266967682 0.065625 0.15833333333333333 
9 0.5085345832645969 0.3564857714279782 0.015104166666666667 0.040740740740740744 
14 0.4489538115467417 0.6439911817285262 0.05520833333333333 0.12222222222222222 
15 0.11488003033224853 0.5692527270789037 0.06302083333333333 0.1361111111111111 
26 0.644864410611314 0.4030091379511426 0.06770833333333333 0.13796296296296295 
17 0.024857489236640246 0.05669556548832583 0.021354166666666667 0.053703703703703705 
36 0.7375085699219651 0.8732844082420982 0.06041666666666667 0.1388888888888889 
26 0.10169887425969286 0.29335067987209446 0.046875 0.09537037037037037 
