0 0.64453125 0.11296296296296296 0.3098958333333333 0.1259259259259259
1 0.8479166666666667 0.19768518518518519 0.28958333333333336 0.3638888888888889
30 0.7627604166666667 0.1796296296296296 0.0109375 0.025925925925925925 
33 0.7739583333333333 0.1796296296296296 0.011458333333333333 0.025925925925925925 
25 0.78515625 0.1796296296296296 0.011979166666666667 0.025925925925925925 
9 0.8015625 0.1796296296296296 0.009375 0.025925925925925925 
9 0.8109375 0.1796296296296296 0.009375 0.025925925925925925 
3 0.8203125 0.1796296296296296 0.009375 0.025925925925925925 
9 0.8354166666666666 0.1796296296296296 0.009375 0.025925925925925925 
10 0.8447916666666666 0.1796296296296296 0.009375 0.025925925925925925 
10 0.8541666666666666 0.1796296296296296 0.009375 0.025925925925925925 
4 0.8692708333333333 0.1796296296296296 0.009375 0.025925925925925925 
3 0.8786458333333332 0.1796296296296296 0.009375 0.025925925925925925 
11 0.8880208333333333 0.1796296296296296 0.009375 0.025925925925925925 
