0 0.3338541666666667 0.49675925925925923 0.16875 0.06759259259259259
1 0.53984375 0.3138888888888889 0.1578125 0.19814814814814816
17 0.49296875 0.3032407407407407 0.005729166666666666 0.013888888888888888 
30 0.4986979166666667 0.3032407407407407 0.005729166666666666 0.013888888888888888 
36 0.5044270833333334 0.3032407407407407 0.0067708333333333336 0.013888888888888888 
10 0.5130208333333333 0.3032407407407407 0.005208333333333333 0.013888888888888888 
11 0.5182291666666666 0.3032407407407407 0.005208333333333333 0.013888888888888888 
11 0.5234375 0.3032407407407407 0.005208333333333333 0.013888888888888888 
9 0.5317708333333333 0.3032407407407407 0.005208333333333333 0.013888888888888888 
7 0.5369791666666667 0.3032407407407407 0.005208333333333333 0.013888888888888888 
7 0.5421874999999999 0.3032407407407407 0.005208333333333333 0.013888888888888888 
11 0.5505208333333333 0.3032407407407407 0.005208333333333333 0.013888888888888888 
5 0.5557291666666666 0.3032407407407407 0.005208333333333333 0.013888888888888888 
3 0.5609375 0.3032407407407407 0.005208333333333333 0.013888888888888888 
