0 0.09973958333333333 0.12777777777777777 0.05677083333333333 0.022222222222222223
1 0.4005208333333333 0.11527777777777777 0.053125 0.06574074074074074
22 0.3846354166666667 0.11157407407407408 0.0026041666666666665 0.004629629629629629 
14 0.38645833333333335 0.11157407407407408 0.0020833333333333333 0.004629629629629629 
36 0.3885416666666667 0.11157407407407408 0.0020833333333333333 0.004629629629629629 
6 0.39166666666666666 0.11157407407407408 0.0020833333333333333 0.004629629629629629 
3 0.39296875000000003 0.11157407407407408 0.0015625 0.004629629629629629 
8 0.39453125 0.11157407407407408 0.0015625 0.004629629629629629 
2 0.3971354166666667 0.11157407407407408 0.0015625 0.004629629629629629 
3 0.39869791666666665 0.11157407407407408 0.0015625 0.004629629629629629 
7 0.4005208333333333 0.11157407407407408 0.0020833333333333333 0.004629629629629629 
9 0.40286458333333336 0.11157407407407408 0.0015625 0.004629629629629629 
10 0.4044270833333333 0.11157407407407408 0.0015625 0.004629629629629629 
2 0.40598958333333335 0.11157407407407408 0.0015625 0.004629629629629629 
