0 0.359375 0.5087962962962963 0.5833333333333334 0.2361111111111111
1 0.4083333333333333 0.4439814814814815 0.5447916666666667 0.6842592592592592
25 0.24947916666666664 0.41064814814814815 0.022916666666666665 0.049074074074074076 
31 0.27057291666666666 0.41064814814814815 0.019270833333333334 0.049074074074074076 
31 0.28984375 0.41064814814814815 0.019270833333333334 0.049074074074074076 
5 0.31875 0.41111111111111115 0.017708333333333333 0.05 
6 0.3364583333333333 0.41064814814814815 0.017708333333333333 0.049074074074074076 
10 0.3541666666666667 0.41111111111111115 0.017708333333333333 0.05 
5 0.38229166666666664 0.41111111111111115 0.017708333333333333 0.05 
3 0.4 0.41064814814814815 0.017708333333333333 0.049074074074074076 
9 0.41770833333333335 0.4111111111111111 0.017708333333333333 0.04814814814814815 
5 0.4458333333333333 0.41111111111111115 0.017708333333333333 0.05 
5 0.4635416666666667 0.41111111111111115 0.017708333333333333 0.05 
10 0.48125 0.41111111111111115 0.017708333333333333 0.05 
