0 0.48463541666666665 0.2518518518518518 0.5307291666666667 0.21481481481481482
1 0.35572916666666665 0.5337962962962963 0.49583333333333335 0.6231481481481481
15 0.2109375 0.5027777777777778 0.020833333333333332 0.044444444444444446 
22 0.23177083333333331 0.5027777777777778 0.020833333333333332 0.044444444444444446 
26 0.25338541666666664 0.5027777777777778 0.022395833333333334 0.046296296296296294 
2 0.28203125 0.5032407407407408 0.016145833333333335 0.04537037037037037 
8 0.2981770833333333 0.5032407407407408 0.016145833333333335 0.04537037037037037 
7 0.3143229166666667 0.5037037037037037 0.016145833333333335 0.044444444444444446 
2 0.33984375 0.5032407407407408 0.016145833333333335 0.04537037037037037 
4 0.3559895833333333 0.5027777777777778 0.016145833333333335 0.044444444444444446 
3 0.37213541666666666 0.5027777777777778 0.016145833333333335 0.044444444444444446 
10 0.39765625 0.5032407407407408 0.016145833333333335 0.04537037037037037 
7 0.4138020833333333 0.5037037037037037 0.016145833333333335 0.044444444444444446 
3 0.42994791666666665 0.5027777777777778 0.016145833333333335 0.044444444444444446 
