0 0.3453125 0.2138888888888889 0.17916666666666667 0.07222222222222222
1 0.71015625 0.5152777777777778 0.1671875 0.2101851851851852
36 0.6614583333333334 0.5046296296296297 0.007291666666666667 0.014814814814814815 
25 0.66796875 0.5046296296296297 0.0067708333333333336 0.014814814814814815 
21 0.6739583333333333 0.5046296296296297 0.005208333333333333 0.014814814814814815 
8 0.6822916666666666 0.5046296296296297 0.005208333333333333 0.014814814814814815 
6 0.6875 0.5046296296296297 0.005208333333333333 0.014814814814814815 
9 0.6927083333333333 0.5046296296296297 0.005208333333333333 0.014814814814814815 
7 0.7010416666666667 0.5046296296296297 0.005208333333333333 0.014814814814814815 
3 0.7062499999999999 0.5046296296296297 0.005208333333333333 0.014814814814814815 
11 0.7114583333333333 0.5046296296296297 0.005208333333333333 0.014814814814814815 
6 0.7197916666666666 0.5046296296296297 0.005208333333333333 0.014814814814814815 
6 0.725 0.5046296296296297 0.005208333333333333 0.014814814814814815 
6 0.7302083333333333 0.5046296296296297 0.005208333333333333 0.014814814814814815 
