0 0.38515625 0.4134259259259259 0.44114583333333335 0.1787037037037037
1 0.5830729166666666 0.3574074074074074 0.4119791666666667 0.5185185185185185
33 0.4627604166666667 0.3324074074074074 0.016145833333333335 0.037037037037037035 
35 0.47890625 0.3324074074074074 0.016145833333333335 0.037037037037037035 
37 0.4942708333333333 0.3324074074074074 0.014583333333333334 0.037037037037037035 
7 0.5161458333333333 0.33287037037037037 0.013541666666666667 0.03796296296296296 
8 0.5296875 0.3324074074074074 0.013541666666666667 0.03888888888888889 
3 0.5432291666666667 0.33194444444444443 0.013541666666666667 0.03796296296296296 
5 0.5645833333333333 0.3324074074074074 0.013541666666666667 0.03888888888888889 
11 0.578125 0.3324074074074074 0.013541666666666667 0.03888888888888889 
2 0.5916666666666666 0.3324074074074074 0.013541666666666667 0.03888888888888889 
11 0.6130208333333332 0.3324074074074074 0.013541666666666667 0.03888888888888889 
8 0.6265624999999999 0.3324074074074074 0.013541666666666667 0.03888888888888889 
5 0.6401041666666666 0.3324074074074074 0.013541666666666667 0.03888888888888889 
