0 0.37734375 0.4638888888888889 0.18802083333333333 0.07592592592592592
1 0.22421874999999997 0.40740740740740744 0.17552083333333332 0.22037037037037038
34 0.17395833333333335 0.3962962962962963 0.009375 0.014814814814814815 
36 0.18177083333333333 0.3962962962962963 0.007291666666666667 0.014814814814814815 
32 0.1890625 0.3962962962962963 0.007291666666666667 0.014814814814814815 
6 0.19869791666666667 0.3962962962962963 0.005729166666666666 0.014814814814814815 
3 0.20364583333333333 0.3962962962962963 0.005208333333333333 0.014814814814814815 
8 0.20885416666666665 0.3962962962962963 0.005208333333333333 0.014814814814814815 
7 0.21718749999999998 0.3962962962962963 0.005208333333333333 0.014814814814814815 
4 0.22239583333333332 0.3962962962962963 0.005208333333333333 0.014814814814814815 
6 0.22786458333333334 0.3962962962962963 0.005729166666666666 0.014814814814814815 
8 0.2359375 0.3962962962962963 0.005208333333333333 0.014814814814814815 
2 0.24114583333333334 0.3962962962962963 0.005208333333333333 0.014814814814814815 
8 0.24635416666666665 0.3962962962962963 0.005208333333333333 0.014814814814814815 
