0 0.6138020833333333 0.2199074074074074 0.20052083333333334 0.08055555555555556
1 0.8309895833333334 0.7046296296296296 0.18697916666666667 0.2351851851851852
29 0.7763020833333333 0.6925925925925925 0.0078125 0.016666666666666666 
14 0.7841145833333333 0.6925925925925925 0.0078125 0.016666666666666666 
17 0.79140625 0.6925925925925925 0.0067708333333333336 0.016666666666666666 
11 0.8013020833333333 0.6925925925925925 0.005729166666666666 0.016666666666666666 
3 0.80703125 0.6925925925925925 0.005729166666666666 0.016666666666666666 
8 0.8127604166666667 0.6925925925925925 0.005729166666666666 0.016666666666666666 
10 0.8221354166666666 0.6930555555555555 0.005729166666666666 0.017592592592592594 
7 0.8278645833333332 0.6925925925925925 0.005729166666666666 0.016666666666666666 
4 0.8335937499999999 0.6925925925925925 0.005729166666666666 0.016666666666666666 
7 0.8429687499999999 0.6925925925925925 0.005729166666666666 0.016666666666666666 
2 0.8486979166666666 0.6925925925925925 0.005729166666666666 0.016666666666666666 
5 0.8544270833333333 0.6925925925925925 0.005729166666666666 0.016666666666666666 
