0 0.6682291666666667 0.10462962962962963 0.4479166666666667 0.1814814814814815
1 0.27421875 0.6342592592592593 0.41822916666666665 0.5259259259259259
12 0.15234375 0.6083333333333333 0.0171875 0.037037037037037035 
35 0.1690104166666667 0.6083333333333333 0.016145833333333335 0.037037037037037035 
12 0.18567708333333335 0.6083333333333333 0.0171875 0.037037037037037035 
9 0.20885416666666667 0.6083333333333333 0.013541666666666667 0.037037037037037035 
3 0.22239583333333335 0.6078703703703704 0.013541666666666667 0.03796296296296296 
11 0.2359375 0.6083333333333334 0.013541666666666667 0.03888888888888889 
3 0.2572916666666667 0.6078703703703704 0.013541666666666667 0.03796296296296296 
7 0.2708333333333333 0.6087962962962963 0.013541666666666667 0.03796296296296296 
10 0.284375 0.6083333333333334 0.013541666666666667 0.03888888888888889 
4 0.30572916666666666 0.6078703703703704 0.013541666666666667 0.03796296296296296 
7 0.31927083333333334 0.6087962962962963 0.013541666666666667 0.03796296296296296 
4 0.3328125 0.6078703703703704 0.013541666666666667 0.03796296296296296 
