0 0.7463541666666667 0.16666666666666669 0.41875 0.17037037037037037
1 0.2877604166666667 0.6486111111111111 0.39114583333333336 0.49166666666666664
17 0.17265624999999998 0.625 0.0140625 0.03518518518518519 
32 0.18776041666666668 0.625462962962963 0.016145833333333335 0.03611111111111111 
36 0.20338541666666668 0.625 0.016145833333333335 0.03518518518518519 
5 0.22447916666666667 0.625462962962963 0.0125 0.03611111111111111 
7 0.23697916666666669 0.6259259259259259 0.0125 0.03518518518518519 
2 0.24947916666666667 0.625462962962963 0.0125 0.03611111111111111 
3 0.2692708333333333 0.625 0.0125 0.03518518518518519 
8 0.2817708333333333 0.625462962962963 0.0125 0.03611111111111111 
5 0.2942708333333333 0.625462962962963 0.0125 0.03611111111111111 
3 0.31406249999999997 0.625 0.0125 0.03518518518518519 
11 0.3265625 0.625462962962963 0.0125 0.03611111111111111 
2 0.3390625 0.625462962962963 0.0125 0.03611111111111111 
