0 0.6723958333333334 0.7185185185185186 0.0375 0.014814814814814815
1 0.05546875 0.44675925925925924 0.034895833333333334 0.04351851851851852
20 0.04453125 0.4439814814814815 0.0005208333333333333 0.002777777777777778 
31 0.0453125 0.4439814814814815 0.0010416666666666667 0.002777777777777778 
15 0.04661458333333333 0.4439814814814815 0.0015625 0.002777777777777778 
8 0.04791666666666666 0.4444444444444444 0.0010416666666666667 0.003703703703703704 
3 0.04895833333333333 0.4439814814814815 0.0010416666666666667 0.002777777777777778 
3 0.049999999999999996 0.4439814814814815 0.0010416666666666667 0.002777777777777778 
7 0.0515625 0.4444444444444444 0.0010416666666666667 0.003703703703703704 
10 0.05260416666666667 0.4444444444444444 0.0010416666666666667 0.003703703703703704 
10 0.05364583333333333 0.4444444444444444 0.0010416666666666667 0.003703703703703704 
9 0.05520833333333333 0.4439814814814815 0.0010416666666666667 0.002777777777777778 
7 0.05625 0.4444444444444444 0.0010416666666666667 0.003703703703703704 
9 0.057291666666666664 0.4439814814814815 0.0010416666666666667 0.002777777777777778 
