0 0.2885416666666667 0.11712962962962964 0.51875 0.2101851851851852
1 0.5932291666666667 0.45740740740740743 0.484375 0.6092592592592593
20 0.44557291666666665 0.4263888888888889 0.0078125 0.04351851851851852 
37 0.45807291666666666 0.4263888888888889 0.0171875 0.04351851851851852 
34 0.4799479166666667 0.4263888888888889 0.0265625 0.04351851851851852 
8 0.5098958333333333 0.4268518518518518 0.015625 0.044444444444444446 
3 0.5255208333333333 0.4263888888888889 0.015625 0.04351851851851852 
7 0.5411458333333333 0.4273148148148148 0.015625 0.04351851851851852 
2 0.5661458333333333 0.4268518518518518 0.015625 0.044444444444444446 
8 0.5817708333333333 0.4268518518518518 0.015625 0.044444444444444446 
11 0.5973958333333333 0.4268518518518518 0.015625 0.044444444444444446 
11 0.6223958333333334 0.4268518518518518 0.015625 0.044444444444444446 
3 0.6380208333333334 0.4263888888888889 0.015625 0.04351851851851852 
9 0.6536458333333334 0.42685185185185187 0.015625 0.04259259259259259 
