26 0.6466677518694312 0.4211074202692213 0.0796875 0.1648148148148148 
5 0.39547198590888055 0.24833302996666307 0.017708333333333333 0.05092592592592592 
28 0.10351173493212915 0.5659646370627627 0.0796875 0.17777777777777778 
21 0.5195016061032828 0.3723184485478517 0.005208333333333333 0.014814814814814815 
34 0.43734739531120537 0.6044118749377893 0.030729166666666665 0.05 
21 0.3111703761403465 0.827309314058252 0.04635416666666667 0.13148148148148148 
10 0.18366907635212998 0.4895127528564825 0.03229166666666667 0.08981481481481482 
9 0.7492093992756755 0.6923373319963502 0.03958333333333333 0.10833333333333334 
23 0.6325798962819306 0.7266415044240252 0.027083333333333334 0.06851851851851852 
26 0.6412579372240966 0.5700372811829816 0.015104166666666667 0.030555555555555555 
4 0.587269504654688 0.8410764963521693 0.025520833333333333 0.0712962962962963 
37 0.6003147374744366 0.2066641627561904 0.04791666666666667 0.12222222222222222 
2 0.9683869002662945 0.21344820518964924 0.004166666666666667 0.012037037037037037 
32 0.5377151486165159 0.4814928389009148 0.0765625 0.1675925925925926 
19 0.674567086546611 0.8073202689238236 0.0765625 0.1648148148148148 
