26 0.6778943264036065 0.8007952968112554 0.0484375 0.10092592592592593 
8 0.5152056176967917 0.46852512927187023 0.043229166666666666 0.12222222222222222 
15 0.08576901281614924 0.39492965098602917 0.028645833333333332 0.062037037037037036 
9 0.3740111086068413 0.7995003949889956 0.0203125 0.05648148148148148 
34 0.0872018692043708 0.5530632152285465 0.0625 0.10277777777777777 
6 0.4635946713663169 0.7064898407388368 0.05364583333333333 0.15 
26 0.26523592985823496 0.6533780588930912 0.0036458333333333334 0.007407407407407408 
6 0.6605967829526381 0.7500588459474474 0.03177083333333333 0.08888888888888889 
28 0.5594604061837221 0.6116006763875187 0.0140625 0.030555555555555555 
19 0.24375530678339427 0.6743691819930433 0.03229166666666667 0.06851851851851852 
9 0.5100008435822193 0.39805547120944856 0.05677083333333333 0.15648148148148147 
9 0.40872274952902093 0.8720845380149155 0.06041666666666667 0.16574074074074074 
16 0.8321730382154305 0.5910085184075363 0.035416666666666666 0.0824074074074074 
20 0.7346599996504207 0.03306059963898077 0.0015625 0.010185185185185186 
10 0.4302473453806251 0.3519122437099372 0.017708333333333333 0.05 
15 0.33433983807552525 0.7557512671208715 0.019270833333333334 0.040740740740740744 
6 0.5825142325519015 0.7607378052346508 0.027604166666666666 0.07685185185185185 
27 0.8894609655193904 0.24685541427164476 0.034375 0.08055555555555556 
15 0.7327394989210279 0.6563142400482932 0.07760416666666667 0.16666666666666666 
24 0.3506693825275815 0.8530980903693168 0.011979166666666667 0.022222222222222223 
16 0.7670676032598058 0.9152517559483587 0.05677083333333333 0.13148148148148148 
35 0.9028968457561909 0.22208381909735742 0.06302083333333333 0.14537037037037037 
34 0.9699434288054489 0.3724021463852102 0.01875 0.030555555555555555 
21 0.2051135353452172 0.16497430548631792 0.022395833333333334 0.06296296296296296 
18 0.14543739964431784 0.7177781301044854 0.06875 0.14074074074074075 
24 0.13890645738311894 0.2594225018676883 0.015625 0.02962962962962963 
20 0.1782036106453834 0.661567936741769 0.016145833333333335 0.08888888888888889 
29 0.31897776566831 0.4841036447225111 0.051041666666666666 0.10925925925925926 
29 0.7834066739191247 0.19042364699824488 0.07708333333333334 0.16574074074074074 
18 0.6571355300184577 0.2893644107848845 0.019791666666666666 0.040740740740740744 
