26 0.354001134619517 0.16666362140031638 0.07760416666666667 0.16111111111111112 
12 0.24346421757783504 0.5675949151268983 0.050520833333333334 0.10833333333333334 
31 0.6357389778957467 0.4453947256197134 0.051041666666666666 0.12962962962962962 
32 0.3727006714107095 0.6000682819573498 0.041666666666666664 0.09074074074074075 
21 0.6151309532945017 0.5873178503441789 0.03229166666666667 0.09166666666666666 
7 0.18279691775719992 0.7517239087186331 0.06302083333333333 0.17592592592592593 
21 0.8703422780363899 0.33210337096310066 0.018229166666666668 0.05092592592592592 
18 0.62203170917466 0.6471841383190753 0.04739583333333333 0.0962962962962963 
27 0.8843927745832434 0.41449715320243274 0.018229166666666668 0.04259259259259259 
18 0.28413313277197283 0.4646756576924188 0.011458333333333333 0.023148148148148147 
12 0.800189511690975 0.40432308053510674 0.0359375 0.07685185185185185 
24 0.6799099884120832 0.6821984102028934 0.0828125 0.15462962962962962 
36 0.815638550069135 0.7887113452815683 0.016145833333333335 0.03518518518518519 
34 0.29614650279350574 0.6211246512362949 0.065625 0.10740740740740741 
19 0.5008983185899895 0.2279122646430844 0.07916666666666666 0.17037037037037037 
11 0.03101304519743128 0.3979890804696553 0.03958333333333333 0.11296296296296296 
18 0.29304339796208767 0.6111064354960962 0.051041666666666666 0.10555555555555556 
30 0.09563742836091955 0.5327818060558631 0.0046875 0.010185185185185186 
32 0.4264749314388322 0.6841667412715184 0.009375 0.019444444444444445 
28 0.8666522088097062 0.44376578683832546 0.05416666666666667 0.12129629629629629 
8 0.8965698517478664 0.33166842608823205 0.0484375 0.13796296296296295 
33 0.5068055486871537 0.35940349532935073 0.07395833333333333 0.1712962962962963 
7 0.4372945306347398 0.5444386486524031 0.05364583333333333 0.15092592592592594 
37 0.2878826197548019 0.3446412643010969 0.0515625 0.13148148148148148 
22 0.7332199269749349 0.4356735641751801 0.08125 0.175 
37 0.2841987088041829 0.05116019468606286 0.019270833333333334 0.04814814814814815 
37 0.20232265254661821 0.6098373120120179 0.05677083333333333 0.14444444444444443 
32 0.4787462715398117 0.3306759120963685 0.023958333333333335 0.05185185185185185 
6 0.39066170442504783 0.7858271471778613 0.0067708333333333336 0.019444444444444445 
