26 0.5552686942008958 0.6751556869574353 0.0765625 0.15833333333333333 
13 0.7217213089138683 0.8266044708503353 0.007291666666666667 0.014814814814814815 
9 0.8978156577296319 0.04971429256263017 0.019791666666666666 0.05462962962962963 
35 0.0687295977488826 0.5737198121950744 0.03697916666666667 0.08518518518518518 
23 0.8780076154016753 0.24977377593597433 0.051041666666666666 0.12962962962962962 
11 0.20324625262717352 0.38704861365133525 0.036458333333333336 0.10462962962962963 
17 0.704039522882237 0.7832831470918237 0.05625 0.14351851851851852 
11 0.6176792174620777 0.32892906070382677 0.0036458333333333334 0.010185185185185186 
8 0.6527932818434291 0.3035394287970683 0.0109375 0.030555555555555555 
12 0.46083411577397226 0.45359899551329247 0.06145833333333333 0.13240740740740742 
