26 0.05150957604665062 0.5306323493794748 0.030208333333333334 0.062037037037037036 
13 0.790791448948163 0.18395848628304762 0.06927083333333334 0.14907407407407408 
20 0.27268871475587403 0.40153523310085765 0.018229166666666668 0.10092592592592593 
14 0.06242794769294469 0.7923161088122632 0.027604166666666666 0.06111111111111111 
37 0.1358602186669309 0.4352041470548735 0.003125 0.007407407407407408 
32 0.8191190688909504 0.849984709005375 0.0171875 0.03796296296296296 
20 0.7661504105831236 0.38535696143906323 0.025520833333333333 0.1425925925925926 
12 0.5115206126095466 0.11797977293166016 0.008333333333333333 0.017592592592592594 
19 0.34096179632368834 0.2997741591972738 0.0265625 0.05740740740740741 
35 0.8833151521841807 0.48498388252288516 0.0125 0.028703703703703703 
10 0.9372184006351614 0.19171337466683352 0.0203125 0.05740740740740741 
36 0.06762884725780212 0.6437830830873305 0.05416666666666667 0.125 
33 0.4552382917066573 0.5045977837941448 0.05416666666666667 0.1259259259259259 
12 0.5921932445637432 0.7589734844524215 0.01875 0.040740740740740744 
37 0.24127287809780623 0.23087488761498132 0.03177083333333333 0.08055555555555556 
36 0.797518858349496 0.6906671941797721 0.042708333333333334 0.09722222222222222 
