0 0.035416666666666666 0.9393518518518518 0.0625 0.025
1 0.6322916666666667 0.7412037037037037 0.058333333333333334 0.07314814814814814
17 0.6151041666666667 0.7374999999999999 0.0020833333333333333 0.004629629629629629 
22 0.6174479166666667 0.7374999999999999 0.0026041666666666665 0.004629629629629629 
33 0.6192708333333334 0.7374999999999999 0.0020833333333333333 0.004629629629629629 
8 0.6221354166666666 0.7374999999999999 0.0015625 0.004629629629629629 
6 0.6239583333333334 0.7374999999999999 0.0020833333333333333 0.004629629629629629 
4 0.6252604166666667 0.7374999999999999 0.0015625 0.004629629629629629 
4 0.6278645833333333 0.7374999999999999 0.0015625 0.004629629629629629 
2 0.6294270833333333 0.7374999999999999 0.0015625 0.004629629629629629 
3 0.6309895833333333 0.7374999999999999 0.0015625 0.004629629629629629 
9 0.63359375 0.7374999999999999 0.0015625 0.004629629629629629 
10 0.63515625 0.7374999999999999 0.0015625 0.004629629629629629 
10 0.63671875 0.7374999999999999 0.0015625 0.004629629629629629 
