0 0.5411458333333333 0.48703703703703705 0.178125 0.07222222222222222
1 0.5114583333333333 0.5361111111111111 0.16666666666666666 0.20925925925925926
34 0.46380208333333334 0.5259259259259259 0.008854166666666666 0.014814814814814815 
30 0.47135416666666663 0.5259259259259259 0.00625 0.014814814814814815 
22 0.4778645833333333 0.5259259259259259 0.0067708333333333336 0.014814814814814815 
2 0.4869791666666667 0.5259259259259259 0.005208333333333333 0.014814814814814815 
11 0.4921875 0.5259259259259259 0.005208333333333333 0.014814814814814815 
4 0.49739583333333337 0.5259259259259259 0.005208333333333333 0.014814814814814815 
9 0.5057291666666667 0.5259259259259259 0.005208333333333333 0.014814814814814815 
7 0.5109374999999999 0.5259259259259259 0.005208333333333333 0.014814814814814815 
5 0.5161458333333333 0.5259259259259259 0.005208333333333333 0.014814814814814815 
4 0.5244791666666666 0.5259259259259259 0.005208333333333333 0.014814814814814815 
7 0.5296875 0.5259259259259259 0.005208333333333333 0.014814814814814815 
7 0.5348958333333333 0.5259259259259259 0.005208333333333333 0.014814814814814815 
