26 0.24141958393402033 0.5329830248532538 0.022395833333333334 0.046296296296296294 
16 0.28636062777882204 0.27833001014868375 0.0765625 0.1787037037037037 
28 0.7505941513551855 0.8860930978121313 0.06302083333333333 0.1388888888888889 
20 0.7571819356928391 0.1358740008243441 0.015104166666666667 0.0824074074074074 
35 0.7168255220298178 0.6377146349485192 0.015104166666666667 0.03425925925925926 
9 0.6982817882027018 0.29555624112642703 0.0328125 0.09074074074074075 
5 0.8528985986103975 0.05072609465008439 0.003125 0.008333333333333333 
3 0.24507246880363934 0.5236621543105653 0.019270833333333334 0.053703703703703705 
24 0.7543862792338196 0.33240731113234384 0.0375 0.07037037037037037 
15 0.4180172769103345 0.6544033648396913 0.0078125 0.017592592592592594 
11 0.7820521020344197 0.26328765440598567 0.03125 0.08796296296296297 
24 0.8180429004886888 0.19979561960565376 0.007291666666666667 0.013888888888888888 
11 0.25291377471063575 0.5686511893499026 0.008854166666666666 0.024074074074074074 
28 0.963688414461834 0.9089094496008053 0.0265625 0.05925925925925926 
36 0.16565085808096677 0.685836575100998 0.075 0.17222222222222222 
34 0.27791946140550544 0.8765152637177896 0.04791666666666667 0.07777777777777778 
20 0.19055957108507549 0.33364033793907877 0.017708333333333333 0.1 
17 0.45519591269938986 0.5847970320117125 0.05572916666666667 0.14166666666666666 
36 0.42132345497443807 0.39398389624768476 0.021354166666666667 0.04814814814814815 
