26 0.011035676774103678 0.8038760551917906 0.013020833333333334 0.025925925925925925 
17 0.5012308246087241 0.7870004404574494 0.027083333333333334 0.06851851851851852 
36 0.6513213458454223 0.31728168407282287 0.07083333333333333 0.16203703703703703 
9 0.25770738452813097 0.8383123106851847 0.0375 0.1037037037037037 
31 0.2500747477615608 0.29602035855917636 0.06197916666666667 0.1574074074074074 
34 0.3073367690955347 0.5684102051040982 0.06302083333333333 0.1037037037037037 
4 0.2657103908035553 0.38368866593836815 0.030729166666666665 0.08518518518518518 
3 0.8015503698639765 0.7307820269626586 0.0296875 0.0824074074074074 
33 0.8037510735917421 0.3112193232757431 0.014583333333333334 0.03425925925925926 
8 0.21629093150486234 0.8375452169680093 0.041666666666666664 0.11851851851851852 
29 0.8990778868046222 0.22299528113598122 0.042708333333333334 0.09259259259259259 
8 0.1387079356944548 0.8213134300855558 0.0234375 0.06666666666666667 
4 0.910535793599148 0.7896182073811042 0.022395833333333334 0.062037037037037036 
37 0.9255453472519801 0.8186159014642767 0.009895833333333333 0.025 
7 0.468316308504502 0.6805565138156331 0.0546875 0.1537037037037037 
36 0.8923621514457305 0.4285988094267892 0.06927083333333334 0.15925925925925927 
11 0.2086378449615538 0.5522569105445159 0.0421875 0.12037037037037036 
12 0.6297806603132736 0.5102399821099772 0.03854166666666667 0.0824074074074074 
26 0.22254630677758558 0.6738287641686499 0.008854166666666666 0.017592592592592594 
17 0.012969784478051305 0.21579556835751196 0.01875 0.04814814814814815 
34 0.709498305397154 0.40282449573521206 0.08385416666666666 0.13796296296296295 
37 0.6261529303497249 0.04539617636007723 0.014583333333333334 0.03611111111111111 
34 0.16706240773061196 0.6333292361891846 0.084375 0.1388888888888889 
11 0.1486886633486212 0.8594164546364425 0.03958333333333333 0.11203703703703703 
22 0.8875422711416595 0.9103289523905231 0.0171875 0.03611111111111111 
27 0.29072309085226966 0.5372528970110274 0.0375 0.08703703703703704 
6 0.48625123908830026 0.2754718684188415 0.018229166666666668 0.05092592592592592 
11 0.5931263699124726 0.636150901196219 0.05364583333333333 0.1537037037037037 
8 0.08721026024931794 0.7457503920875748 0.0234375 0.06666666666666667 
9 0.6348051135883299 0.42455007860034943 0.026041666666666668 0.0712962962962963 
36 0.23917590557340182 0.7002558670995562 0.040625 0.09259259259259259 
7 0.09572378287521732 0.8133430155288535 0.0171875 0.04814814814814815 
36 0.5644735490832791 0.9080170004721195 0.03125 0.0712962962962963 
27 0.7442771375196018 0.7505787956914708 0.04791666666666667 0.1111111111111111 
14 0.08993044112867674 0.3058811657133398 0.0125 0.026851851851851852 
14 0.14806819388090986 0.17470949377618675 0.0109375 0.023148148148148147 
