26 0.6266907531079361 0.8329078675346121 0.08645833333333333 0.17777777777777778 
18 0.7691965649776342 0.24592714296469237 0.0875 0.17962962962962964 
14 0.5113629281453324 0.30355251038718556 0.04375 0.0962962962962963 
17 0.21691064052683826 0.9432066666609936 0.016145833333333335 0.040740740740740744 
17 0.6052909583862073 0.6682665570542723 0.052083333333333336 0.13148148148148148 
37 0.16628486157037248 0.3266863748074749 0.034375 0.08703703703703704 
2 0.3089915355507355 0.286821742289308 0.035416666666666666 0.10092592592592593 
29 0.08271249243337105 0.4915289579051302 0.023958333333333335 0.05092592592592592 
19 0.24520540445635058 0.8997424099105762 0.07395833333333333 0.15925925925925927 
5 0.7903147603993004 0.9202519442031551 0.025 0.0712962962962963 
7 0.9047427204647042 0.5925277652325216 0.005208333333333333 0.013888888888888888 
6 0.6025596668148313 0.884129185835819 0.04583333333333333 0.12777777777777777 
19 0.03981755322695381 0.18986316704767686 0.020833333333333332 0.04537037037037037 
4 0.0664331858643338 0.515325635756211 0.015625 0.04351851851851852 
15 0.9557712159527958 0.939120758992899 0.024479166666666666 0.05277777777777778 
36 0.8533610325819085 0.8245370974715877 0.07395833333333333 0.17037037037037037 
22 0.3125228895386346 0.12567992438648456 0.044270833333333336 0.09444444444444444 
26 0.7231918810633546 0.8584031085915828 0.0421875 0.08611111111111111 
20 0.2212416824478109 0.7021904262353831 0.0234375 0.12962962962962962 
12 0.7401151305505909 0.25480589482875515 0.0734375 0.15833333333333333 
34 0.46442699737298376 0.20850905017359395 0.10364583333333334 0.17037037037037037 
27 0.3524795923666311 0.9092595270796313 0.046875 0.10833333333333334 
30 0.25152209336518694 0.3051002088785824 0.0375 0.08888888888888889 
28 0.447412340815894 0.8816140863564437 0.052083333333333336 0.11574074074074074 
11 0.7628677391184515 0.9279682411037999 0.019791666666666666 0.05648148148148148 
3 0.8167186111014806 0.33387540968585167 0.0515625 0.14351851851851852 
33 0.4634234677128323 0.33944910357646857 0.05 0.11574074074074074 
33 0.8451004984883601 0.6200896384111281 0.03802083333333333 0.08796296296296297 
24 0.06423682887796292 0.11176249855814943 0.04895833333333333 0.09166666666666666 
8 0.10034747117012241 0.33894890908543235 0.00625 0.017592592592592594 
9 0.20539203688180566 0.2811635593178442 0.007291666666666667 0.020370370370370372 
9 0.049601301500285994 0.6448071529359998 0.044270833333333336 0.12222222222222222 
4 0.29778204706065364 0.6437346781626268 0.021875 0.06018518518518518 
