0 0.5002604166666667 0.6361111111111111 0.4557291666666667 0.18518518518518517
1 0.76796875 0.3388888888888889 0.42552083333333335 0.5351851851851852
22 0.64375 0.3125 0.017708333333333333 0.03796296296296296 
18 0.6619791666666667 0.3125 0.01875 0.03981481481481482 
34 0.6830729166666667 0.3125 0.0234375 0.03796296296296296 
5 0.709375 0.31296296296296294 0.013541666666666667 0.03888888888888889 
6 0.7229166666666667 0.3125 0.013541666666666667 0.03796296296296296 
11 0.7364583333333333 0.31296296296296294 0.013541666666666667 0.03888888888888889 
5 0.7583333333333333 0.31296296296296294 0.013541666666666667 0.03888888888888889 
8 0.771875 0.31296296296296294 0.013541666666666667 0.03888888888888889 
6 0.7854166666666667 0.3125 0.013541666666666667 0.03796296296296296 
8 0.8072916666666666 0.31296296296296294 0.013541666666666667 0.03888888888888889 
9 0.8208333333333333 0.312962962962963 0.013541666666666667 0.037037037037037035 
8 0.834375 0.31296296296296294 0.013541666666666667 0.03888888888888889 
