0 0.3453125 0.6388888888888888 0.32083333333333336 0.12962962962962962
1 0.8044270833333333 0.6097222222222222 0.2994791666666667 0.3768518518518518
23 0.7161458333333334 0.5902777777777778 0.010416666666666666 0.026851851851851852 
20 0.7236979166666666 0.5902777777777778 0.0046875 0.026851851851851852 
20 0.7283854166666667 0.5902777777777778 0.0046875 0.026851851851851852 
8 0.7411458333333333 0.5907407407407407 0.009375 0.025925925925925925 
8 0.7505208333333333 0.5907407407407407 0.009375 0.025925925925925925 
2 0.7598958333333333 0.5907407407407407 0.009375 0.025925925925925925 
2 0.7749999999999999 0.5907407407407407 0.009375 0.025925925925925925 
2 0.7843749999999999 0.5907407407407407 0.009375 0.025925925925925925 
7 0.79375 0.5907407407407407 0.009375 0.025925925925925925 
10 0.8088541666666667 0.5907407407407407 0.009375 0.025925925925925925 
5 0.8182291666666667 0.5907407407407407 0.009375 0.025925925925925925 
6 0.8276041666666666 0.5907407407407407 0.009375 0.025925925925925925 
