0 0.6770833333333334 0.6662037037037036 0.21354166666666666 0.08611111111111111
1 0.7815104166666667 0.3125 0.19947916666666668 0.25092592592592594
21 0.721875 0.300462962962963 0.00625 0.017592592592592594 
19 0.7291666666666666 0.300462962962963 0.008333333333333333 0.017592592592592594 
33 0.7372395833333333 0.300462962962963 0.0078125 0.017592592592592594 
8 0.7479166666666667 0.300462962962963 0.00625 0.017592592592592594 
10 0.7541666666666668 0.300462962962963 0.00625 0.017592592592592594 
4 0.7604166666666667 0.300462962962963 0.00625 0.017592592592592594 
3 0.7703125000000001 0.300462962962963 0.00625 0.017592592592592594 
2 0.7765625 0.300462962962963 0.00625 0.017592592592592594 
6 0.7828125 0.300462962962963 0.00625 0.017592592592592594 
5 0.7927083333333333 0.300462962962963 0.00625 0.017592592592592594 
2 0.7989583333333333 0.300462962962963 0.00625 0.017592592592592594 
7 0.8052083333333334 0.300462962962963 0.00625 0.017592592592592594 
