0 0.5716145833333333 0.48333333333333334 0.2796875 0.11296296296296296
1 0.85078125 0.2814814814814815 0.2609375 0.3277777777777778
36 0.7747395833333334 0.2652777777777778 0.0109375 0.023148148148148147 
23 0.7843749999999999 0.2652777777777778 0.009375 0.023148148148148147 
30 0.7940104166666667 0.2652777777777778 0.009895833333333333 0.023148148148148147 
11 0.8083333333333333 0.2652777777777778 0.008333333333333333 0.023148148148148147 
8 0.8166666666666667 0.2652777777777778 0.008333333333333333 0.023148148148148147 
8 0.825 0.2652777777777778 0.008333333333333333 0.023148148148148147 
2 0.8385416666666666 0.2652777777777778 0.008333333333333333 0.023148148148148147 
5 0.8468749999999999 0.2652777777777778 0.008333333333333333 0.023148148148148147 
4 0.8552083333333333 0.2652777777777778 0.008333333333333333 0.023148148148148147 
7 0.86875 0.2652777777777778 0.008333333333333333 0.023148148148148147 
6 0.8770833333333333 0.2652777777777778 0.008333333333333333 0.023148148148148147 
3 0.8854166666666666 0.2652777777777778 0.008333333333333333 0.023148148148148147 
