0 0.5645833333333333 0.4527777777777778 0.32916666666666666 0.13333333333333333
1 0.34739583333333335 0.6152777777777778 0.3072916666666667 0.3861111111111111
23 0.2565104166666667 0.5958333333333333 0.0109375 0.026851851851851852 
28 0.26875 0.5967592592592592 0.013541666666666667 0.028703703703703703 
34 0.2838541666666667 0.5958333333333333 0.016666666666666666 0.026851851851851852 
6 0.3028645833333333 0.5958333333333333 0.009895833333333333 0.026851851851851852 
2 0.31276041666666665 0.5958333333333333 0.009895833333333333 0.026851851851851852 
9 0.32265625 0.5958333333333333 0.009895833333333333 0.026851851851851852 
4 0.33828125 0.5958333333333333 0.009895833333333333 0.026851851851851852 
6 0.3481770833333333 0.5958333333333333 0.009895833333333333 0.026851851851851852 
2 0.3580729166666667 0.5958333333333333 0.009895833333333333 0.026851851851851852 
3 0.3736979166666667 0.5958333333333333 0.009895833333333333 0.026851851851851852 
10 0.38359375 0.5958333333333333 0.009895833333333333 0.026851851851851852 
2 0.39348958333333334 0.5958333333333333 0.009895833333333333 0.026851851851851852 
