0 0.63828125 0.34120370370370373 0.37552083333333336 0.1527777777777778
1 0.74140625 0.4861111111111111 0.35052083333333334 0.44074074074074077
22 0.6390625 0.46388888888888885 0.014583333333333334 0.03148148148148148 
24 0.6546875 0.46388888888888885 0.016666666666666666 0.03148148148148148 
35 0.6697916666666666 0.46388888888888885 0.013541666666666667 0.03148148148148148 
2 0.6888020833333334 0.46435185185185185 0.0109375 0.030555555555555555 
11 0.6997395833333333 0.46435185185185185 0.0109375 0.030555555555555555 
7 0.7106770833333333 0.46435185185185185 0.0109375 0.030555555555555555 
4 0.7283854166666667 0.46435185185185185 0.0109375 0.030555555555555555 
5 0.7393229166666667 0.46435185185185185 0.0109375 0.030555555555555555 
4 0.7502604166666667 0.46435185185185185 0.0109375 0.030555555555555555 
9 0.76796875 0.46435185185185185 0.0109375 0.030555555555555555 
4 0.77890625 0.46435185185185185 0.0109375 0.030555555555555555 
4 0.7898437500000001 0.46435185185185185 0.0109375 0.030555555555555555 
