0 0.49140625 0.524537037037037 0.08177083333333333 0.032407407407407406
1 0.8062499999999999 0.5930555555555556 0.07604166666666666 0.09537037037037037
29 0.7838541666666667 0.5884259259259259 0.003125 0.006481481481481481 
34 0.7875 0.5884259259259259 0.004166666666666667 0.006481481481481481 
37 0.7908854166666667 0.5884259259259259 0.0026041666666666665 0.006481481481481481 
4 0.7950520833333333 0.5884259259259259 0.0026041666666666665 0.006481481481481481 
9 0.7976562500000001 0.5884259259259259 0.0026041666666666665 0.006481481481481481 
2 0.8002604166666667 0.5884259259259259 0.0026041666666666665 0.006481481481481481 
9 0.8044270833333333 0.5884259259259259 0.0026041666666666665 0.006481481481481481 
11 0.8070312500000001 0.5884259259259259 0.0026041666666666665 0.006481481481481481 
9 0.8096354166666667 0.5884259259259259 0.0026041666666666665 0.006481481481481481 
10 0.8138020833333334 0.5884259259259259 0.0026041666666666665 0.006481481481481481 
6 0.81640625 0.5884259259259259 0.0026041666666666665 0.006481481481481481 
2 0.8190104166666667 0.5884259259259259 0.0026041666666666665 0.006481481481481481 
