26 0.051824072083643695 0.5330519475489287 0.04739583333333333 0.0962962962962963 
33 0.563888909303972 0.28421143351161926 0.03125 0.0712962962962963 
32 0.8801614739856836 0.6968980891670715 0.06979166666666667 0.1527777777777778 
12 0.7514055443732974 0.4083261824589921 0.050520833333333334 0.10833333333333334 
10 0.20582276085959286 0.25264908008126435 0.040625 0.11574074074074074 
20 0.6000875159760014 0.7307764953042956 0.016145833333333335 0.08981481481481482 
14 0.08074083094751827 0.6102284310469699 0.005729166666666666 0.012962962962962963 
9 0.3055319746365507 0.5198252453399455 0.0234375 0.06388888888888888 
28 0.09015462453167308 0.7673173480278768 0.051041666666666666 0.11388888888888889 
8 0.6946916013723551 0.3711152358240019 0.017708333333333333 0.05 
37 0.06906551435037434 0.5025002319136223 0.058333333333333334 0.14814814814814814 
36 0.19110012245239247 0.6738015158151144 0.035416666666666666 0.08055555555555556 
12 0.3179731546455876 0.5966618632981822 0.028645833333333332 0.06111111111111111 
32 0.21111789815480952 0.7299049866888832 0.06927083333333334 0.15 
24 0.42204833156699034 0.6842479026897369 0.03333333333333333 0.062037037037037036 
23 0.7478952585217027 0.6164575521897065 0.0421875 0.10648148148148148 
8 0.0519091068879939 0.3993357116138307 0.013541666666666667 0.03888888888888889 
4 0.3147298202082525 0.9023108079516156 0.030208333333333334 0.08425925925925926 
35 0.7809923798693355 0.7063452349095377 0.028645833333333332 0.06666666666666667 
8 0.033194995428268065 0.5279900641512058 0.016666666666666666 0.04722222222222222 
6 0.8281137002973633 0.3091257338123279 0.04479166666666667 0.125 
16 0.8425836973331999 0.19854188375985396 0.013020833333333334 0.030555555555555555 
4 0.6766519609345446 0.7858261261444692 0.0203125 0.05648148148148148 
11 0.2580464342418036 0.8203135696331958 0.016145833333333335 0.04722222222222222 
30 0.29244839007259266 0.11827962206126674 0.040625 0.0962962962962963 
16 0.7181975820877297 0.09643039158697986 0.03854166666666667 0.08981481481481482 
17 0.5961241836827278 0.6880227047495127 0.06458333333333334 0.1638888888888889 
27 0.739030531198478 0.5180516202494706 0.04583333333333333 0.10648148148148148 
18 0.09364791616735871 0.3329736421050068 0.07395833333333333 0.15185185185185185 
