0 0.6151041666666667 0.6546296296296296 0.019791666666666666 0.007407407407407408
1 0.26015625 0.14212962962962963 0.018229166666666668 0.023148148148148147
28 0.2546875 0.14027777777777778 0.0010416666666666667 0.002777777777777778 
25 0.25520833333333337 0.1398148148148148 0.0010416666666666667 0.001851851851851852 
14 0.2557291666666667 0.14027777777777778 0.0010416666666666667 0.002777777777777778 
5 0.25651041666666663 0.14027777777777778 0.0005208333333333333 0.002777777777777778 
2 0.25703125 0.14027777777777778 0.0005208333333333333 0.002777777777777778 
5 0.2575520833333333 0.14027777777777778 0.0005208333333333333 0.002777777777777778 
4 0.25859375 0.1398148148148148 0.0005208333333333333 0.001851851851851852 
3 0.2591145833333333 0.1398148148148148 0.0005208333333333333 0.001851851851851852 
10 0.2596354166666667 0.14027777777777778 0.0005208333333333333 0.002777777777777778 
9 0.26067708333333334 0.1398148148148148 0.0005208333333333333 0.001851851851851852 
10 0.26119791666666664 0.14027777777777778 0.0005208333333333333 0.002777777777777778 
2 0.26171875 0.14027777777777778 0.0005208333333333333 0.002777777777777778 
