27 0.17901174131379166 0.6351932869714414 0.05 0.11574074074074074 
9 0.643342115031278 0.14777730179466433 0.0625 0.17222222222222222 
32 0.4833201490246024 0.8957022076401818 0.026041666666666668 0.05648148148148148 
20 0.4437839473154703 0.09254953714750225 0.0171875 0.09537037037037037 
24 0.8588661613865795 0.28668141013065823 0.005208333333333333 0.009259259259259259 
17 0.7789940813128625 0.851530024930581 0.0609375 0.15555555555555556 
12 0.7166453866330399 0.20959191262415772 0.028645833333333332 0.06111111111111111 
6 0.31162995605212973 0.8243013009478173 0.04114583333333333 0.11481481481481481 
30 0.0236241277478399 0.5951588571244116 0.030729166666666665 0.07314814814814814 
35 0.7695046585278207 0.7833538239219278 0.017708333333333333 0.040740740740740744 
35 0.646629370519082 0.7512398453581602 0.007291666666666667 0.016666666666666666 
28 0.10953423913299587 0.0479142945971852 0.022395833333333334 0.05 
17 0.9124493340620389 0.5857278009185827 0.0067708333333333336 0.016666666666666666 
31 0.7480857839931526 0.22106939276988155 0.052083333333333336 0.13240740740740742 
26 0.22389165750273632 0.6400470162572204 0.0421875 0.08611111111111111 
7 0.10875895161590055 0.7503298093859014 0.06145833333333333 0.1712962962962963 
29 0.6968037668305923 0.19048240477369696 0.0390625 0.08425925925925926 
10 0.5509578574367971 0.16619115485204916 0.03958333333333333 0.11296296296296296 
7 0.11594879191014115 0.8865519911596909 0.015104166666666667 0.04259259259259259 
31 0.5148570134976383 0.2649400630155031 0.009375 0.024074074074074074 
22 0.9399301674474084 0.6748962752052603 0.016666666666666666 0.03518518518518519 
30 0.26832959532000067 0.3616954727788154 0.0328125 0.07777777777777778 
9 0.1345127723113072 0.44627716175893134 0.04479166666666667 0.12314814814814815 
4 0.3902472909232214 0.2660044744722724 0.0203125 0.05648148148148148 
5 0.5950741550291407 0.7338296195562982 0.0140625 0.040740740740740744 
14 0.44241623502798305 0.4001157527084243 0.0609375 0.13518518518518519 
10 0.19952699168688884 0.2789598369534796 0.015625 0.04537037037037037 
27 0.3774066257906505 0.6453279650274163 0.010416666666666666 0.024074074074074074 
27 0.4894553638429285 0.8108019809276217 0.0390625 0.09166666666666666 
26 0.0487006086963623 0.5992207548843135 0.034375 0.07037037037037037 
4 0.7146267059618464 0.8358559035526649 0.052083333333333336 0.14537037037037037 
27 0.5514156895093167 0.680160958494409 0.06666666666666667 0.15555555555555556 
