27 0.46170167700172027 0.6442191335481641 0.0067708333333333336 0.01574074074074074 
11 0.3102843852028422 0.691080467583754 0.05416666666666667 0.15462962962962962 
23 0.4132261060191183 0.1252788133037852 0.041666666666666664 0.10555555555555556 
11 0.20771275606072695 0.19357426515996026 0.0296875 0.08333333333333333 
24 0.2952063616127816 0.47018900177865036 0.0484375 0.08981481481481482 
30 0.45876093369613336 0.8951411821326786 0.0671875 0.16111111111111112 
34 0.5121641657692877 0.6064470899322112 0.0765625 0.1259259259259259 
23 0.6299298580818661 0.25672407207893655 0.0359375 0.09074074074074075 
7 0.12976445964851238 0.16556238551537403 0.034375 0.0962962962962963 
30 0.3019025504302822 0.28947644271103184 0.06614583333333333 0.16018518518518518 
17 0.39067066155800517 0.7767875364078269 0.059375 0.15092592592592594 
23 0.06766922986358298 0.11596903493693932 0.020833333333333332 0.05277777777777778 
12 0.3798575220986261 0.3875002674768976 0.0171875 0.03611111111111111 
26 0.709982329146687 0.27580164409813684 0.0390625 0.07962962962962963 
28 0.24976343890492847 0.46898005236236356 0.0875 0.19444444444444445 
2 0.15771226586475928 0.39969599326888505 0.03125 0.08796296296296297 
26 0.3774388798567328 0.8174884164515571 0.04010416666666667 0.0824074074074074 
9 0.24814952072868027 0.6152156909917194 0.0078125 0.021296296296296296 
8 0.43799208723996813 0.23716798511623838 0.04583333333333333 0.12962962962962962 
23 0.5111260710468244 0.505574546606006 0.034375 0.08703703703703704 
35 0.5929373702640798 0.4799239104380591 0.03958333333333333 0.09259259259259259 
23 0.8259757413423018 0.7770831476169682 0.044270833333333336 0.11203703703703703 
30 0.5664857116581703 0.35284579068948 0.01875 0.04537037037037037 
28 0.08340720907423463 0.7390989152888041 0.0234375 0.05277777777777778 
13 0.7804805972914224 0.25006721389741327 0.06979166666666667 0.15 
4 0.9407187651540012 0.16680597886334797 0.028645833333333332 0.07962962962962963 
33 0.9448554600594619 0.8533730993082386 0.0296875 0.06851851851851852 
3 0.29957988917473594 0.4044081593140848 0.0453125 0.12685185185185185 
28 0.6745256239971809 0.32063364695563107 0.020833333333333332 0.046296296296296294 
26 0.15040905240935315 0.8074697673903262 0.05572916666666667 0.11481481481481481 
6 0.5452609585488649 0.5566301783160078 0.028125 0.07777777777777778 
28 0.6504690139495131 0.6250749626738558 0.08854166666666667 0.19722222222222222 
34 0.6104871439835832 0.1377650736217269 0.04010416666666667 0.06574074074074074 
37 0.9757527134962015 0.690447512988334 0.005208333333333333 0.012962962962962963 
12 0.8237242505806559 0.8938126914087612 0.030208333333333334 0.06481481481481481 
