0 0.68359375 0.18055555555555555 0.5307291666666667 0.21481481481481482
1 0.28046875 0.5078703703703704 0.4953125 0.6231481481481481
37 0.134375 0.4768518518518518 0.017708333333333333 0.044444444444444446 
25 0.15364583333333331 0.4768518518518518 0.020833333333333332 0.044444444444444446 
21 0.17213541666666668 0.4773148148148148 0.016145833333333335 0.04537037037037037 
7 0.19765625 0.47777777777777775 0.016145833333333335 0.044444444444444446 
7 0.21380208333333334 0.47777777777777775 0.016145833333333335 0.044444444444444446 
3 0.22994791666666667 0.4768518518518518 0.016145833333333335 0.044444444444444446 
5 0.25546875 0.4773148148148148 0.016145833333333335 0.04537037037037037 
9 0.2716145833333333 0.4773148148148148 0.016145833333333335 0.04351851851851852 
6 0.28776041666666663 0.4768518518518518 0.016145833333333335 0.044444444444444446 
6 0.31328125 0.4768518518518518 0.016145833333333335 0.044444444444444446 
10 0.3294270833333333 0.4773148148148148 0.016145833333333335 0.04537037037037037 
4 0.3455729166666667 0.4768518518518518 0.016145833333333335 0.044444444444444446 
