0 0.3520833333333333 0.43379629629629624 0.4322916666666667 0.175
1 0.36484375 0.30092592592592593 0.4036458333333333 0.5074074074074074
28 0.24791666666666667 0.27685185185185185 0.017708333333333333 0.040740740740740744 
23 0.2638020833333333 0.27546296296296297 0.0140625 0.03611111111111111 
19 0.2791666666666667 0.27546296296296297 0.016666666666666666 0.03611111111111111 
11 0.30182291666666666 0.2759259259259259 0.013020833333333334 0.037037037037037035 
8 0.31484375000000003 0.2759259259259259 0.013020833333333334 0.037037037037037035 
11 0.32786458333333335 0.2759259259259259 0.013020833333333334 0.037037037037037035 
9 0.34869791666666666 0.27592592592592596 0.013020833333333334 0.03518518518518519 
2 0.36171875000000003 0.2759259259259259 0.013020833333333334 0.037037037037037035 
8 0.37473958333333335 0.2759259259259259 0.013020833333333334 0.037037037037037035 
10 0.39557291666666666 0.2759259259259259 0.013020833333333334 0.037037037037037035 
8 0.40859375000000003 0.2759259259259259 0.013020833333333334 0.037037037037037035 
7 0.42161458333333335 0.2763888888888889 0.013020833333333334 0.03611111111111111 
