27 0.778945316625319 0.4059686131974283 0.04895833333333333 0.11388888888888889 
14 0.03783174915055631 0.3167478835719099 0.016666666666666666 0.03796296296296296 
4 0.9406093306525584 0.15198803063729532 0.027083333333333334 0.075 
20 0.39054198639712734 0.5990406826423921 0.0046875 0.025925925925925925 
3 0.2514038658642197 0.7202079602348652 0.021875 0.062037037037037036 
11 0.6915635547836934 0.27705736729504815 0.0640625 0.1814814814814815 
31 0.7105678993699392 0.2078712580514492 0.06354166666666666 0.16203703703703703 
5 0.7006281658462871 0.7983449305221009 0.06197916666666667 0.17592592592592593 
23 0.43850086060692167 0.4224236661265551 0.04583333333333333 0.11574074074074074 
35 0.6150013609311592 0.18919086778201502 0.04895833333333333 0.11388888888888889 
34 0.7901757110861133 0.4753926801092521 0.0828125 0.1361111111111111 
30 0.10949654114346169 0.3517675765690115 0.0703125 0.16944444444444445 
5 0.0720522181062781 0.8753930097916262 0.010416666666666666 0.027777777777777776 
11 0.5642303149853566 0.4214268282498751 0.06197916666666667 0.17685185185185184 
28 0.9586289808748065 0.3044507592442001 0.013020833333333334 0.027777777777777776 
22 0.5907895490654035 0.5844308091458579 0.0067708333333333336 0.013888888888888888 
