0 0.69609375 0.3199074074074074 0.5598958333333334 0.22685185185185186
1 0.3921875 0.4222222222222222 0.5229166666666667 0.6574074074074074
17 0.23854166666666665 0.3902777777777777 0.01875 0.04722222222222222 
29 0.25885416666666666 0.3902777777777777 0.021875 0.04722222222222222 
37 0.2791666666666667 0.3902777777777777 0.01875 0.04722222222222222 
5 0.3067708333333334 0.3907407407407407 0.016666666666666666 0.04814814814814815 
3 0.32343750000000004 0.3902777777777777 0.016666666666666666 0.04722222222222222 
10 0.3401041666666667 0.3907407407407407 0.016666666666666666 0.04814814814814815 
5 0.3666666666666667 0.3907407407407407 0.016666666666666666 0.04814814814814815 
10 0.38333333333333336 0.3907407407407407 0.016666666666666666 0.04814814814814815 
10 0.4 0.3907407407407407 0.016666666666666666 0.04814814814814815 
5 0.4265625 0.3907407407407407 0.016666666666666666 0.04814814814814815 
2 0.4432291666666667 0.3907407407407407 0.016666666666666666 0.04814814814814815 
11 0.45989583333333334 0.3907407407407407 0.016666666666666666 0.04814814814814815 
