27 0.09241822315411849 0.6253456185562316 0.058333333333333334 0.13518518518518519 
14 0.7761819836351606 0.5243614283591062 0.03229166666666667 0.07037037037037037 
17 0.5552203909467047 0.6626452006526643 0.028645833333333332 0.07222222222222222 
2 0.7149139704372157 0.17035572206293484 0.05572916666666667 0.15833333333333333 
30 0.5382385095188986 0.864549624387623 0.016666666666666666 0.040740740740740744 
27 0.45096520338112855 0.940049186165164 0.030208333333333334 0.07037037037037037 
11 0.8223656509764554 0.6996894210380523 0.020833333333333332 0.058333333333333334 
7 0.9339064842642942 0.3155805466530622 0.03802083333333333 0.10740740740740741 
32 0.5027934174499529 0.8379714343852157 0.04583333333333333 0.1 
7 0.6799740455334431 0.14009325816993923 0.033854166666666664 0.09351851851851851 
30 0.5008040280096069 0.39999576343430415 0.0234375 0.05648148148148148 
3 0.6919450785435164 0.7690170123318733 0.0421875 0.11851851851851852 
23 0.3898917245647131 0.5055393838063091 0.03697916666666667 0.09444444444444444 
30 0.06802216213602437 0.9638396900141711 0.005729166666666666 0.013888888888888888 
2 0.2766623021019285 0.1376683692762307 0.05572916666666667 0.15925925925925927 
2 0.8201829704428754 0.6666902159127704 0.03177083333333333 0.08888888888888889 
6 0.8476181670945421 0.15590880257168338 0.057291666666666664 0.16111111111111112 
30 0.8223645079417692 0.30511152595175756 0.0671875 0.16203703703703703 
15 0.6108621257975874 0.7933861851317939 0.06770833333333333 0.14537037037037037 
28 0.11974739980967011 0.49110516414675365 0.059375 0.13240740740740742 
15 0.6176849610839239 0.173144075785915 0.049479166666666664 0.10648148148148148 
9 0.10356332377617569 0.3728443509154929 0.030729166666666665 0.08518518518518518 
30 0.8806926424736494 0.7274234994612847 0.04010416666666667 0.09537037037037037 
33 0.8366495231844725 0.7056196896491967 0.05 0.11574074074074074 
4 0.4393442096168111 0.2605401227552431 0.0296875 0.08333333333333333 
21 0.8084452840413512 0.8633994935358414 0.0359375 0.10185185185185185 
24 0.7438205892388742 0.6505886162820417 0.0578125 0.10740740740740741 
2 0.3248111592854568 0.5825247464260787 0.049479166666666664 0.14074074074074075 
36 0.5740635802735232 0.40788531661599864 0.009375 0.020370370370370372 
8 0.7250463856352488 0.15702808657201436 0.008854166666666666 0.024074074074074074 
3 0.3684020657547564 0.25443446804508474 0.04479166666666667 0.125 
29 0.28189216395337385 0.4370069829147314 0.011979166666666667 0.025 
18 0.38508269852055915 0.9047808574697709 0.058333333333333334 0.11944444444444445 
4 0.470106350534147 0.2996631723658811 0.06197916666666667 0.17407407407407408 
18 0.8332483778253819 0.7967704328005729 0.050520833333333334 0.10462962962962963 
32 0.6515464251516607 0.7148744733208436 0.07760416666666667 0.16944444444444445 
