0 0.640625 0.23842592592592593 0.38958333333333334 0.15833333333333333
1 0.28567708333333336 0.4425925925925926 0.3640625 0.45740740740740743
22 0.17942708333333332 0.41990740740740745 0.015104166666666667 0.032407407407407406 
35 0.19401041666666666 0.41990740740740745 0.0140625 0.032407407407407406 
34 0.2109375 0.41990740740740745 0.019791666666666666 0.032407407407407406 
6 0.23333333333333334 0.41990740740740745 0.011458333333333333 0.032407407407407406 
9 0.24479166666666669 0.41990740740740745 0.011458333333333333 0.032407407407407406 
2 0.25625000000000003 0.41990740740740745 0.011458333333333333 0.032407407407407406 
9 0.27447916666666666 0.41990740740740745 0.011458333333333333 0.032407407407407406 
5 0.2859375 0.41990740740740745 0.011458333333333333 0.032407407407407406 
5 0.29739583333333336 0.41990740740740745 0.011458333333333333 0.032407407407407406 
8 0.315625 0.41990740740740745 0.011458333333333333 0.032407407407407406 
5 0.32708333333333334 0.41990740740740745 0.011458333333333333 0.032407407407407406 
9 0.3385416666666667 0.41990740740740745 0.011458333333333333 0.032407407407407406 
