0 0.3973958333333333 0.24537037037037035 0.5125 0.2074074074074074
1 0.24765625 0.537962962962963 0.4786458333333333 0.6018518518518519
26 0.10859375 0.5078703703703703 0.021354166666666667 0.04537037037037037 
24 0.13072916666666667 0.5078703703703704 0.022916666666666665 0.04351851851851852 
21 0.15 0.5083333333333333 0.015625 0.044444444444444446 
11 0.175 0.5083333333333333 0.015625 0.044444444444444446 
10 0.190625 0.5083333333333333 0.015625 0.044444444444444446 
5 0.20625 0.5083333333333333 0.015625 0.044444444444444446 
7 0.23125 0.5087962962962963 0.015625 0.04351851851851852 
9 0.246875 0.5083333333333333 0.015625 0.04259259259259259 
11 0.2625 0.5083333333333333 0.015625 0.044444444444444446 
10 0.2875 0.5083333333333333 0.015625 0.044444444444444446 
6 0.303125 0.5078703703703704 0.015625 0.04351851851851852 
2 0.31875 0.5083333333333333 0.015625 0.044444444444444446 
