0 0.67578125 0.4393518518518518 0.5036458333333333 0.20462962962962963
1 0.6544270833333333 0.4981481481481482 0.4703125 0.5907407407407408
28 0.5177083333333333 0.46990740740740744 0.020833333333333332 0.04722222222222222 
31 0.5364583333333333 0.46805555555555556 0.016666666666666666 0.041666666666666664 
29 0.5544270833333333 0.46805555555555556 0.019270833333333334 0.041666666666666664 
10 0.58046875 0.46851851851851856 0.015104166666666667 0.04259259259259259 
10 0.5955729166666667 0.46851851851851856 0.015104166666666667 0.04259259259259259 
4 0.6106770833333334 0.46805555555555556 0.015104166666666667 0.041666666666666664 
2 0.6346354166666667 0.46851851851851856 0.015104166666666667 0.04259259259259259 
4 0.6497395833333334 0.46805555555555556 0.015104166666666667 0.041666666666666664 
8 0.6648437500000001 0.46851851851851856 0.015104166666666667 0.04259259259259259 
11 0.6888020833333334 0.46851851851851856 0.015104166666666667 0.04259259259259259 
8 0.7039062500000001 0.46851851851851856 0.015104166666666667 0.04259259259259259 
8 0.7190104166666667 0.46851851851851856 0.015104166666666667 0.04259259259259259 
