0 0.5408854166666667 0.17083333333333334 0.4161458333333333 0.16944444444444445
1 0.7026041666666667 0.3675925925925926 0.3885416666666667 0.4888888888888889
32 0.5893229166666667 0.34351851851851856 0.016145833333333335 0.03518518518518519 
21 0.6036458333333333 0.34351851851851856 0.0125 0.03518518518518519 
21 0.6161458333333333 0.34351851851851856 0.0125 0.03518518518518519 
6 0.6359374999999999 0.3425925925925926 0.0125 0.03518518518518519 
2 0.6484375 0.34305555555555556 0.0125 0.03611111111111111 
3 0.6609375 0.3425925925925926 0.0125 0.03518518518518519 
9 0.6807291666666666 0.34305555555555556 0.0125 0.03425925925925926 
11 0.6932291666666667 0.34305555555555556 0.0125 0.03611111111111111 
11 0.7057291666666666 0.34305555555555556 0.0125 0.03611111111111111 
8 0.7255208333333333 0.34305555555555556 0.0125 0.03611111111111111 
10 0.7380208333333333 0.34305555555555556 0.0125 0.03611111111111111 
11 0.7505208333333333 0.34305555555555556 0.0125 0.03611111111111111 
