0 0.15442708333333333 0.9564814814814814 0.0703125 0.027777777777777776
1 0.890625 0.2773148148148148 0.065625 0.0824074074074074
25 0.87109375 0.27314814814814814 0.0026041666666666665 0.005555555555555556 
36 0.8734375 0.27314814814814814 0.003125 0.005555555555555556 
13 0.8757812500000001 0.27314814814814814 0.0026041666666666665 0.005555555555555556 
3 0.8791666666666668 0.27314814814814814 0.0020833333333333333 0.005555555555555556 
8 0.8812500000000001 0.27314814814814814 0.0020833333333333333 0.005555555555555556 
9 0.8833333333333334 0.27314814814814814 0.0020833333333333333 0.005555555555555556 
6 0.8864583333333333 0.27314814814814814 0.0020833333333333333 0.005555555555555556 
2 0.8885416666666667 0.27314814814814814 0.0020833333333333333 0.005555555555555556 
9 0.890625 0.27314814814814814 0.0020833333333333333 0.005555555555555556 
3 0.89375 0.27314814814814814 0.0020833333333333333 0.005555555555555556 
2 0.8958333333333334 0.27314814814814814 0.0020833333333333333 0.005555555555555556 
2 0.8979166666666667 0.27314814814814814 0.0020833333333333333 0.005555555555555556 
