27 0.11414664541139857 0.24317728271499955 0.027604166666666666 0.06388888888888888 
16 0.722037008799391 0.7855800277888669 0.021875 0.05 
29 0.7001590832465816 0.8557407869880175 0.01875 0.03981481481481482 
16 0.788396913726112 0.39265442269645434 0.07552083333333333 0.17592592592592593 
12 0.3628933690833333 0.06993582313686254 0.016145833333333335 0.03425925925925926 
16 0.45671574858991454 0.2750803353633431 0.06770833333333333 0.1574074074074074 
2 0.4438111175260733 0.833926174377087 0.0109375 0.02962962962962963 
34 0.2811389388019222 0.18309035087263248 0.005729166666666666 0.009259259259259259 
17 0.7503657202347779 0.3377812087310517 0.044270833333333336 0.11296296296296296 
3 0.6245221392154919 0.07199865919012254 0.0026041666666666665 0.008333333333333333 
28 0.310437632550329 0.3484613992451487 0.08645833333333333 0.19166666666666668 
4 0.8624931580410328 0.6654843007377006 0.007291666666666667 0.020370370370370372 
15 0.1315025635760601 0.8173252488948615 0.07916666666666666 0.17037037037037037 
6 0.30590633762060604 0.6283777329925836 0.059895833333333336 0.1685185185185185 
