0 0.5197916666666667 0.4453703703703704 0.4739583333333333 0.1925925925925926
1 0.5432291666666667 0.5319444444444444 0.4427083333333333 0.5564814814814815
18 0.41510416666666666 0.5050925925925926 0.019791666666666666 0.041666666666666664 
31 0.4328125 0.5050925925925925 0.015625 0.03981481481481482 
18 0.4505208333333333 0.5050925925925926 0.019791666666666666 0.041666666666666664 
6 0.47578125 0.5050925925925925 0.0140625 0.03981481481481482 
10 0.48984374999999997 0.5055555555555555 0.0140625 0.040740740740740744 
4 0.50390625 0.5050925925925925 0.0140625 0.03981481481481482 
9 0.5263020833333334 0.5055555555555555 0.0140625 0.03888888888888889 
4 0.5403645833333334 0.5050925925925925 0.0140625 0.03981481481481482 
10 0.5544270833333333 0.5055555555555555 0.0140625 0.040740740740740744 
8 0.5768229166666667 0.5055555555555555 0.0140625 0.040740740740740744 
7 0.5908854166666667 0.5060185185185185 0.0140625 0.03981481481481482 
4 0.6049479166666667 0.5050925925925925 0.0140625 0.03981481481481482 
