0 0.6940104166666667 0.5018518518518519 0.5703125 0.23148148148148148
1 0.7088541666666667 0.5069444444444444 0.5322916666666667 0.6694444444444444
22 0.55390625 0.4740740740740741 0.022395833333333334 0.04814814814814815 
27 0.5752604166666666 0.4740740740740741 0.0203125 0.04814814814814815 
27 0.5955729166666667 0.4740740740740741 0.0203125 0.04814814814814815 
5 0.6247395833333332 0.47453703703703703 0.0171875 0.049074074074074076 
7 0.6419270833333333 0.47500000000000003 0.0171875 0.04814814814814815 
7 0.6591145833333333 0.47500000000000003 0.0171875 0.04814814814814815 
2 0.6867187499999999 0.47453703703703703 0.0171875 0.049074074074074076 
2 0.70390625 0.47453703703703703 0.0171875 0.049074074074074076 
9 0.72109375 0.4745370370370371 0.0171875 0.04722222222222222 
8 0.7486979166666666 0.47453703703703703 0.0171875 0.049074074074074076 
11 0.7658854166666667 0.47453703703703703 0.0171875 0.049074074074074076 
4 0.7830729166666667 0.4740740740740741 0.0171875 0.04814814814814815 
