0 0.77734375 0.562037037037037 0.39739583333333334 0.16111111111111112
1 0.275 0.5981481481481481 0.37083333333333335 0.4666666666666667
36 0.16640624999999998 0.5740740740740742 0.015104166666666667 0.03333333333333333 
31 0.17994791666666665 0.5740740740740742 0.013020833333333334 0.03333333333333333 
29 0.19427083333333334 0.5740740740740742 0.015625 0.03333333333333333 
2 0.21536458333333333 0.5745370370370371 0.011979166666666667 0.03425925925925926 
3 0.22734374999999998 0.5740740740740742 0.011979166666666667 0.03333333333333333 
8 0.23932291666666666 0.5745370370370371 0.011979166666666667 0.03425925925925926 
4 0.25859375 0.5740740740740742 0.011979166666666667 0.03333333333333333 
4 0.27057291666666666 0.5740740740740742 0.011979166666666667 0.03333333333333333 
3 0.2825520833333333 0.5740740740740742 0.011979166666666667 0.03333333333333333 
10 0.30182291666666666 0.5745370370370371 0.011979166666666667 0.03425925925925926 
7 0.3138020833333333 0.5750000000000001 0.011979166666666667 0.03333333333333333 
2 0.32578124999999997 0.5745370370370371 0.011979166666666667 0.03425925925925926 
