0 0.3109375 0.1638888888888889 0.5427083333333333 0.22037037037037038
1 0.35390625 0.3712962962962963 0.5067708333333333 0.6370370370370371
23 0.2046875 0.33935185185185185 0.017708333333333333 0.04537037037037037 
20 0.21770833333333334 0.33935185185185185 0.008333333333333333 0.04537037037037037 
13 0.23229166666666665 0.33935185185185185 0.020833333333333332 0.04537037037037037 
3 0.26067708333333334 0.33935185185185185 0.016145833333333335 0.04537037037037037 
10 0.27682291666666664 0.3398148148148148 0.016145833333333335 0.046296296296296294 
8 0.29296875 0.3398148148148148 0.016145833333333335 0.046296296296296294 
8 0.31901041666666663 0.3398148148148148 0.016145833333333335 0.046296296296296294 
9 0.33515625 0.3398148148148148 0.016145833333333335 0.044444444444444446 
6 0.3513020833333333 0.33935185185185185 0.016145833333333335 0.04537037037037037 
10 0.37734375 0.3398148148148148 0.016145833333333335 0.046296296296296294 
7 0.39348958333333334 0.3402777777777778 0.016145833333333335 0.04537037037037037 
11 0.40963541666666664 0.3398148148148148 0.016145833333333335 0.046296296296296294 
