0 0.24088541666666666 0.7138888888888889 0.3984375 0.16111111111111112
1 0.4552083333333333 0.45046296296296295 0.371875 0.4675925925925926
16 0.34609375 0.42685185185185187 0.0140625 0.03333333333333333 
32 0.3609375 0.4273148148148148 0.015625 0.03425925925925926 
12 0.3765625 0.42685185185185187 0.015625 0.03333333333333333 
6 0.39765625 0.42685185185185187 0.011979166666666667 0.03333333333333333 
4 0.40963541666666664 0.42685185185185187 0.011979166666666667 0.03333333333333333 
7 0.42161458333333335 0.42777777777777776 0.011979166666666667 0.03333333333333333 
4 0.44088541666666664 0.42685185185185187 0.011979166666666667 0.03333333333333333 
9 0.45286458333333335 0.4273148148148148 0.011979166666666667 0.032407407407407406 
2 0.46484375 0.4273148148148148 0.011979166666666667 0.03425925925925926 
11 0.48411458333333335 0.4273148148148148 0.011979166666666667 0.03425925925925926 
7 0.49609375 0.42777777777777776 0.011979166666666667 0.03333333333333333 
5 0.5080729166666667 0.4273148148148148 0.011979166666666667 0.03425925925925926 
