0 0.5796875 0.3277777777777777 0.27395833333333336 0.1111111111111111
1 0.41119791666666666 0.25416666666666665 0.2557291666666667 0.3212962962962963
20 0.3333333333333333 0.23796296296296296 0.004166666666666667 0.022222222222222223 
27 0.3403645833333333 0.23796296296296296 0.009895833333333333 0.022222222222222223 
33 0.3502604166666667 0.23796296296296296 0.009895833333333333 0.022222222222222223 
8 0.3640625 0.23796296296296296 0.008333333333333333 0.022222222222222223 
11 0.3723958333333333 0.23796296296296296 0.008333333333333333 0.022222222222222223 
6 0.3807291666666667 0.23796296296296296 0.008333333333333333 0.022222222222222223 
6 0.39375 0.23796296296296296 0.008333333333333333 0.022222222222222223 
10 0.4020833333333333 0.23796296296296296 0.008333333333333333 0.022222222222222223 
10 0.41041666666666665 0.23796296296296296 0.008333333333333333 0.022222222222222223 
7 0.42343749999999997 0.23796296296296296 0.008333333333333333 0.022222222222222223 
5 0.4317708333333333 0.23796296296296296 0.008333333333333333 0.022222222222222223 
6 0.44010416666666663 0.23796296296296296 0.008333333333333333 0.022222222222222223 
