0 0.3833333333333333 0.10462962962962963 0.03333333333333333 0.012962962962962963
1 0.6135416666666667 0.8842592592592593 0.03125 0.03888888888888889
14 0.60390625 0.8824074074074074 0.0015625 0.003703703703703704 
29 0.6049479166666666 0.8819444444444444 0.0015625 0.002777777777777778 
15 0.6059895833333333 0.8819444444444444 0.0015625 0.002777777777777778 
3 0.6072916666666667 0.8819444444444444 0.0010416666666666667 0.002777777777777778 
10 0.6083333333333333 0.8824074074074074 0.0010416666666666667 0.003703703703703704 
10 0.609375 0.8824074074074074 0.0010416666666666667 0.003703703703703704 
7 0.6109375 0.8824074074074074 0.0010416666666666667 0.003703703703703704 
3 0.6119791666666666 0.8819444444444444 0.0010416666666666667 0.002777777777777778 
4 0.6130208333333333 0.8819444444444444 0.0010416666666666667 0.002777777777777778 
7 0.6145833333333333 0.8824074074074074 0.0010416666666666667 0.003703703703703704 
2 0.615625 0.8824074074074074 0.0010416666666666667 0.003703703703703704 
8 0.6166666666666666 0.8824074074074074 0.0010416666666666667 0.003703703703703704 
