0 0.153125 0.12407407407407406 0.29583333333333334 0.12037037037037036
1 0.153125 0.18657407407407406 0.2760416666666667 0.3472222222222222
27 0.07239583333333333 0.16944444444444445 0.010416666666666666 0.024074074074074074 
36 0.0828125 0.16944444444444445 0.011458333333333333 0.024074074074074074 
26 0.09427083333333335 0.16944444444444445 0.0125 0.024074074074074074 
11 0.11015625 0.16944444444444445 0.008854166666666666 0.024074074074074074 
4 0.11901041666666666 0.16944444444444445 0.008854166666666666 0.024074074074074074 
11 0.12786458333333334 0.16944444444444445 0.008854166666666666 0.024074074074074074 
7 0.14192708333333334 0.16944444444444445 0.008854166666666666 0.024074074074074074 
9 0.15078125 0.16944444444444445 0.008854166666666666 0.024074074074074074 
5 0.15963541666666667 0.16944444444444445 0.008854166666666666 0.024074074074074074 
8 0.17369791666666667 0.16944444444444445 0.008854166666666666 0.024074074074074074 
3 0.18255208333333334 0.16944444444444445 0.008854166666666666 0.024074074074074074 
5 0.19140625 0.16944444444444445 0.008854166666666666 0.024074074074074074 
