0 0.4763020833333333 0.7194444444444444 0.04739583333333333 0.018518518518518517
1 0.7101562499999999 0.2972222222222222 0.044270833333333336 0.05555555555555555
21 0.6966145833333333 0.29444444444444445 0.0015625 0.005555555555555556 
13 0.6984375 0.2939814814814815 0.0020833333333333333 0.004629629629629629 
15 0.7005208333333334 0.2939814814814815 0.0020833333333333333 0.004629629629629629 
10 0.7033854166666667 0.29444444444444445 0.0015625 0.005555555555555556 
11 0.7049479166666667 0.29444444444444445 0.0015625 0.005555555555555556 
5 0.7065104166666666 0.29444444444444445 0.0015625 0.005555555555555556 
6 0.7091145833333333 0.2939814814814815 0.0015625 0.004629629629629629 
3 0.7106770833333332 0.2939814814814815 0.0015625 0.004629629629629629 
10 0.7122395833333333 0.29444444444444445 0.0015625 0.005555555555555556 
6 0.71484375 0.2939814814814815 0.0015625 0.004629629629629629 
9 0.7164062499999999 0.2939814814814815 0.0015625 0.004629629629629629 
3 0.7179687499999999 0.2939814814814815 0.0015625 0.004629629629629629 
