0 0.2796875 0.2773148148148148 0.5135416666666667 0.20833333333333334
1 0.25234375 0.3087962962962963 0.4796875 0.6027777777777777
12 0.11276041666666667 0.27824074074074073 0.0203125 0.04351851851851852 
27 0.13177083333333334 0.27824074074074073 0.01875 0.04351851851851852 
37 0.14973958333333334 0.27824074074074073 0.0171875 0.04351851851851852 
6 0.17552083333333332 0.27824074074074073 0.015625 0.04351851851851852 
6 0.19114583333333332 0.27824074074074073 0.015625 0.04351851851851852 
4 0.20677083333333332 0.27824074074074073 0.015625 0.04351851851851852 
11 0.23177083333333334 0.2787037037037037 0.015625 0.044444444444444446 
7 0.24739583333333334 0.2791666666666667 0.015625 0.04351851851851852 
2 0.2630208333333333 0.2787037037037037 0.015625 0.044444444444444446 
2 0.28802083333333334 0.2787037037037037 0.015625 0.044444444444444446 
6 0.30364583333333334 0.27824074074074073 0.015625 0.04351851851851852 
10 0.31927083333333334 0.2787037037037037 0.015625 0.044444444444444446 
