0 0.61640625 0.12453703703703703 0.5817708333333333 0.2361111111111111
1 0.28359375 0.362962962962963 0.5432291666666667 0.6833333333333333
22 0.12552083333333333 0.3287037037037037 0.022916666666666665 0.04814814814814815 
21 0.14505208333333333 0.32916666666666666 0.0171875 0.049074074074074076 
32 0.16484375 0.32916666666666666 0.022395833333333334 0.049074074074074076 
11 0.19505208333333335 0.3287037037037037 0.0171875 0.05 
4 0.21223958333333334 0.3282407407407407 0.0171875 0.049074074074074076 
5 0.22942708333333334 0.3287037037037037 0.0171875 0.05 
10 0.25703125 0.3287037037037037 0.0171875 0.05 
6 0.27421875 0.3282407407407407 0.0171875 0.049074074074074076 
6 0.29140625000000003 0.3282407407407407 0.0171875 0.049074074074074076 
5 0.3190104166666667 0.3287037037037037 0.0171875 0.05 
7 0.33619791666666665 0.32916666666666666 0.0171875 0.049074074074074076 
5 0.3533854166666667 0.3287037037037037 0.0171875 0.05 
