0 0.3966145833333333 0.41620370370370374 0.08177083333333333 0.032407407407407406
1 0.52890625 0.3805555555555556 0.0765625 0.0962962962962963
30 0.50625 0.375462962962963 0.003125 0.006481481481481481 
20 0.5078125 0.375462962962963 0.0010416666666666667 0.006481481481481481 
31 0.5096354166666667 0.375462962962963 0.0026041666666666665 0.006481481481481481 
5 0.5138020833333333 0.375462962962963 0.0026041666666666665 0.006481481481481481 
9 0.5164062500000001 0.375462962962963 0.0026041666666666665 0.006481481481481481 
2 0.5190104166666667 0.375462962962963 0.0026041666666666665 0.006481481481481481 
3 0.5231770833333333 0.375462962962963 0.0026041666666666665 0.006481481481481481 
5 0.5257812500000001 0.375462962962963 0.0026041666666666665 0.006481481481481481 
11 0.5283854166666667 0.375462962962963 0.0026041666666666665 0.006481481481481481 
11 0.5325520833333334 0.375462962962963 0.0026041666666666665 0.006481481481481481 
11 0.53515625 0.375462962962963 0.0026041666666666665 0.006481481481481481 
7 0.5377604166666667 0.375462962962963 0.0026041666666666665 0.006481481481481481 
