0 0.4166666666666667 0.3694444444444444 0.11666666666666667 0.046296296296296294
1 0.8768229166666667 0.5342592592592592 0.10885416666666667 0.13703703703703704
26 0.84453125 0.5268518518518519 0.0046875 0.009259259259259259 
21 0.8484375000000001 0.5268518518518519 0.003125 0.009259259259259259 
35 0.8520833333333333 0.5268518518518519 0.004166666666666667 0.009259259259259259 
11 0.8578125 0.5268518518518519 0.003125 0.009259259259259259 
7 0.8611979166666667 0.5268518518518519 0.0036458333333333334 0.009259259259259259 
10 0.8640625000000001 0.5268518518518519 0.003125 0.009259259259259259 
10 0.8692708333333333 0.5268518518518519 0.003125 0.009259259259259259 
7 0.87265625 0.5268518518518519 0.0036458333333333334 0.009259259259259259 
11 0.8755208333333333 0.5268518518518519 0.003125 0.009259259259259259 
8 0.8807291666666667 0.5268518518518519 0.003125 0.009259259259259259 
9 0.8838541666666667 0.5268518518518519 0.003125 0.009259259259259259 
3 0.8869791666666667 0.5268518518518519 0.003125 0.009259259259259259 
