0 0.7283854166666667 0.7037037037037037 0.4734375 0.1925925925925926
1 0.5606770833333333 0.437962962962963 0.4421875 0.5555555555555556
13 0.4322916666666667 0.4115740740740741 0.01875 0.03981481481481482 
24 0.45234375 0.4115740740740741 0.021354166666666667 0.03981481481481482 
36 0.4713541666666667 0.4115740740740741 0.017708333333333333 0.03981481481481482 
3 0.49557291666666664 0.4115740740740741 0.0140625 0.03981481481481482 
3 0.5096354166666667 0.4115740740740741 0.0140625 0.03981481481481482 
6 0.5236979166666668 0.4115740740740741 0.0140625 0.03981481481481482 
4 0.54609375 0.4115740740740741 0.0140625 0.03981481481481482 
9 0.56015625 0.41203703703703703 0.0140625 0.03888888888888889 
2 0.57421875 0.41203703703703703 0.0140625 0.040740740740740744 
8 0.5966145833333334 0.41203703703703703 0.0140625 0.040740740740740744 
4 0.6106770833333334 0.4115740740740741 0.0140625 0.03981481481481482 
11 0.6247395833333333 0.41203703703703703 0.0140625 0.040740740740740744 
