27 0.4401083021416938 0.8243719520019255 0.040625 0.09444444444444444 
35 0.14935606101784918 0.5929249836331487 0.07552083333333333 0.17592592592592593 
35 0.27672131646423553 0.6073577315621561 0.065625 0.15185185185185185 
31 0.861244491255337 0.22734280073797028 0.0328125 0.08333333333333333 
28 0.2134706870764492 0.1684036720084261 0.0890625 0.19814814814814816 
30 0.7996946045864561 0.38011220279284186 0.04895833333333333 0.1175925925925926 
27 0.22244990159696368 0.8290718698774099 0.0734375 0.1712962962962963 
35 0.2648105019657239 0.8611868768404891 0.040625 0.09444444444444444 
30 0.11546768546047358 0.7424398901017758 0.0375 0.08888888888888889 
29 0.916933792266598 0.9026042424393088 0.015625 0.03425925925925926 
9 0.4730069176524081 0.41485986688506915 0.0640625 0.17592592592592593 
5 0.5128013796531337 0.7985416881370488 0.041666666666666664 0.11851851851851852 
16 0.6111969504389442 0.08666245859260417 0.022395833333333334 0.05277777777777778 
23 0.7466007273032492 0.44066563304107237 0.05 0.1259259259259259 
31 0.8251242190786577 0.8925249792045493 0.023958333333333335 0.06018518518518518 
37 0.2954825191941378 0.9251830280023017 0.025 0.06388888888888888 
8 0.41950409725402765 0.2342382406638586 0.0296875 0.08333333333333333 
20 0.06280482957117994 0.5508760741261518 0.028125 0.15555555555555556 
11 0.12561957303585747 0.2886283169009195 0.04583333333333333 0.13055555555555556 
5 0.17571844738245324 0.7542737255471628 0.05520833333333333 0.15833333333333333 
18 0.10856527688934606 0.3387602915801994 0.009895833333333333 0.019444444444444445 
36 0.8318887125506979 0.08668117436560689 0.009895833333333333 0.021296296296296296 
4 0.8380384345891576 0.316512630434232 0.0125 0.03518518518518519 
36 0.05026732520482484 0.1985920060955036 0.005729166666666666 0.012037037037037037 
17 0.8130532001003078 0.478761819963621 0.0453125 0.11481481481481481 
31 0.48695253567250024 0.8501476190394031 0.06770833333333333 0.17222222222222222 
28 0.5492774774609211 0.44852892611570877 0.011458333333333333 0.025 
4 0.5457000624044842 0.5124911668719573 0.04010416666666667 0.11203703703703703 
21 0.9778798633806167 0.0952880351596988 0.003125 0.009259259259259259 
36 0.04238711935628647 0.2387769976660511 0.06822916666666666 0.1574074074074074 
15 0.5567718296632541 0.6489673865997293 0.024479166666666666 0.05277777777777778 
30 0.17626788401133411 0.38281214724952767 0.022916666666666665 0.05555555555555555 
3 0.7300536146709162 0.8972526097592396 0.03333333333333333 0.09259259259259259 
23 0.683898155000239 0.4137262934821734 0.0296875 0.07592592592592592 
18 0.4545995591556195 0.8715197939300173 0.07239583333333334 0.14814814814814814 
