28 0.10101267674058946 0.1850256055326553 0.044270833333333336 0.09722222222222222 
3 0.5955617323016161 0.5379243402268035 0.022916666666666665 0.06388888888888888 
34 0.7190717987493148 0.39677133779273815 0.046875 0.07685185185185185 
34 0.3057307084025095 0.2841246528592191 0.04479166666666667 0.07314814814814814 
18 0.10046380560242915 0.714909007847618 0.042708333333333334 0.08703703703703704 
36 0.48520760924176437 0.4859823498292811 0.043229166666666666 0.09907407407407408 
3 0.7598684228834341 0.3183649251963666 0.04479166666666667 0.125 
37 0.5256328986611396 0.6398410284598578 0.06979166666666667 0.17685185185185184 
23 0.3506406689406268 0.5563910558714008 0.0140625 0.03518518518518519 
33 0.738637410158339 0.6659051533344548 0.04739583333333333 0.10925925925925926 
30 0.7268799387144919 0.8037700983664957 0.04791666666666667 0.11481481481481481 
