28 0.12007435398769134 0.8073155880025711 0.0796875 0.17685185185185184 
10 0.7360713443822741 0.800151851252345 0.0234375 0.06666666666666667 
34 0.9423677568338601 0.4621620148809581 0.018229166666666668 0.02962962962962963 
9 0.43919583922742883 0.3977012108876684 0.03802083333333333 0.1037037037037037 
15 0.01763564715790446 0.1180508472491661 0.020833333333333332 0.044444444444444446 
29 0.363390190820087 0.7584220266661339 0.06614583333333333 0.14166666666666666 
23 0.7232411947558823 0.4458947902447173 0.03802083333333333 0.09722222222222222 
21 0.6200322584753855 0.4947226820555687 0.043229166666666666 0.12222222222222222 
26 0.34204142650210606 0.24634840826433846 0.059895833333333336 0.12314814814814815 
37 0.35274456733922555 0.2960865947220646 0.0026041666666666665 0.006481481481481481 
24 0.756562199460124 0.716598237544251 0.03958333333333333 0.07314814814814814 
28 0.5044120324298964 0.19245507620427924 0.06302083333333333 0.1388888888888889 
4 0.5478672704917206 0.6349476960336032 0.0546875 0.1537037037037037 
23 0.5300665259457333 0.13483290479137863 0.0026041666666666665 0.006481481481481481 
17 0.8869655014304187 0.4052753979354876 0.059895833333333336 0.1527777777777778 
20 0.05183574773819733 0.578887093400435 0.0234375 0.13148148148148148 
34 0.6853955210625136 0.9074881830689043 0.04791666666666667 0.0787037037037037 
6 0.6998168245294659 0.5824729342057524 0.04739583333333333 0.13240740740740742 
32 0.8763442166203463 0.8670673321266967 0.04583333333333333 0.10092592592592593 
3 0.7697052704856938 0.6449603041227676 0.0390625 0.10925925925925926 
37 0.5676863004504338 0.8057329411850099 0.05416666666666667 0.13703703703703704 
7 0.7911143923264372 0.694776174043271 0.005208333333333333 0.014814814814814815 
15 0.8097609599125624 0.2788955905462359 0.033854166666666664 0.07314814814814814 
24 0.7526466666602674 0.8438313239586134 0.0828125 0.15462962962962962 
18 0.4996362574896475 0.7336729741586748 0.010416666666666666 0.020370370370370372 
16 0.543380862716014 0.9485388318753386 0.0328125 0.07685185185185185 
35 0.5692641228380255 0.30498637471053147 0.06875 0.16018518518518518 
29 0.38104263499886015 0.21843288812056877 0.07760416666666667 0.16666666666666666 
