0 0.7580729166666667 0.2583333333333333 0.0796875 0.03148148148148148
1 0.15625 0.13703703703703704 0.07395833333333333 0.09259259259259259
36 0.13463541666666667 0.13287037037037036 0.0036458333333333334 0.006481481481481481 
23 0.13723958333333333 0.13287037037037036 0.0026041666666666665 0.006481481481481481 
17 0.13984375000000002 0.13287037037037036 0.0026041666666666665 0.006481481481481481 
11 0.14401041666666667 0.13287037037037036 0.0026041666666666665 0.006481481481481481 
5 0.14661458333333335 0.13287037037037036 0.0026041666666666665 0.006481481481481481 
5 0.14921875 0.13287037037037036 0.0026041666666666665 0.006481481481481481 
4 0.15338541666666666 0.13287037037037036 0.0026041666666666665 0.006481481481481481 
3 0.15598958333333335 0.13287037037037036 0.0026041666666666665 0.006481481481481481 
4 0.15859375 0.13287037037037036 0.0026041666666666665 0.006481481481481481 
5 0.16276041666666669 0.13287037037037036 0.0026041666666666665 0.006481481481481481 
9 0.16536458333333334 0.13287037037037036 0.0026041666666666665 0.006481481481481481 
6 0.16796875 0.13287037037037036 0.0026041666666666665 0.006481481481481481 
