0 0.8067708333333333 0.33472222222222225 0.36666666666666664 0.14907407407407408
1 0.41015625 0.625462962962963 0.3421875 0.4305555555555556
15 0.31015624999999997 0.6041666666666666 0.0140625 0.030555555555555555 
21 0.32265625000000003 0.6041666666666666 0.0109375 0.030555555555555555 
29 0.33541666666666664 0.6041666666666666 0.014583333333333334 0.030555555555555555 
10 0.35442708333333334 0.6046296296296296 0.0109375 0.02962962962962963 
3 0.3653645833333334 0.6046296296296296 0.0109375 0.02962962962962963 
2 0.37630208333333337 0.6046296296296296 0.0109375 0.02962962962962963 
10 0.3940104166666667 0.6046296296296296 0.0109375 0.02962962962962963 
7 0.4049479166666667 0.6046296296296296 0.0109375 0.02962962962962963 
2 0.4158854166666667 0.6046296296296296 0.0109375 0.02962962962962963 
4 0.43359375 0.6046296296296296 0.0109375 0.02962962962962963 
4 0.44453125000000004 0.6046296296296296 0.0109375 0.02962962962962963 
9 0.45546875000000003 0.6046296296296296 0.0109375 0.02962962962962963 
