28 0.1147059504175015 0.15608587967324233 0.011458333333333333 0.024074074074074074 
15 0.18933684979340404 0.9369402120217623 0.022395833333333334 0.04814814814814815 
22 0.3867725868116904 0.5048284816519113 0.050520833333333334 0.10833333333333334 
12 0.45373050894114025 0.8316054171924038 0.06979166666666667 0.15 
35 0.42235471658522117 0.4496974851073623 0.0453125 0.10462962962962963 
19 0.040960900085888076 0.6582420072416808 0.07083333333333333 0.1527777777777778 
11 0.4007605702248997 0.31476319263657837 0.06197916666666667 0.17592592592592593 
11 0.8195390679873599 0.8559422867789245 0.052083333333333336 0.14722222222222223 
7 0.8590763780759931 0.634793367517943 0.05677083333333333 0.15925925925925927 
4 0.9271806156945455 0.3371784493529999 0.040625 0.11388888888888889 
20 0.3173550291931027 0.1898612762094518 0.0234375 0.13148148148148148 
37 0.21703668904061313 0.1292894705888555 0.03854166666666667 0.09814814814814815 
5 0.5242977395764749 0.16609214114991666 0.04791666666666667 0.1361111111111111 
14 0.1283229698793861 0.6497159667518073 0.07291666666666667 0.16296296296296298 
13 0.6120030325357615 0.37549665655277 0.05416666666666667 0.11666666666666667 
14 0.5741040219783589 0.3065584721902967 0.058854166666666666 0.13055555555555556 
