0 0.8450520833333334 0.3435185185185185 0.20989583333333334 0.08518518518518518
1 0.6700520833333333 0.562037037037037 0.19635416666666666 0.2462962962962963
35 0.6122395833333333 0.549537037037037 0.0078125 0.017592592592592594 
12 0.6197916666666666 0.549537037037037 0.008333333333333333 0.017592592592592594 
22 0.6276041666666666 0.549537037037037 0.008333333333333333 0.017592592592592594 
9 0.6380208333333334 0.549537037037037 0.00625 0.017592592592592594 
3 0.6442708333333333 0.549537037037037 0.00625 0.017592592592592594 
4 0.6505208333333333 0.549537037037037 0.00625 0.017592592592592594 
11 0.6604166666666668 0.549537037037037 0.00625 0.017592592592592594 
3 0.6666666666666667 0.549537037037037 0.00625 0.017592592592592594 
8 0.6729166666666667 0.549537037037037 0.00625 0.017592592592592594 
7 0.6828125 0.549537037037037 0.00625 0.017592592592592594 
11 0.6890625 0.549537037037037 0.00625 0.017592592592592594 
9 0.6953125 0.549537037037037 0.00625 0.017592592592592594 
