28 0.42146489775579704 0.6178807856426594 0.0453125 0.09907407407407408 
19 0.6423971351302882 0.255620894091898 0.049479166666666664 0.10648148148148148 
26 0.9294594639888712 0.30416030841978897 0.0036458333333333334 0.006481481481481481 
14 0.9703989803905384 0.137158890159509 0.008854166666666666 0.018518518518518517 
2 0.3511686954911333 0.12784773412448722 0.0265625 0.075 
28 0.19008933147206203 0.5939683257480903 0.08177083333333333 0.1824074074074074 
18 0.6966993762153324 0.9452862833323682 0.019791666666666666 0.041666666666666664 
23 0.031625881276577186 0.18578998966078775 0.0609375 0.1527777777777778 
22 0.1464233984577784 0.2971444412318232 0.06458333333333334 0.1388888888888889 
9 0.5126929781566135 0.5088337534638876 0.05572916666666667 0.1527777777777778 
14 0.8290609863687449 0.2988770824404919 0.0036458333333333334 0.007407407407407408 
19 0.6665850154915289 0.33718475674548454 0.014583333333333334 0.03148148148148148 
35 0.7869978797853534 0.07738467529734736 0.027604166666666666 0.06388888888888888 
18 0.06370256849259501 0.19649173353971738 0.06875 0.14074074074074075 
19 0.870299278895753 0.6931350789128911 0.049479166666666664 0.10648148148148148 
15 0.6006785528359896 0.8607622769818197 0.015104166666666667 0.032407407407407406 
13 0.6110005575116315 0.361145025205105 0.04895833333333333 0.10555555555555556 
7 0.6804889553390898 0.6287854959867804 0.011458333333333333 0.032407407407407406 
15 0.16118545656384597 0.2357904880900259 0.0578125 0.125 
29 0.03250402073054076 0.2704142850710899 0.041666666666666664 0.08981481481481482 
24 0.5068887986063193 0.5755836784391248 0.013020833333333334 0.024074074074074074 
5 0.45422944479308097 0.712121824858768 0.03333333333333333 0.09444444444444444 
33 0.6818031457381714 0.18589338615455991 0.058333333333333334 0.13518518518518519 
11 0.5614771199455223 0.41765888608411017 0.05 0.14074074074074075 
