0 0.2721354166666667 0.4532407407407407 0.3671875 0.14907407407407408
1 0.78828125 0.3712962962962963 0.34322916666666664 0.43148148148148147
20 0.6838541666666667 0.350462962962963 0.005208333333333333 0.030555555555555555 
16 0.6929687499999999 0.350462962962963 0.013020833333333334 0.030555555555555555 
27 0.7059895833333333 0.350462962962963 0.013020833333333334 0.030555555555555555 
9 0.7247395833333333 0.350925925925926 0.0109375 0.02962962962962963 
11 0.7356770833333334 0.350925925925926 0.0109375 0.02962962962962963 
2 0.7466145833333333 0.350925925925926 0.0109375 0.02962962962962963 
6 0.7643229166666667 0.350925925925926 0.0109375 0.02962962962962963 
9 0.7752604166666667 0.350925925925926 0.0109375 0.02962962962962963 
3 0.7861979166666667 0.350925925925926 0.0109375 0.02962962962962963 
11 0.80390625 0.350925925925926 0.0109375 0.02962962962962963 
2 0.81484375 0.350925925925926 0.0109375 0.02962962962962963 
5 0.82578125 0.350925925925926 0.0109375 0.02962962962962963 
