0 0.2591145833333333 0.7796296296296296 0.2203125 0.08888888888888889
1 0.7309895833333334 0.29861111111111116 0.20572916666666666 0.25833333333333336
16 0.6700520833333333 0.2861111111111111 0.0078125 0.018518518518518517 
29 0.6783854166666666 0.2861111111111111 0.008854166666666666 0.018518518518518517 
25 0.6872395833333333 0.2861111111111111 0.008854166666666666 0.018518518518518517 
11 0.69921875 0.2861111111111111 0.0067708333333333336 0.018518518518518517 
8 0.7059895833333334 0.2861111111111111 0.0067708333333333336 0.018518518518518517 
6 0.7127604166666667 0.2861111111111111 0.0067708333333333336 0.018518518518518517 
7 0.7236979166666667 0.2861111111111111 0.0067708333333333336 0.018518518518518517 
6 0.73046875 0.2861111111111111 0.0067708333333333336 0.018518518518518517 
3 0.7372395833333334 0.2861111111111111 0.0067708333333333336 0.018518518518518517 
8 0.7481770833333333 0.2861111111111111 0.0067708333333333336 0.018518518518518517 
4 0.7549479166666667 0.2861111111111111 0.0067708333333333336 0.018518518518518517 
2 0.76171875 0.2861111111111111 0.0067708333333333336 0.018518518518518517 
