0 0.47421875 0.075001 0.3692708333333333 0.15
1 0.6880208333333333 0.37592592592592594 0.34479166666666666 0.43333333333333335
19 0.5872395833333334 0.35509259259259257 0.0140625 0.030555555555555555 
25 0.6013020833333333 0.35509259259259257 0.0140625 0.030555555555555555 
25 0.6153645833333333 0.35509259259259257 0.0140625 0.030555555555555555 
8 0.6346354166666667 0.35555555555555557 0.0109375 0.02962962962962963 
10 0.6455729166666667 0.35555555555555557 0.0109375 0.02962962962962963 
2 0.6565104166666667 0.35555555555555557 0.0109375 0.02962962962962963 
6 0.67421875 0.35555555555555557 0.0109375 0.02962962962962963 
8 0.68515625 0.35555555555555557 0.0109375 0.02962962962962963 
6 0.6960937500000001 0.35555555555555557 0.0109375 0.02962962962962963 
2 0.7138020833333334 0.35555555555555557 0.0109375 0.02962962962962963 
10 0.7247395833333333 0.35555555555555557 0.0109375 0.02962962962962963 
6 0.7356770833333334 0.35555555555555557 0.0109375 0.02962962962962963 
