0 0.19791666666666666 0.14722222222222223 0.06458333333333334 0.025925925925925925
1 0.7171875 0.5518518518518518 0.06041666666666667 0.07592592592592592
28 0.6994791666666667 0.5486111111111112 0.003125 0.006481481481481481 
37 0.7015625000000001 0.5481481481481482 0.0020833333333333333 0.005555555555555556 
31 0.7036458333333334 0.5481481481481482 0.0020833333333333333 0.005555555555555556 
7 0.7067708333333333 0.5481481481481482 0.0020833333333333333 0.005555555555555556 
4 0.7088541666666667 0.5481481481481482 0.0020833333333333333 0.005555555555555556 
2 0.7109375 0.5481481481481482 0.0020833333333333333 0.005555555555555556 
10 0.7140625 0.5481481481481482 0.0020833333333333333 0.005555555555555556 
4 0.7161458333333334 0.5481481481481482 0.0020833333333333333 0.005555555555555556 
8 0.7182291666666667 0.5481481481481482 0.0020833333333333333 0.005555555555555556 
5 0.7213541666666667 0.5481481481481482 0.0020833333333333333 0.005555555555555556 
6 0.7234375000000001 0.5481481481481482 0.0020833333333333333 0.005555555555555556 
11 0.7255208333333334 0.5481481481481482 0.0020833333333333333 0.005555555555555556 
