28 0.41119512827908794 0.16923049455739853 0.08229166666666667 0.18333333333333332 
21 0.053201448454245154 0.7680703370716012 0.027083333333333334 0.07592592592592592 
21 0.2670681729643272 0.5667017423476003 0.04635416666666667 0.13148148148148148 
8 0.8099272318296333 0.8515377211246198 0.0515625 0.14537037037037037 
31 0.05240999705506352 0.17564583032157605 0.06458333333333334 0.1638888888888889 
36 0.16326057506449348 0.23143589405728604 0.058333333333333334 0.13333333333333333 
35 0.5437895428257011 0.5142910619613088 0.005208333333333333 0.011111111111111112 
16 0.1461614247103439 0.2030678724408972 0.022395833333333334 0.05185185185185185 
4 0.70212129516675 0.41312956316485683 0.0078125 0.021296296296296296 
4 0.22236683215874642 0.7541921507272071 0.049479166666666664 0.1388888888888889 
20 0.2845896025210848 0.8646325603069763 0.0078125 0.04259259259259259 
23 0.6904540064365993 0.5643102359293432 0.034895833333333334 0.08796296296296297 
11 0.8661296600668501 0.7900450802333864 0.05625 0.16018518518518518 
27 0.7919019476240375 0.32373411391959317 0.0671875 0.15555555555555556 
10 0.7321900610694683 0.8138486931989479 0.04895833333333333 0.1388888888888889 
31 0.2643060772297393 0.2855147279947024 0.040625 0.1037037037037037 
22 0.4610104969597278 0.30700029651445127 0.06197916666666667 0.13333333333333333 
31 0.7429359665160109 0.7876020239227427 0.050520833333333334 0.1287037037037037 
34 0.6615414870977299 0.8279084625899316 0.0203125 0.03333333333333333 
23 0.6317529991108441 0.7145297314281688 0.007291666666666667 0.018518518518518517 
29 0.5299720968877992 0.15643311859556935 0.0515625 0.1111111111111111 
9 0.37789777911112254 0.22945761879411083 0.053125 0.14537037037037037 
6 0.0462115495204755 0.24954761342803639 0.05572916666666667 0.15648148148148147 
7 0.41343465779574734 0.21838659213483003 0.025520833333333333 0.0712962962962963 
4 0.6444975898928791 0.7444536314169812 0.0546875 0.1537037037037037 
35 0.4116935198946237 0.8460208141537328 0.034375 0.07962962962962963 
