0 0.4669270833333333 0.7296296296296296 0.43697916666666664 0.17777777777777778
1 0.6286458333333333 0.29444444444444445 0.4083333333333333 0.512962962962963
12 0.5096354166666667 0.2689814814814815 0.0171875 0.03611111111111111 
16 0.5260416666666666 0.2689814814814815 0.015625 0.03611111111111111 
15 0.5424479166666666 0.2689814814814815 0.0171875 0.03611111111111111 
3 0.5653645833333333 0.2685185185185185 0.013020833333333334 0.037037037037037035 
8 0.5783854166666667 0.2689814814814815 0.013020833333333334 0.03796296296296296 
9 0.5914062499999999 0.2689814814814815 0.013020833333333334 0.03611111111111111 
3 0.6122395833333333 0.2685185185185185 0.013020833333333334 0.037037037037037035 
11 0.6252604166666667 0.2689814814814815 0.013020833333333334 0.03796296296296296 
9 0.6382812499999999 0.2689814814814815 0.013020833333333334 0.03611111111111111 
9 0.6591145833333333 0.2689814814814815 0.013020833333333334 0.03611111111111111 
4 0.6721354166666667 0.2685185185185185 0.013020833333333334 0.037037037037037035 
9 0.6851562499999999 0.2689814814814815 0.013020833333333334 0.03611111111111111 
