0 0.7502604166666668 0.2523148148148148 0.2484375 0.10092592592592593
1 0.4703125 0.39490740740740743 0.23229166666666667 0.2916666666666667
29 0.4028645833333333 0.38055555555555554 0.009895833333333333 0.020370370370370372 
28 0.4125 0.3814814814814815 0.010416666666666666 0.022222222222222223 
24 0.42317708333333337 0.38055555555555554 0.0109375 0.020370370370370372 
10 0.43645833333333334 0.38055555555555554 0.007291666666666667 0.020370370370370372 
7 0.44375000000000003 0.38055555555555554 0.007291666666666667 0.020370370370370372 
8 0.4510416666666667 0.38055555555555554 0.007291666666666667 0.020370370370370372 
4 0.4625 0.38055555555555554 0.007291666666666667 0.020370370370370372 
3 0.46979166666666666 0.38055555555555554 0.007291666666666667 0.020370370370370372 
4 0.47708333333333336 0.38055555555555554 0.007291666666666667 0.020370370370370372 
2 0.4885416666666667 0.38055555555555554 0.007291666666666667 0.020370370370370372 
5 0.49583333333333335 0.38055555555555554 0.007291666666666667 0.020370370370370372 
6 0.5031249999999999 0.38055555555555554 0.007291666666666667 0.020370370370370372 
