0 0.21354166666666666 0.5217592592592593 0.33229166666666665 0.13425925925925927
1 0.4184895833333333 0.3199074074074074 0.3098958333333333 0.38981481481481484
25 0.32786458333333335 0.30092592592592593 0.013020833333333334 0.027777777777777776 
13 0.34088541666666666 0.30092592592592593 0.013020833333333334 0.027777777777777776 
30 0.3533854166666667 0.30092592592592593 0.011979166666666667 0.027777777777777776 
8 0.37005208333333334 0.30092592592592593 0.009895833333333333 0.027777777777777776 
7 0.37994791666666666 0.30092592592592593 0.009895833333333333 0.027777777777777776 
6 0.38984375 0.30092592592592593 0.009895833333333333 0.027777777777777776 
3 0.40546875 0.30092592592592593 0.009895833333333333 0.027777777777777776 
7 0.4153645833333333 0.30092592592592593 0.009895833333333333 0.027777777777777776 
4 0.42526041666666664 0.30092592592592593 0.009895833333333333 0.027777777777777776 
4 0.44088541666666664 0.30092592592592593 0.009895833333333333 0.027777777777777776 
11 0.45078125 0.30092592592592593 0.009895833333333333 0.027777777777777776 
6 0.46067708333333335 0.30092592592592593 0.009895833333333333 0.027777777777777776 
