28 0.5336870224965717 0.505916462731248 0.06510416666666667 0.14444444444444443 
31 0.5629834747596075 0.7583189237267478 0.0359375 0.09074074074074075 
18 0.6341687243120497 0.4404743123744513 0.08125 0.1675925925925926 
5 0.432379509457528 0.43202978247296187 0.041666666666666664 0.11851851851851852 
2 0.4660914775526098 0.8495870686788997 0.0609375 0.17314814814814813 
32 0.1721170280309841 0.9262977965883166 0.00625 0.013888888888888888 
34 0.6294792923979146 0.5141094581715853 0.0515625 0.08425925925925926 
8 0.21647016313107256 0.7673091456193983 0.0625 0.17777777777777778 
30 0.4118557475049222 0.48850700369459804 0.04791666666666667 0.11481481481481481 
27 0.41210911381978554 0.13510568734679815 0.06614583333333333 0.1537037037037037 
20 0.6546663870501833 0.16537058142188882 0.0046875 0.026851851851851852 
19 0.1429337850904003 0.23709306284389164 0.06666666666666667 0.14351851851851852 
7 0.5248184425398011 0.26458992774893964 0.018229166666666668 0.05092592592592592 
6 0.09655915180284153 0.24621962500819974 0.017708333333333333 0.05 
20 0.30659210962510886 0.8385795345571804 0.0036458333333333334 0.020370370370370372 
28 0.7418759015050256 0.8430374083600449 0.03802083333333333 0.08425925925925926 
29 0.17564008155228697 0.9519613938495111 0.00625 0.012962962962962963 
12 0.7486660976948486 0.29580214541719896 0.065625 0.14074074074074075 
36 0.041198199958628855 0.3897352792823267 0.030208333333333334 0.06851851851851852 
19 0.6816423014984259 0.712112875024785 0.0609375 0.13055555555555556 
15 0.9199811502700853 0.10383910387004369 0.022395833333333334 0.04814814814814815 
5 0.8938850848697732 0.16187009679433434 0.0609375 0.17314814814814813 
30 0.14059367006720414 0.6574021751580971 0.07239583333333334 0.17407407407407408 
21 0.7532513770587934 0.5106144541597347 0.0390625 0.11018518518518519 
35 0.8005703145180268 0.6773395622919166 0.04739583333333333 0.10925925925925926 
18 0.0916706055542478 0.38945977072280696 0.057291666666666664 0.1175925925925926 
23 0.9107413301454915 0.5382799110177915 0.0578125 0.14629629629629629 
8 0.8455298372705297 0.676683771641935 0.025 0.07037037037037037 
31 0.34211970060093166 0.4217967529232866 0.0671875 0.17037037037037037 
16 0.9463708064831905 0.06439150067117758 0.03229166666666667 0.07592592592592592 
36 0.5984446244650504 0.8415295759282392 0.07552083333333333 0.17407407407407408 
30 0.35660310880830187 0.11596460259985047 0.05520833333333333 0.13148148148148148 
35 0.25709098595932806 0.9071545088390721 0.034895833333333334 0.08055555555555556 
30 0.5926364107254904 0.9166456188496577 0.019791666666666666 0.04814814814814815 
