0 0.2526041666666667 0.3773148148148148 0.44583333333333336 0.18055555555555555
1 0.6940104166666667 0.27175925925925926 0.4161458333333333 0.5231481481481481
25 0.57265625 0.2462962962962963 0.0171875 0.037037037037037035 
29 0.58984375 0.2462962962962963 0.0171875 0.037037037037037035 
28 0.6078125 0.2476851851851852 0.01875 0.041666666666666664 
6 0.6317708333333333 0.24583333333333335 0.013541666666666667 0.03796296296296296 
3 0.6453125 0.24583333333333335 0.013541666666666667 0.03796296296296296 
6 0.6588541666666666 0.24583333333333335 0.013541666666666667 0.03796296296296296 
7 0.6802083333333333 0.24675925925925926 0.013541666666666667 0.03796296296296296 
11 0.69375 0.2462962962962963 0.013541666666666667 0.03888888888888889 
2 0.7072916666666667 0.2462962962962963 0.013541666666666667 0.03888888888888889 
2 0.7286458333333333 0.2462962962962963 0.013541666666666667 0.03888888888888889 
11 0.7421875 0.2462962962962963 0.013541666666666667 0.03888888888888889 
4 0.7557291666666666 0.24583333333333335 0.013541666666666667 0.03796296296296296 
