28 0.8979592227120275 0.7753350748453708 0.009375 0.020370370370370372 
34 0.9766206649898482 0.6571989429740647 0.008333333333333333 0.012962962962962963 
37 0.3262982441402016 0.8596655061035042 0.057291666666666664 0.14537037037037037 
19 0.4351941344153768 0.4374796776110974 0.05260416666666667 0.11296296296296296 
7 0.8627489908146598 0.5591309796727835 0.024479166666666666 0.06851851851851852 
31 0.898759358664776 0.662396038757254 0.06614583333333333 0.1685185185185185 
6 0.792844476942294 0.3919171972842853 0.044270833333333336 0.12314814814814815 
16 0.6886797001274116 0.5972871067098642 0.0671875 0.15648148148148147 
21 0.047344229411861206 0.6637838019516731 0.05572916666666667 0.15833333333333333 
22 0.08825364138038978 0.12517718463390645 0.0296875 0.06388888888888888 
7 0.4684630347443721 0.5633711549566238 0.0203125 0.05648148148148148 
4 0.2603834645240677 0.14076758672055312 0.059895833333333336 0.1685185185185185 
33 0.4271131642748634 0.12874628775995267 0.0328125 0.07592592592592592 
11 0.07449102024318088 0.5072497140576251 0.022916666666666665 0.06481481481481481 
24 0.3787198421183937 0.5523357069227104 0.06875 0.12777777777777777 
12 0.06311428268302105 0.5075431413857528 0.020833333333333332 0.044444444444444446 
23 0.2427951802093857 0.8394769782623496 0.04895833333333333 0.12407407407407407 
36 0.38018839458716147 0.13245004927131415 0.005208333333333333 0.010185185185185186 
36 0.15435458092924137 0.15131403907194677 0.07760416666666667 0.1787037037037037 
18 0.2783833328348004 0.5315308041166791 0.07135416666666666 0.14537037037037037 
5 0.6356508629326691 0.06465618960001233 0.021354166666666667 0.06018518518518518 
27 0.6757346405961004 0.6419477772664391 0.046875 0.10925925925925926 
32 0.17130731033325314 0.30418286730791383 0.0671875 0.14629629629629629 
19 0.37630937613499243 0.6394525785046193 0.049479166666666664 0.10648148148148148 
30 0.48446790096822506 0.5561712799018694 0.06510416666666667 0.1574074074074074 
35 0.8784280594886441 0.41485774584992946 0.04114583333333333 0.09537037037037037 
