0 0.5153645833333333 0.6425925925925926 0.5713541666666667 0.23148148148148148
1 0.38541666666666663 0.3740740740740741 0.5333333333333333 0.6703703703703704
37 0.228125 0.34074074074074073 0.01875 0.04814814814814815 
18 0.24947916666666667 0.3407407407407408 0.023958333333333335 0.05 
36 0.2716145833333333 0.34074074074074073 0.021354166666666667 0.04814814814814815 
2 0.30078125 0.3412037037037037 0.0171875 0.049074074074074076 
2 0.31796875 0.3412037037037037 0.0171875 0.049074074074074076 
2 0.33515625 0.3412037037037037 0.0171875 0.049074074074074076 
4 0.3627604166666667 0.34074074074074073 0.0171875 0.04814814814814815 
7 0.37994791666666666 0.3416666666666667 0.0171875 0.04814814814814815 
2 0.3971354166666667 0.3412037037037037 0.0171875 0.049074074074074076 
6 0.42473958333333334 0.34074074074074073 0.0171875 0.04814814814814815 
11 0.44192708333333336 0.3412037037037037 0.0171875 0.049074074074074076 
6 0.4591145833333333 0.34074074074074073 0.0171875 0.04814814814814815 
