0 0.6518229166666667 0.20277777777777778 0.3338541666666667 0.13518518518518519
1 0.4200520833333333 0.6921296296296297 0.31197916666666664 0.39166666666666666
36 0.32890625 0.673148148148148 0.013020833333333334 0.027777777777777776 
26 0.3419270833333333 0.673148148148148 0.0140625 0.027777777777777776 
12 0.35546875 0.673148148148148 0.013020833333333334 0.027777777777777776 
4 0.37265625 0.673148148148148 0.009895833333333333 0.027777777777777776 
8 0.38255208333333335 0.673148148148148 0.009895833333333333 0.027777777777777776 
5 0.3924479166666667 0.673148148148148 0.009895833333333333 0.027777777777777776 
8 0.4080729166666667 0.673148148148148 0.009895833333333333 0.027777777777777776 
2 0.41796875 0.673148148148148 0.009895833333333333 0.027777777777777776 
4 0.4278645833333333 0.673148148148148 0.009895833333333333 0.027777777777777776 
2 0.4434895833333333 0.673148148148148 0.009895833333333333 0.027777777777777776 
9 0.45338541666666665 0.673148148148148 0.009895833333333333 0.027777777777777776 
3 0.46328125 0.673148148148148 0.009895833333333333 0.027777777777777776 
