28 0.1890036891377659 0.34387607500562556 0.049479166666666664 0.1111111111111111 
37 0.8990670935013139 0.33174810704264773 0.06197916666666667 0.1574074074074074 
21 0.7066368798466391 0.48558635557123897 0.04635416666666667 0.13148148148148148 
5 0.8977045507608136 0.7219777347851716 0.04739583333333333 0.13425925925925927 
10 0.43724419749803656 0.735170192217795 0.0203125 0.05740740740740741 
9 0.45406035857254323 0.5985809728627276 0.019270833333333334 0.053703703703703705 
36 0.7888433550137792 0.3044030437644636 0.0484375 0.1111111111111111 
11 0.05567218476806687 0.7052958410176129 0.015625 0.04537037037037037 
34 0.8491049697018037 0.09313200860454003 0.05416666666666667 0.08888888888888889 
9 0.6419710254143948 0.3555091313454359 0.03125 0.08611111111111111 
8 0.5639029222336005 0.7000535186388556 0.044270833333333336 0.1259259259259259 
32 0.2469264651164912 0.882999800376078 0.06302083333333333 0.13796296296296295 
8 0.7338552294316488 0.9334086067784815 0.030729166666666665 0.08611111111111111 
7 0.5062337305773035 0.8804434822390005 0.0109375 0.030555555555555555 
6 0.6463258207587732 0.7170953870506909 0.036458333333333336 0.10277777777777777 
35 0.29383342480821534 0.26254413799742815 0.05416666666666667 0.125 
13 0.5779405087054619 0.2202120226017808 0.03229166666666667 0.06944444444444445 
13 0.34388145975405054 0.3302098884886251 0.03177083333333333 0.06851851851851852 
21 0.18891367331606784 0.4709233596350175 0.0375 0.10648148148148148 
14 0.45651937972598106 0.7958503090933234 0.0067708333333333336 0.014814814814814815 
