29 0.8592272813563326 0.6128292872374503 0.06666666666666667 0.14351851851851852 
5 0.15280839916278388 0.3185633448344013 0.05260416666666667 0.14814814814814814 
22 0.28077749176565614 0.09462093889472364 0.0390625 0.08333333333333333 
28 0.35561115317660963 0.28678392881974035 0.057291666666666664 0.12685185185185185 
13 0.41425768413920155 0.7787499747379578 0.08177083333333333 0.17592592592592593 
31 0.35543468944794504 0.6831645022032672 0.06875 0.17407407407407408 
12 0.8994499416908934 0.892985457549547 0.004166666666666667 0.008333333333333333 
10 0.7030645806664091 0.11769109667242945 0.043229166666666666 0.12222222222222222 
6 0.8361182117392458 0.4509938842277702 0.027604166666666666 0.07685185185185185 
2 0.8505624512865851 0.3503295665418745 0.06145833333333333 0.175 
10 0.4684619770382679 0.8928606167045603 0.027083333333333334 0.07685185185185185 
6 0.22728048673971316 0.9403428265869391 0.027604166666666666 0.07685185185185185 
23 0.08186856446138915 0.6933081253870625 0.053125 0.13425925925925927 
14 0.861988855843849 0.3270435356371537 0.08020833333333334 0.17777777777777778 
22 0.7901783065908258 0.4737179016442461 0.0046875 0.010185185185185186 
7 0.5438792244721211 0.33655860704861085 0.05416666666666667 0.15185185185185185 
31 0.20229557936779582 0.14697333164989718 0.028645833333333332 0.07314814814814814 
2 0.833530679212602 0.5338702952965041 0.036458333333333336 0.1037037037037037 
10 0.819212706616485 0.3161562825622263 0.04895833333333333 0.13796296296296295 
