29 0.8544100781725759 0.8604127408836254 0.018229166666666668 0.03888888888888889 
9 0.41367048627761543 0.9086878006176486 0.05520833333333333 0.1527777777777778 
15 0.8402152797540705 0.32160543664759955 0.058333333333333334 0.1259259259259259 
12 0.9091218523002832 0.6751520670585206 0.04375 0.09351851851851851 
6 0.2097556974579429 0.9233269372363045 0.007291666666666667 0.020370370370370372 
7 0.17438470398355857 0.41748978511362517 0.03125 0.08703703703703704 
17 0.33619750750296046 0.4932350768115187 0.050520833333333334 0.1287037037037037 
19 0.17224916069618781 0.6438570217277992 0.042708333333333334 0.09259259259259259 
24 0.30055339179618634 0.39781560108174724 0.03854166666666667 0.07222222222222222 
17 0.46827983033160286 0.41558705392567935 0.050520833333333334 0.12777777777777777 
28 0.3668157567610991 0.4702760349263445 0.0171875 0.03888888888888889 
17 0.4113100131670658 0.8869308424472306 0.053125 0.13518518518518519 
35 0.5098924245458571 0.8266683275377056 0.021875 0.05 
15 0.036520886998697225 0.12906850166344508 0.059375 0.12777777777777777 
9 0.46745114097696094 0.6749445327305641 0.0640625 0.17592592592592593 
19 0.23109744708771296 0.5395981494287878 0.007291666666666667 0.014814814814814815 
32 0.46827168489681836 0.475029027149658 0.025520833333333333 0.05555555555555555 
28 0.8200658983700724 0.6733922610525821 0.065625 0.14629629629629629 
20 0.09741084262660428 0.389461572627117 0.028645833333333332 0.15925925925925927 
3 0.5176650126113707 0.518556106913535 0.06302083333333333 0.17685185185185184 
24 0.83518532424287 0.35014466210741996 0.015625 0.02962962962962963 
26 0.38103816929736684 0.5580567561125652 0.025520833333333333 0.05185185185185185 
22 0.6030858172514267 0.1268657920097639 0.05677083333333333 0.12129629629629629 
24 0.16960272376440316 0.7469586947910237 0.09270833333333334 0.17314814814814813 
27 0.7395799652523513 0.6533753328558022 0.05572916666666667 0.12962962962962962 
28 0.7769635636684299 0.09050666507541828 0.019791666666666666 0.044444444444444446 
8 0.6587072147820653 0.21606035901722578 0.04635416666666667 0.13148148148148148 
31 0.2660397276159367 0.6190477301758015 0.04791666666666667 0.12129629629629629 
22 0.10356091891829884 0.4864448167080066 0.0296875 0.06388888888888888 
36 0.7017564612826122 0.37388623159403045 0.0484375 0.1111111111111111 
37 0.5083362903056547 0.2005773043660316 0.03177083333333333 0.08055555555555556 
33 0.667888151299713 0.4439475018647373 0.05 0.11574074074074074 
24 0.06547620047767183 0.33970591911581827 0.05677083333333333 0.10648148148148148 
24 0.16073086235314432 0.37116040803815037 0.007291666666666667 0.012962962962962963 
27 0.8293154496516187 0.6644554347569667 0.04114583333333333 0.09537037037037037 
