29 0.6225883737672486 0.1658505609097125 0.06458333333333334 0.1388888888888889 
10 0.2990857848620113 0.5869758540010201 0.03177083333333333 0.08888888888888889 
32 0.4681337710704138 0.3180443432543266 0.078125 0.1712962962962963 
31 0.9032552705914121 0.4746470048357651 0.03802083333333333 0.0962962962962963 
4 0.351061350931498 0.8619118375263163 0.04583333333333333 0.12777777777777777 
32 0.9427599933320175 0.6510291547201721 0.0036458333333333334 0.007407407407407408 
19 0.11163339614362111 0.3487833343886305 0.004166666666666667 0.009259259259259259 
5 0.0906949778428007 0.4082135201777545 0.059375 0.16944444444444445 
24 0.27179423783553497 0.3400030913573445 0.016145833333333335 0.030555555555555555 
14 0.6574720772244474 0.037600745764926606 0.010416666666666666 0.022222222222222223 
16 0.45369749885020566 0.6212814328873566 0.0234375 0.05462962962962963 
13 0.8440530110791401 0.4071815441132394 0.03854166666666667 0.0824074074074074 
7 0.6116943379765063 0.294544647767667 0.04114583333333333 0.11481481481481481 
24 0.5002901476946134 0.7685805235608785 0.009375 0.017592592592592594 
14 0.8279609590011138 0.3102018825062304 0.04895833333333333 0.10925925925925926 
10 0.4487926356525544 0.5432794647803433 0.059895833333333336 0.1712962962962963 
14 0.4902589576802098 0.7342888142578894 0.0703125 0.15648148148148147 
30 0.9523708939751013 0.7648977837085863 0.011458333333333333 0.026851851851851852 
24 0.7343621191903633 0.7769340970455143 0.09479166666666666 0.17592592592592593 
13 0.04021512371462092 0.701518992218893 0.059375 0.12685185185185185 
26 0.6753782958745245 0.45079892951092326 0.0875 0.17962962962962964 
36 0.36381975425029617 0.1641546669310301 0.029166666666666667 0.06574074074074074 
34 0.2220986049306204 0.16344628139758943 0.053125 0.08703703703703704 
17 0.07765460918249603 0.3609144164143926 0.04375 0.1111111111111111 
26 0.6798727820505746 0.21527124872470982 0.08385416666666666 0.17314814814814813 
11 0.16034242938907703 0.6291277207680628 0.008333333333333333 0.024074074074074074 
27 0.3360456792143048 0.31383169182714454 0.0625 0.14537037037037037 
34 0.3256221544732072 0.41806054639470586 0.08541666666666667 0.1398148148148148 
21 0.6950205332635279 0.9365496682559712 0.03333333333333333 0.09351851851851851 
6 0.5212927592434874 0.7465051165366634 0.051041666666666666 0.14166666666666666 
19 0.6888616926199609 0.6523005279201258 0.011458333333333333 0.024074074074074074 
16 0.2891708781871056 0.9472453422470853 0.024479166666666666 0.05740740740740741 
30 0.2866697081795653 0.2286680602314111 0.0375 0.08888888888888889 
5 0.4772819982106615 0.47856739240241064 0.0265625 0.07407407407407407 
36 0.05045146081842805 0.8858281094630073 0.0609375 0.1398148148148148 
36 0.8645028868072827 0.8794417650263877 0.049479166666666664 0.11296296296296296 
