0 0.6226562499999999 0.5814814814814815 0.5848958333333333 0.23703703703703705
1 0.31744791666666666 0.48148148148148145 0.5463541666666667 0.687037037037037
20 0.15130208333333334 0.4476851851851852 0.008854166666666666 0.049074074074074076 
17 0.16536458333333334 0.4476851851851852 0.019270833333333334 0.049074074074074076 
24 0.18828124999999998 0.4476851851851852 0.0265625 0.049074074074074076 
3 0.22083333333333333 0.4476851851851852 0.017708333333333333 0.049074074074074076 
3 0.23854166666666665 0.4476851851851852 0.017708333333333333 0.049074074074074076 
10 0.25625000000000003 0.4481481481481482 0.017708333333333333 0.05 
8 0.284375 0.4481481481481482 0.017708333333333333 0.05 
8 0.3020833333333333 0.4481481481481482 0.017708333333333333 0.05 
9 0.31979166666666664 0.44814814814814813 0.017708333333333333 0.04814814814814815 
11 0.34791666666666665 0.4481481481481482 0.017708333333333333 0.05 
10 0.365625 0.4481481481481482 0.017708333333333333 0.05 
11 0.3833333333333333 0.4481481481481482 0.017708333333333333 0.05 
