0 0.16692708333333334 0.25 0.15260416666666668 0.06111111111111111
1 0.24635416666666665 0.36388888888888893 0.14270833333333333 0.17962962962962964
33 0.20442708333333334 0.3537037037037037 0.005729166666666666 0.012962962962962963 
15 0.20963541666666666 0.3537037037037037 0.005729166666666666 0.012962962962962963 
12 0.21562499999999998 0.3537037037037037 0.00625 0.012962962962962963 
3 0.22317708333333333 0.3537037037037037 0.0046875 0.012962962962962963 
4 0.22786458333333334 0.3537037037037037 0.0046875 0.012962962962962963 
4 0.23255208333333333 0.3537037037037037 0.0046875 0.012962962962962963 
3 0.23984375 0.3537037037037037 0.0046875 0.012962962962962963 
9 0.24453125 0.3537037037037037 0.0046875 0.012962962962962963 
10 0.24921875000000002 0.3537037037037037 0.0046875 0.012962962962962963 
5 0.25651041666666663 0.3537037037037037 0.0046875 0.012962962962962963 
7 0.26119791666666664 0.3537037037037037 0.0046875 0.012962962962962963 
4 0.26588541666666665 0.3537037037037037 0.0046875 0.012962962962962963 
