0 0.27604166666666663 0.548148148148148 0.16979166666666667 0.06851851851851852
1 0.07943708333333332 0.5699074074074074 0.15885416666666666 0.19907407407407407
25 0.03125 0.5597222222222222 0.00625 0.013888888888888888 
18 0.03776041666666667 0.5597222222222222 0.0067708333333333336 0.013888888888888888 
22 0.04453125 0.5597222222222222 0.0067708333333333336 0.013888888888888888 
3 0.053125 0.5597222222222222 0.005208333333333333 0.013888888888888888 
6 0.058333333333333334 0.5597222222222222 0.005208333333333333 0.013888888888888888 
6 0.06354166666666666 0.5597222222222222 0.005208333333333333 0.013888888888888888 
9 0.07187500000000001 0.5597222222222222 0.005208333333333333 0.013888888888888888 
3 0.07708333333333334 0.5597222222222222 0.005208333333333333 0.013888888888888888 
10 0.08229166666666667 0.5597222222222222 0.005208333333333333 0.013888888888888888 
3 0.09062500000000001 0.5597222222222222 0.005208333333333333 0.013888888888888888 
6 0.09583333333333334 0.5597222222222222 0.005208333333333333 0.013888888888888888 
4 0.10104166666666667 0.5597222222222222 0.005208333333333333 0.013888888888888888 
