0 0.15651041666666668 0.5606481481481482 0.018229166666666668 0.006481481481481481
1 0.06119791666666667 0.6097222222222223 0.0171875 0.021296296296296296
13 0.05625 0.6083333333333333 0.0010416666666666667 0.001851851851851852 
37 0.05651041666666667 0.6083333333333333 0.0005208333333333333 0.001851851851851852 
14 0.057291666666666664 0.6087962962962963 0.0010416666666666667 0.002777777777777778 
11 0.05807291666666667 0.6087962962962963 0.0005208333333333333 0.002777777777777778 
7 0.05859375 0.6087962962962963 0.0005208333333333333 0.002777777777777778 
5 0.05911458333333333 0.6087962962962963 0.0005208333333333333 0.002777777777777778 
7 0.06015625 0.6087962962962963 0.0005208333333333333 0.002777777777777778 
7 0.06067708333333333 0.6087962962962963 0.0005208333333333333 0.002777777777777778 
9 0.061197916666666664 0.6083333333333333 0.0005208333333333333 0.001851851851851852 
5 0.062239583333333334 0.6087962962962963 0.0005208333333333333 0.002777777777777778 
11 0.06276041666666667 0.6087962962962963 0.0005208333333333333 0.002777777777777778 
11 0.06328125 0.6087962962962963 0.0005208333333333333 0.002777777777777778 
