0 0.40598958333333335 0.27314814814814814 0.0703125 0.027777777777777776
1 0.7979166666666667 0.3680555555555555 0.065625 0.0824074074074074
13 0.7783854166666667 0.3638888888888889 0.0026041666666666665 0.005555555555555556 
34 0.7815104166666667 0.3638888888888889 0.0036458333333333334 0.005555555555555556 
26 0.7841145833333334 0.3638888888888889 0.0026041666666666665 0.005555555555555556 
4 0.7875000000000001 0.3638888888888889 0.0020833333333333333 0.005555555555555556 
6 0.7895833333333334 0.3638888888888889 0.0020833333333333333 0.005555555555555556 
11 0.7916666666666667 0.3638888888888889 0.0020833333333333333 0.005555555555555556 
8 0.7947916666666667 0.3638888888888889 0.0020833333333333333 0.005555555555555556 
2 0.796875 0.3638888888888889 0.0020833333333333333 0.005555555555555556 
2 0.7989583333333334 0.3638888888888889 0.0020833333333333333 0.005555555555555556 
8 0.8020833333333334 0.3638888888888889 0.0020833333333333333 0.005555555555555556 
5 0.8041666666666667 0.3638888888888889 0.0020833333333333333 0.005555555555555556 
8 0.80625 0.3638888888888889 0.0020833333333333333 0.005555555555555556 
