29 0.5362382568079378 0.9103782036055152 0.06302083333333333 0.13518518518518519 
17 0.4567124091905344 0.2050397115894729 0.0375 0.09537037037037037 
19 0.5527755715885483 0.4635158012543761 0.051041666666666666 0.10925925925925926 
37 0.18541266769744968 0.7575944122737881 0.059895833333333336 0.15185185185185185 
30 0.8271267734843655 0.07238370669836752 0.0375 0.08888888888888889 
29 0.7579252416139242 0.29648348955314674 0.007291666666666667 0.014814814814814815 
22 0.13816258817115562 0.298632534099382 0.014583333333333334 0.030555555555555555 
11 0.10089812073903984 0.20853311158764723 0.050520833333333334 0.1425925925925926 
10 0.6114355313807703 0.13151513434077092 0.008333333333333333 0.022222222222222223 
14 0.7919507614897134 0.2490645059505679 0.011458333333333333 0.024074074074074074 
29 0.27673399071165716 0.44434785738576066 0.07083333333333333 0.15185185185185185 
8 0.590832650713855 0.7970478275808229 0.05520833333333333 0.1574074074074074 
21 0.7744369159925796 0.2634804585180598 0.004166666666666667 0.011111111111111112 
9 0.6411699831119613 0.3877254206426096 0.05416666666666667 0.14907407407407408 
32 0.45916569060653906 0.32349445306093283 0.0359375 0.0787037037037037 
