0 0.7473958333333333 0.5347222222222222 0.31875 0.1287037037037037
1 0.3643229166666667 0.19166666666666665 0.29739583333333336 0.37407407407407406
34 0.2794270833333333 0.1726851851851852 0.016145833333333335 0.026851851851851852 
35 0.29322916666666665 0.1726851851851852 0.011458333333333333 0.026851851851851852 
19 0.3052083333333333 0.1726851851851852 0.0125 0.026851851851851852 
11 0.321875 0.17314814814814813 0.009375 0.025925925925925925 
3 0.33125 0.17314814814814813 0.009375 0.025925925925925925 
2 0.340625 0.17314814814814813 0.009375 0.025925925925925925 
9 0.35572916666666665 0.17314814814814813 0.009375 0.025925925925925925 
5 0.3651041666666667 0.17314814814814813 0.009375 0.025925925925925925 
7 0.3744791666666667 0.17314814814814813 0.009375 0.025925925925925925 
6 0.38958333333333334 0.17314814814814813 0.009375 0.025925925925925925 
6 0.39895833333333336 0.17314814814814813 0.009375 0.025925925925925925 
4 0.4083333333333333 0.17314814814814813 0.009375 0.025925925925925925 
