0 0.36067708333333337 0.5685185185185185 0.3484375 0.14074074074074075
1 0.7721354166666666 0.5509259259259259 0.3255208333333333 0.40925925925925927
27 0.6765625 0.5305555555555556 0.0125 0.02962962962962963 
20 0.6854166666666667 0.5305555555555556 0.005208333333333333 0.02962962962962963 
12 0.6947916666666666 0.5305555555555556 0.013541666666666667 0.02962962962962963 
2 0.7130208333333333 0.5310185185185186 0.010416666666666666 0.028703703703703703 
9 0.7234375000000001 0.5310185185185186 0.010416666666666666 0.028703703703703703 
7 0.7338541666666667 0.5310185185185186 0.010416666666666666 0.028703703703703703 
8 0.7505208333333334 0.5310185185185186 0.010416666666666666 0.028703703703703703 
11 0.7609375 0.5310185185185186 0.010416666666666666 0.028703703703703703 
9 0.7713541666666667 0.5310185185185186 0.010416666666666666 0.028703703703703703 
5 0.7880208333333334 0.5310185185185186 0.010416666666666666 0.028703703703703703 
8 0.7984375 0.5310185185185186 0.010416666666666666 0.028703703703703703 
7 0.8088541666666667 0.5310185185185186 0.010416666666666666 0.028703703703703703 
