29 0.051381114894212876 0.8219753723007717 0.033854166666666664 0.07314814814814814 
22 0.6235886047955057 0.6730197769123621 0.0390625 0.08425925925925926 
13 0.5250410750841075 0.2813187627610295 0.059375 0.12685185185185185 
33 0.40528901678222445 0.9386867336149172 0.04375 0.10185185185185185 
2 0.45299748588116345 0.8593215294709683 0.040625 0.11574074074074074 
15 0.04734355090297464 0.8906067223414686 0.051041666666666666 0.11018518518518519 
10 0.7838174758614668 0.8437477730030278 0.013020833333333334 0.03796296296296296 
24 0.89841911779296 0.871319814180374 0.075 0.1398148148148148 
34 0.6984575267042382 0.8697026214959841 0.019791666666666666 0.032407407407407406 
23 0.38580490844571064 0.02907094645490256 0.008854166666666666 0.022222222222222223 
19 0.41984939967310214 0.8956113653632015 0.009895833333333333 0.021296296296296296 
9 0.31683200545718365 0.7211548235203927 0.0125 0.03425925925925926 
16 0.12552320193180966 0.19840194770292335 0.0078125 0.017592592592592594 
27 0.27182364803095244 0.8386126509473515 0.0359375 0.08333333333333333 
15 0.7378101652776035 0.5544188290749227 0.040625 0.08703703703703704 
5 0.20977075848857488 0.6782772130929342 0.028645833333333332 0.08055555555555556 
36 0.2986709031455491 0.302348004156821 0.0390625 0.08888888888888889 
6 0.3737213202751376 0.7416900868652644 0.0375 0.10462962962962963 
13 0.7373733083547135 0.3086030025552839 0.06875 0.14814814814814814 
13 0.4192838602398618 0.8173121961978324 0.04635416666666667 0.1 
10 0.6839853323158207 0.48778726488044644 0.0546875 0.15648148148148147 
4 0.5669473986327102 0.48734422165885816 0.042708333333333334 0.11851851851851852 
5 0.3791500201457999 0.24933411422969026 0.06197916666666667 0.17685185185185184 
36 0.35329720865305825 0.5228488051721265 0.0640625 0.14629629629629629 
34 0.20923296109000436 0.48983401987881053 0.027083333333333334 0.04351851851851852 
22 0.3490532182236529 0.7439656551591484 0.06666666666666667 0.14351851851851852 
27 0.18515757798656712 0.903118733439925 0.03854166666666667 0.08981481481481482 
31 0.03666865357910186 0.572335232742876 0.0375 0.09537037037037037 
10 0.8670976934029164 0.8761817451935509 0.0067708333333333336 0.019444444444444445 
35 0.5632328371451835 0.43583030393162575 0.0265625 0.062037037037037036 
30 0.5773756810284758 0.29123500769933197 0.0109375 0.025 
