0 0.29453125 0.33055555555555555 0.5057291666666667 0.20555555555555555
1 0.24453125 0.5013888888888889 0.47239583333333335 0.5935185185185186
36 0.10651041666666666 0.47222222222222227 0.019270833333333334 0.04259259259259259 
15 0.12552083333333333 0.47222222222222227 0.019791666666666666 0.04259259259259259 
22 0.14531249999999998 0.47222222222222227 0.019791666666666666 0.04259259259259259 
11 0.17161458333333332 0.4726851851851852 0.015104166666666667 0.04351851851851852 
5 0.18671875 0.4726851851851852 0.015104166666666667 0.04351851851851852 
10 0.20182291666666666 0.4726851851851852 0.015104166666666667 0.04351851851851852 
6 0.22578125 0.47222222222222227 0.015104166666666667 0.04259259259259259 
5 0.24088541666666666 0.4726851851851852 0.015104166666666667 0.04351851851851852 
8 0.2559895833333333 0.4726851851851852 0.015104166666666667 0.04351851851851852 
10 0.2799479166666667 0.4726851851851852 0.015104166666666667 0.04351851851851852 
4 0.2950520833333333 0.47222222222222227 0.015104166666666667 0.04259259259259259 
10 0.31015625 0.4726851851851852 0.015104166666666667 0.04351851851851852 
