29 0.25903763638083965 0.6941555080371242 0.042708333333333334 0.09166666666666666 
24 0.783901633826356 0.7270900745227296 0.052083333333333336 0.09722222222222222 
13 0.3000750102424765 0.48223723342221386 0.07604166666666666 0.1638888888888889 
15 0.6095877706279349 0.6704796926568023 0.0359375 0.07777777777777778 
21 0.8674994643672386 0.3851722376919762 0.06197916666666667 0.17685185185185184 
8 0.5728914995446281 0.1877946075992492 0.04010416666666667 0.11388888888888889 
36 0.07364546919577285 0.7505443660719682 0.050520833333333334 0.11574074074074074 
27 0.2262873398140599 0.37549624614759314 0.04635416666666667 0.10833333333333334 
11 0.25459777362091623 0.8269406741090133 0.06197916666666667 0.17592592592592593 
31 0.38220020136239735 0.48551903087407006 0.043229166666666666 0.11018518518518519 
29 0.3436468977747732 0.2618344632577503 0.07083333333333333 0.1527777777777778 
6 0.6789899684013601 0.8010430210224748 0.042708333333333334 0.11944444444444445 
10 0.8351430879661093 0.48831882014005945 0.00625 0.017592592592592594 
5 0.17986304944906864 0.8008382174873713 0.026041666666666668 0.07314814814814814 
37 0.30503962837700266 0.7837784612404417 0.0328125 0.08333333333333333 
31 0.2613412546038784 0.8341233879164183 0.058333333333333334 0.14814814814814814 
10 0.428272977879759 0.5187440471115035 0.046875 0.13333333333333333 
