0 0.7010416666666667 0.3259259259259259 0.26145833333333335 0.10555555555555556
1 0.2520833333333333 0.5384259259259259 0.24375 0.30648148148148147
23 0.18046875 0.5231481481481481 0.008854166666666666 0.022222222222222223 
16 0.18958333333333335 0.5231481481481481 0.009375 0.022222222222222223 
31 0.19869791666666667 0.5231481481481481 0.008854166666666666 0.022222222222222223 
4 0.21171875 0.5231481481481481 0.0078125 0.022222222222222223 
7 0.21953125 0.5231481481481481 0.0078125 0.022222222222222223 
3 0.22734375 0.5231481481481481 0.0078125 0.022222222222222223 
10 0.23984375 0.5231481481481481 0.0078125 0.022222222222222223 
7 0.24765625 0.5231481481481481 0.0078125 0.022222222222222223 
6 0.25546875 0.5231481481481481 0.0078125 0.022222222222222223 
2 0.26796875 0.5231481481481481 0.0078125 0.022222222222222223 
4 0.27578125 0.5231481481481481 0.0078125 0.022222222222222223 
8 0.28359375 0.5231481481481481 0.0078125 0.022222222222222223 
