0 0.3375 0.13657407407407407 0.08541666666666667 0.03425925925925926
1 0.4236979166666667 0.3712962962962963 0.0796875 0.1
26 0.4002604166666667 0.36620370370370375 0.0036458333333333334 0.006481481481481481 
27 0.403125 0.36620370370370375 0.003125 0.006481481481481481 
37 0.40546875 0.36620370370370375 0.0026041666666666665 0.006481481481481481 
10 0.40963541666666664 0.36620370370370375 0.0026041666666666665 0.006481481481481481 
2 0.4122395833333333 0.36620370370370375 0.0026041666666666665 0.006481481481481481 
5 0.41484374999999996 0.36620370370370375 0.0026041666666666665 0.006481481481481481 
6 0.41901041666666666 0.36620370370370375 0.0026041666666666665 0.006481481481481481 
3 0.4216145833333333 0.36620370370370375 0.0026041666666666665 0.006481481481481481 
11 0.42421875 0.36620370370370375 0.0026041666666666665 0.006481481481481481 
10 0.42838541666666663 0.36620370370370375 0.0026041666666666665 0.006481481481481481 
6 0.4309895833333333 0.36620370370370375 0.0026041666666666665 0.006481481481481481 
5 0.43359375 0.36620370370370375 0.0026041666666666665 0.006481481481481481 
