0 0.7986979166666667 0.475462962962963 0.21822916666666667 0.08796296296296297
1 0.6546875 0.750462962962963 0.20416666666666666 0.2564814814814815
14 0.5947916666666666 0.7375 0.008333333333333333 0.017592592592592594 
29 0.603125 0.7375 0.008333333333333333 0.017592592592592594 
34 0.6127604166666667 0.7375 0.0109375 0.017592592592592594 
5 0.625 0.7375 0.00625 0.017592592592592594 
11 0.6312500000000001 0.7375 0.00625 0.017592592592592594 
6 0.6375000000000001 0.7375 0.00625 0.017592592592592594 
10 0.6473958333333334 0.7375 0.00625 0.017592592592592594 
9 0.6536458333333334 0.7375 0.00625 0.017592592592592594 
7 0.6598958333333333 0.7375 0.00625 0.017592592592592594 
6 0.6697916666666667 0.7375 0.00625 0.017592592592592594 
3 0.6760416666666668 0.7375 0.00625 0.017592592592592594 
2 0.6822916666666667 0.7375 0.00625 0.017592592592592594 
