0 0.4591145833333333 0.04027777777777777 0.09114583333333333 0.03611111111111111
1 0.4791666666666667 0.2638888888888889 0.08541666666666667 0.10740740740740741
37 0.45364583333333336 0.25833333333333336 0.003125 0.007407407407407408 
15 0.45703125 0.25833333333333336 0.0036458333333333334 0.007407407407407408 
37 0.4604166666666667 0.25833333333333336 0.003125 0.007407407407407408 
10 0.46484375 0.25833333333333336 0.0026041666666666665 0.007407407407407408 
11 0.46744791666666663 0.25833333333333336 0.0026041666666666665 0.007407407407407408 
3 0.4700520833333333 0.25833333333333336 0.0026041666666666665 0.007407407407407408 
6 0.47421874999999997 0.25833333333333336 0.0026041666666666665 0.007407407407407408 
9 0.47682291666666665 0.25833333333333336 0.0026041666666666665 0.007407407407407408 
6 0.47942708333333334 0.25833333333333336 0.0026041666666666665 0.007407407407407408 
3 0.48359375 0.25833333333333336 0.0026041666666666665 0.007407407407407408 
11 0.4861979166666667 0.25833333333333336 0.0026041666666666665 0.007407407407407408 
9 0.4888020833333333 0.25833333333333336 0.0026041666666666665 0.007407407407407408 
