0 0.8143229166666666 0.8444444444444444 0.14635416666666667 0.05925925925925926
1 0.7239583333333334 0.7662037037037037 0.13645833333333332 0.1712962962962963
19 0.6841145833333333 0.7569444444444444 0.005729166666666666 0.012037037037037037 
24 0.6901041666666667 0.7569444444444444 0.00625 0.012037037037037037 
19 0.69609375 0.7569444444444444 0.005729166666666666 0.012037037037037037 
7 0.7036458333333333 0.7569444444444444 0.004166666666666667 0.012037037037037037 
8 0.7078125 0.7569444444444444 0.004166666666666667 0.012037037037037037 
6 0.7119791666666666 0.7569444444444444 0.004166666666666667 0.012037037037037037 
7 0.71875 0.7569444444444444 0.004166666666666667 0.012037037037037037 
7 0.7229166666666667 0.7569444444444444 0.004166666666666667 0.012037037037037037 
9 0.7270833333333333 0.7569444444444444 0.004166666666666667 0.012037037037037037 
5 0.7338541666666667 0.7569444444444444 0.004166666666666667 0.012037037037037037 
2 0.7380208333333333 0.7569444444444444 0.004166666666666667 0.012037037037037037 
9 0.7421875 0.7569444444444444 0.004166666666666667 0.012037037037037037 
