29 0.22290821533905533 0.7805293983334832 0.013020833333333334 0.027777777777777776 
32 0.19829163132439198 0.557053386017541 0.04479166666666667 0.09907407407407408 
34 0.8153853472726699 0.9225194660969207 0.04791666666666667 0.0787037037037037 
32 0.616036134567733 0.4924789125392871 0.0484375 0.10555555555555556 
12 0.5656130028305539 0.6766334226941012 0.034895833333333334 0.075 
29 0.18962065870039074 0.3887372108832631 0.07395833333333333 0.15925925925925927 
26 0.3456341504689123 0.9106531371952982 0.04114583333333333 0.08333333333333333 
26 0.2526675185890316 0.7977077725598093 0.040625 0.0824074074074074 
15 0.49631995647995464 0.2621954744498311 0.04739583333333333 0.10185185185185185 
5 0.05215101131698377 0.7104137261159014 0.0125 0.03611111111111111 
19 0.7337466938230526 0.7014521268409003 0.03125 0.06666666666666667 
9 0.3236941428255485 0.6481215311536728 0.0515625 0.14166666666666666 
26 0.4057376465951243 0.2694649928138825 0.04895833333333333 0.10092592592592593 
10 0.6322210728885896 0.8064964404172312 0.0375 0.10648148148148148 
26 0.4300265894411315 0.16395619144841844 0.08489583333333334 0.175 
27 0.6454809452997304 0.14977901211210512 0.0296875 0.06944444444444445 
34 0.1041897034417131 0.7646003603890971 0.023958333333333335 0.03888888888888889 
5 0.2098513396392624 0.33855265378149935 0.049479166666666664 0.1398148148148148 
13 0.6623911377262204 0.7509250578822956 0.028645833333333332 0.062037037037037036 
11 0.7499431047947056 0.3021842979918944 0.05 0.14166666666666666 
16 0.19301707481820926 0.16534942159771002 0.05625 0.13055555555555556 
21 0.8642246464452764 0.4839589562507208 0.021875 0.06296296296296296 
