29 0.47490100629236043 0.7440135862620051 0.0609375 0.13055555555555556 
33 0.5290416821110538 0.48665278964865194 0.05625 0.12962962962962962 
18 0.37294918171318403 0.6910064633063362 0.07395833333333333 0.15092592592592594 
35 0.7727584273789777 0.36329408517133405 0.009375 0.021296296296296296 
32 0.07225476993281603 0.7148943412021036 0.03229166666666667 0.07037037037037037 
22 0.2877386122071217 0.82997471307291 0.06354166666666666 0.1361111111111111 
20 0.6250575730981394 0.43894360546949174 0.003125 0.018518518518518517 
18 0.7980063084975856 0.737067461776105 0.0234375 0.049074074074074076 
24 0.878688354071957 0.9602240220847812 0.009375 0.017592592592592594 
14 0.08580817048603848 0.9419306516423174 0.03125 0.06944444444444445 
33 0.3020805230919168 0.8165416752345583 0.0359375 0.08333333333333333 
34 0.500256676155233 0.44767260727054264 0.046875 0.07685185185185185 
15 0.5979058564385697 0.28770153202012017 0.004166666666666667 0.008333333333333333 
24 0.765194883232996 0.4760892926118892 0.004166666666666667 0.008333333333333333 
10 0.142982514054249 0.537516837178866 0.0515625 0.14629629629629629 
4 0.15518638830413528 0.8089815031194534 0.016666666666666666 0.046296296296296294 
9 0.8002013092918814 0.7775449218663534 0.008333333333333333 0.022222222222222223 
21 0.05980930177105354 0.2282892299141158 0.0265625 0.075 
18 0.6891511466924448 0.9789302259986654 0.014583333333333334 0.02962962962962963 
18 0.3380253369958966 0.1710075325862368 0.020833333333333332 0.04351851851851852 
17 0.6373918907485046 0.6039087082586047 0.042708333333333334 0.10833333333333334 
20 0.3558813328410263 0.4705070735432192 0.01875 0.1037037037037037 
35 0.6925070279866693 0.30726358274196686 0.06458333333333334 0.15 
29 0.7865364670718846 0.6727646926124188 0.071875 0.15462962962962962 
4 0.48796035557668044 0.5776545922816394 0.0026041666666666665 0.007407407407407408 
16 0.08461873310924961 0.30340225951163635 0.016666666666666666 0.03888888888888889 
17 0.009995833333333332 0.7792168952433459 0.019791666666666666 0.05 
14 0.17398645332446877 0.9190891819798463 0.04635416666666667 0.1037037037037037 
20 0.9088642312451229 0.2547018124370364 0.0067708333333333336 0.037037037037037035 
14 0.7091467249834893 0.6744706648905123 0.052083333333333336 0.11574074074074074 
