0 0.7614583333333333 0.2708333333333333 0.4270833333333333 0.17314814814814813
1 0.3140625 0.49629629629629635 0.39895833333333336 0.5018518518518519
22 0.19791666666666666 0.47175925925925927 0.016666666666666666 0.03611111111111111 
25 0.21458333333333332 0.47175925925925927 0.016666666666666666 0.03611111111111111 
14 0.23125 0.47175925925925927 0.016666666666666666 0.03796296296296296 
8 0.25390625 0.4722222222222222 0.013020833333333334 0.037037037037037035 
8 0.26692708333333337 0.4722222222222222 0.013020833333333334 0.037037037037037035 
3 0.2799479166666667 0.47175925925925927 0.013020833333333334 0.03611111111111111 
9 0.30078125 0.4722222222222222 0.013020833333333334 0.03518518518518519 
11 0.31380208333333337 0.4722222222222222 0.013020833333333334 0.037037037037037035 
7 0.3268229166666667 0.47268518518518515 0.013020833333333334 0.03611111111111111 
11 0.34765625 0.4722222222222222 0.013020833333333334 0.037037037037037035 
8 0.36067708333333337 0.4722222222222222 0.013020833333333334 0.037037037037037035 
10 0.3736979166666667 0.4722222222222222 0.013020833333333334 0.037037037037037035 
