0 0.6955729166666667 0.30277777777777776 0.3880208333333333 0.1574074074074074
1 0.35416666666666663 0.5305555555555556 0.3625 0.45555555555555555
14 0.24817708333333333 0.5078703703703703 0.015104166666666667 0.032407407407407406 
34 0.265625 0.5078703703703703 0.019791666666666666 0.032407407407407406 
37 0.28203125 0.5078703703703703 0.013020833333333334 0.032407407407407406 
5 0.30104166666666665 0.5078703703703703 0.011458333333333333 0.032407407407407406 
4 0.3125 0.5078703703703703 0.011458333333333333 0.032407407407407406 
2 0.32395833333333335 0.5078703703703703 0.011458333333333333 0.032407407407407406 
6 0.34218750000000003 0.5078703703703703 0.011458333333333333 0.032407407407407406 
7 0.3536458333333333 0.5078703703703703 0.011458333333333333 0.032407407407407406 
10 0.3651041666666667 0.5078703703703703 0.011458333333333333 0.032407407407407406 
8 0.38333333333333336 0.5078703703703703 0.011458333333333333 0.032407407407407406 
4 0.39479166666666665 0.5078703703703703 0.011458333333333333 0.032407407407407406 
7 0.40625 0.5078703703703703 0.011458333333333333 0.032407407407407406 
