0 0.1046875 0.8976851851851851 0.10104166666666667 0.03981481481481482
1 0.6653645833333334 0.6361111111111111 0.09427083333333333 0.11851851851851852
33 0.6372395833333333 0.6291666666666667 0.0036458333333333334 0.008333333333333333 
21 0.6403645833333333 0.6291666666666667 0.0026041666666666665 0.008333333333333333 
26 0.64375 0.6291666666666667 0.004166666666666667 0.008333333333333333 
6 0.6489583333333333 0.6291666666666667 0.003125 0.008333333333333333 
11 0.6515625 0.6291666666666667 0.003125 0.008333333333333333 
5 0.6541666666666667 0.6291666666666667 0.003125 0.008333333333333333 
11 0.6583333333333333 0.6291666666666667 0.003125 0.008333333333333333 
2 0.6606770833333334 0.6291666666666667 0.0026041666666666665 0.008333333333333333 
10 0.6635416666666667 0.6291666666666667 0.003125 0.008333333333333333 
11 0.6677083333333333 0.6291666666666667 0.003125 0.008333333333333333 
2 0.6700520833333333 0.6291666666666667 0.0026041666666666665 0.008333333333333333 
10 0.6729166666666667 0.6291666666666667 0.003125 0.008333333333333333 
