29 0.47116211665811475 0.7019087549589675 0.03229166666666667 0.06944444444444445 
35 0.45290050487088235 0.947751817726209 0.0296875 0.06851851851851852 
4 0.2831657647091056 0.46777161766456826 0.0546875 0.1527777777777778 
32 0.9078221325999671 0.37020214207411617 0.06666666666666667 0.14537037037037037 
20 0.3669487359357737 0.8935810856876123 0.020833333333333332 0.11574074074074074 
23 0.1856810381145037 0.7685442690581255 0.05677083333333333 0.14351851851851852 
16 0.689903660098039 0.3414110886989391 0.016145833333333335 0.037037037037037035 
23 0.3281126621942139 0.6529412282062387 0.053125 0.13425925925925927 
34 0.3721318577551383 0.32954499365202344 0.058854166666666666 0.0962962962962963 
8 0.0668593786350056 0.514030553699115 0.05 0.14074074074074075 
