30 0.22641999752955916 0.39268211025158273 0.028125 0.06759259259259259 
4 0.42069517933232886 0.8630022280369658 0.04739583333333333 0.13240740740740742 
21 0.3876285526749099 0.6386871403425544 0.015625 0.044444444444444446 
11 0.47963866547381157 0.6503798751019909 0.0390625 0.1111111111111111 
8 0.4665911746043516 0.8244842553530091 0.06197916666666667 0.17685185185185184 
8 0.4860596035405341 0.6307878642350184 0.028645833333333332 0.08055555555555556 
27 0.5744105024395996 0.7664877726816989 0.0703125 0.1638888888888889 
18 0.5627503738356842 0.6026686740465056 0.08489583333333334 0.175 
36 0.03807401635505542 0.6967372911225905 0.0109375 0.023148148148148147 
8 0.4356194067942565 0.7115352441588807 0.034895833333333334 0.09907407407407408 
7 0.2919760564604539 0.31096668273953393 0.035416666666666666 0.1 
29 0.8401249537279508 0.6181335612412573 0.07760416666666667 0.16666666666666666 
5 0.7052136973517437 0.09246781773306162 0.021875 0.06111111111111111 
12 0.3999895296128131 0.6242111634975726 0.06666666666666667 0.14351851851851852 
13 0.9018987933235088 0.286090284978734 0.050520833333333334 0.10833333333333334 
32 0.8580332357950278 0.42018006153608956 0.0296875 0.06481481481481481 
2 0.637517686878821 0.21282726873250013 0.009895833333333333 0.026851851851851852 
36 0.8834817162692156 0.19319058981382098 0.01875 0.041666666666666664 
23 0.36486219988611696 0.8659079790901342 0.043229166666666666 0.10925925925925926 
31 0.201830029946898 0.8603558259701668 0.06041666666666667 0.1537037037037037 
16 0.7827269071008216 0.6413076110983196 0.023958333333333335 0.05555555555555555 
10 0.2880847696966674 0.16407052128315247 0.06145833333333333 0.17407407407407408 
28 0.9642848157381858 0.5787308343413263 0.005208333333333333 0.011111111111111112 
12 0.4302880165163614 0.7053265726325404 0.035416666666666666 0.07592592592592592 
26 0.8932829941172747 0.25655276370516894 0.049479166666666664 0.10277777777777777 
22 0.5391375238359101 0.7570795717225698 0.06875 0.14814814814814814 
4 0.24726457233491356 0.64045946999522 0.034895833333333334 0.09814814814814815 
7 0.7253490715382105 0.8674736296231643 0.022916666666666665 0.06388888888888888 
16 0.09741028977334987 0.6340519680318317 0.019270833333333334 0.04537037037037037 
20 0.03955823767207442 0.30472391025145185 0.022916666666666665 0.12962962962962962 
5 0.02738106725535363 0.9035938307805739 0.022395833333333334 0.06388888888888888 
22 0.5489665261575262 0.10025136462678366 0.017708333333333333 0.037037037037037035 
30 0.06980834204274029 0.6138308230008138 0.0359375 0.08611111111111111 
