30 0.15868557948989925 0.3305662516383531 0.005729166666666666 0.013888888888888888 
5 0.08795857420110069 0.21721898602021544 0.0546875 0.15648148148148147 
3 0.05267389799065264 0.2042415010436621 0.025520833333333333 0.0712962962962963 
35 0.8669357248884703 0.07926187389938129 0.0067708333333333336 0.014814814814814815 
32 0.7893716726871784 0.8938409527724425 0.016145833333333335 0.03518518518518519 
11 0.09849042349118223 0.45266957023695686 0.06041666666666667 0.1712962962962963 
7 0.7814270026866968 0.1401520214565732 0.00625 0.017592592592592594 
24 0.30003186274833465 0.2199050298375702 0.0484375 0.08981481481481482 
19 0.7081868277665992 0.6199866533098036 0.03177083333333333 0.06851851851851852 
9 0.6443152358225918 0.2306285413534125 0.04895833333333333 0.13518518518518519 
33 0.30104111115526866 0.585480936564663 0.0578125 0.13425925925925927 
24 0.4625811262602714 0.3999078415580354 0.08229166666666667 0.1527777777777778 
33 0.6035025612389104 0.14484604266442908 0.04791666666666667 0.1111111111111111 
