30 0.15057957185624518 0.17999230087510165 0.06145833333333333 0.14629629629629629 
6 0.23158232839458848 0.279894476983289 0.040625 0.11296296296296296 
34 0.2007561247543423 0.24897527775279715 0.1078125 0.17685185185185184 
27 0.694365251149892 0.5878853903375089 0.03854166666666667 0.08981481481481482 
36 0.8806786727987364 0.28947507681188533 0.008854166666666666 0.018518518518518517 
6 0.9132317172215862 0.6484727855113991 0.026041666666666668 0.07222222222222222 
34 0.2555090723629167 0.5971533745528568 0.06145833333333333 0.10092592592592593 
12 0.10046159031181152 0.40156593646526123 0.0640625 0.13796296296296295 
2 0.674950513846043 0.7977527924689665 0.0140625 0.040740740740740744 
20 0.7510854747001433 0.4716732854219973 0.0010416666666666667 0.006481481481481481 
32 0.5771779207985118 0.9135374308092624 0.017708333333333333 0.03888888888888889 
34 0.24432547543089342 0.6832637395235319 0.08333333333333333 0.1361111111111111 
23 0.13751839709798386 0.8256366130254604 0.05364583333333333 0.1361111111111111 
16 0.08783491205550117 0.38515740555848654 0.030729166666666665 0.0712962962962963 
23 0.7745973853583462 0.4587067242811368 0.06770833333333333 0.1712962962962963 
30 0.24563313298307354 0.20437618633865173 0.06875 0.16574074074074074 
16 0.9430542849296715 0.1102029669160027 0.0234375 0.05462962962962963 
6 0.6756728249468921 0.5302001348352574 0.0296875 0.0824074074074074 
