30 0.8034648816027402 0.7662474049378236 0.013020833333333334 0.02962962962962963 
7 0.42892352960479835 0.28989963450750744 0.028125 0.07777777777777778 
12 0.6419464160719383 0.23452409484952821 0.078125 0.1685185185185185 
16 0.8995287800616653 0.4770101124442171 0.013541666666666667 0.03148148148148148 
29 0.7027904997777704 0.4133616926988946 0.025 0.053703703703703705 
17 0.2755614199861635 0.7315485119271768 0.03125 0.0787037037037037 
30 0.5079347551901036 0.6056590856479931 0.05 0.11944444444444445 
27 0.15039693315754632 0.47102705357171265 0.04114583333333333 0.0962962962962963 
16 0.6326926350439664 0.10099124399667107 0.019270833333333334 0.04537037037037037 
8 0.8918679015285556 0.6597486455768666 0.0109375 0.02962962962962963 
33 0.12110176393198605 0.4445074640870405 0.025520833333333333 0.058333333333333334 
29 0.35720305013376213 0.5735780579661652 0.06666666666666667 0.14351851851851852 
34 0.3073051046669422 0.5564001219497619 0.0067708333333333336 0.010185185185185186 
14 0.2874428120883543 0.7095194625008159 0.06979166666666667 0.15555555555555556 
20 0.5300688955726532 0.5636226658038038 0.027604166666666666 0.1527777777777778 
16 0.6343015642894376 0.4314121653407025 0.04895833333333333 0.11296296296296296 
19 0.9603029420849535 0.9904897835627735 0.007291666666666667 0.01574074074074074 
10 0.24665844504667228 0.8064831496799938 0.00625 0.017592592592592594 
28 0.8522196937618136 0.6152767339092481 0.08385416666666666 0.18703703703703703 
15 0.6654181143869368 0.17277716562171452 0.06666666666666667 0.14351851851851852 
14 0.3195116312858254 0.23844365159574787 0.0734375 0.1638888888888889 
24 0.4880861067425187 0.31169541070848594 0.07760416666666667 0.14444444444444443 
18 0.5622524195175282 0.48689941228292627 0.06666666666666667 0.1361111111111111 
36 0.35167494314961195 0.4518929252403606 0.05 0.11388888888888889 
