30 0.7997349207449005 0.41514919706706765 0.027604166666666666 0.06574074074074074 
12 0.36612297091567336 0.15766064399449412 0.057291666666666664 0.12314814814814815 
3 0.5212510048738518 0.12884012684702442 0.0296875 0.08333333333333333 
16 0.5222744471055926 0.8948095348569847 0.030729166666666665 0.0712962962962963 
11 0.5892024395538608 0.8251431336439324 0.013541666666666667 0.03981481481481482 
34 0.16497923080795143 0.31348738606529963 0.0421875 0.06851851851851852 
7 0.41141320063531855 0.6907242395071769 0.049479166666666664 0.13796296296296295 
10 0.8210108818879954 0.9131053482218291 0.0140625 0.040740740740740744 
21 0.11011676869711237 0.5730591105502347 0.049479166666666664 0.1398148148148148 
15 0.36738312332753637 0.4507346652460658 0.0109375 0.023148148148148147 
9 0.5993182629793815 0.17345822709693032 0.005729166666666666 0.016666666666666666 
37 0.326406901519824 0.35248570583808003 0.022916666666666665 0.05740740740740741 
34 0.8435868620394144 0.6521992630871462 0.08645833333333333 0.14166666666666666 
6 0.8077048230080752 0.74032248251254 0.0078125 0.021296296296296296 
7 0.26437928590041193 0.1098742760185957 0.024479166666666666 0.06851851851851852 
4 0.19315625290176544 0.8197128977640092 0.040625 0.11388888888888889 
33 0.7580664305107461 0.28400621443363944 0.0234375 0.05462962962962963 
11 0.36793786435902687 0.16498493037867212 0.046875 0.13240740740740742 
20 0.3104218891745496 0.43618072454934054 0.005729166666666666 0.03148148148148148 
18 0.8880128557451649 0.659902670371871 0.06822916666666666 0.1398148148148148 
8 0.20924524140606507 0.599602240512005 0.042708333333333334 0.12129629629629629 
16 0.7124386737247608 0.368629301509249 0.0203125 0.04722222222222222 
16 0.078718335845249 0.5352096114784677 0.03854166666666667 0.08981481481481482 
3 0.15809340914518694 0.9346117731201242 0.016145833333333335 0.044444444444444446 
10 0.7743239189634128 0.5750830318804131 0.04010416666666667 0.11388888888888889 
27 0.8873825791901067 0.7811748341605125 0.06614583333333333 0.15462962962962962 
4 0.4431218562243332 0.34861060910586406 0.004166666666666667 0.012037037037037037 
22 0.09363133818835255 0.7109042027369367 0.03229166666666667 0.06851851851851852 
8 0.5258637830531607 0.5150502503317032 0.051041666666666666 0.14444444444444443 
33 0.6150565297263031 0.3692701471379057 0.034375 0.07962962962962963 
37 0.19366486470776137 0.4472997705065246 0.029166666666666667 0.07314814814814814 
29 0.6466571633501755 0.6026219932788593 0.05520833333333333 0.11851851851851852 
7 0.6369487369181177 0.8241246742498368 0.04791666666666667 0.13425925925925927 
