0 0.3856770833333333 0.1 0.4828125 0.1962962962962963
1 0.6580729166666667 0.5148148148148148 0.4505208333333333 0.5666666666666667
29 0.5270833333333333 0.48703703703703705 0.01875 0.040740740740740744 
15 0.5458333333333334 0.48703703703703705 0.01875 0.040740740740740744 
32 0.5645833333333333 0.4875 0.01875 0.041666666666666664 
8 0.5901041666666667 0.4875 0.014583333333333334 0.041666666666666664 
9 0.6046875 0.48750000000000004 0.014583333333333334 0.03981481481481482 
10 0.6192708333333333 0.4875 0.014583333333333334 0.041666666666666664 
4 0.6427083333333333 0.48703703703703705 0.014583333333333334 0.040740740740740744 
5 0.6572916666666667 0.4875 0.014583333333333334 0.041666666666666664 
2 0.671875 0.4875 0.014583333333333334 0.041666666666666664 
9 0.6953125 0.48750000000000004 0.014583333333333334 0.03981481481481482 
3 0.7098958333333334 0.48703703703703705 0.014583333333333334 0.040740740740740744 
8 0.7244791666666667 0.4875 0.014583333333333334 0.041666666666666664 
