0 0.8260416666666667 0.4486111111111111 0.2 0.08055555555555556
1 0.8768229166666667 0.513425925925926 0.18697916666666667 0.23425925925925925
19 0.8221354166666667 0.5018518518518519 0.0078125 0.016666666666666666 
26 0.8302083333333333 0.5018518518518519 0.008333333333333333 0.016666666666666666 
20 0.8359375 0.5018518518518519 0.003125 0.016666666666666666 
2 0.8440104166666667 0.5018518518518519 0.005729166666666666 0.016666666666666666 
3 0.8497395833333333 0.5018518518518519 0.005729166666666666 0.016666666666666666 
2 0.85546875 0.5018518518518519 0.005729166666666666 0.016666666666666666 
9 0.8648437499999999 0.5018518518518519 0.005729166666666666 0.016666666666666666 
4 0.8705729166666666 0.5018518518518519 0.005729166666666666 0.016666666666666666 
9 0.8763020833333333 0.5018518518518519 0.005729166666666666 0.016666666666666666 
9 0.8856770833333333 0.5018518518518519 0.005729166666666666 0.016666666666666666 
8 0.89140625 0.5018518518518519 0.005729166666666666 0.016666666666666666 
9 0.8971354166666666 0.5018518518518519 0.005729166666666666 0.016666666666666666 
