30 0.06609141193855125 0.25389233875993134 0.04635416666666667 0.11203703703703703 
19 0.25227191073940713 0.010942240333130316 0.004166666666666667 0.009259259259259259 
2 0.9204995804944062 0.8055087338274687 0.0296875 0.08333333333333333 
12 0.7913037102489237 0.7651399011614268 0.0359375 0.07777777777777778 
24 0.3448559066459218 0.7877582562776542 0.019270833333333334 0.03611111111111111 
37 0.45016535872410274 0.2780721335790453 0.0203125 0.05185185185185185 
12 0.17209892729682957 0.2112917050148112 0.033854166666666664 0.07314814814814814 
22 0.7356004355137201 0.5436468325317538 0.009375 0.019444444444444445 
23 0.258704576823694 0.7590552946302096 0.058333333333333334 0.14629629629629629 
35 0.4439108312458749 0.3652932776892013 0.024479166666666666 0.05740740740740741 
5 0.2749410729925904 0.8992037137469099 0.00625 0.017592592592592594 
4 0.267021512216722 0.788161936870736 0.0171875 0.049074074074074076 
16 0.8033912277997397 0.9153960710157643 0.049479166666666664 0.11574074074074074 
2 0.6847578747775168 0.44591320412048385 0.021875 0.062037037037037036 
12 0.0771988768563208 0.2420097414719534 0.03697916666666667 0.0787037037037037 
30 0.31753840203049594 0.792099310685019 0.014583333333333334 0.03611111111111111 
36 0.045099622532357886 0.37983933403809983 0.0375 0.08518518518518518 
27 0.720816492229385 0.18981733687902302 0.016145833333333335 0.03796296296296296 
23 0.7889683658590544 0.08918314081646887 0.018229166666666668 0.04537037037037037 
37 0.05115626861574958 0.05758683983080117 0.024479166666666666 0.062037037037037036 
3 0.8013495802717819 0.291605547292737 0.05625 0.1574074074074074 
28 0.3455350984205431 0.23095889968646416 0.06875 0.15185185185185185 
23 0.8995583422075124 0.46207884589833015 0.0625 0.15833333333333333 
27 0.12404833386227943 0.29330842220738285 0.0671875 0.15555555555555556 
29 0.850610420946153 0.8032153836620941 0.08229166666666667 0.17685185185185184 
5 0.43512086441791253 0.25969742239295324 0.05260416666666667 0.14814814814814814 
2 0.4611276876789702 0.5369359659758405 0.0609375 0.17314814814814813 
