0 0.5638020833333334 0.6981481481481482 0.2015625 0.08148148148148149
1 0.61953125 0.6606481481481482 0.18802083333333333 0.2361111111111111
13 0.5643229166666667 0.649074074074074 0.0078125 0.016666666666666666 
21 0.57109375 0.649074074074074 0.005729166666666666 0.016666666666666666 
15 0.5778645833333333 0.649074074074074 0.0078125 0.016666666666666666 
5 0.58828125 0.649074074074074 0.005729166666666666 0.016666666666666666 
7 0.5940104166666667 0.649074074074074 0.005729166666666666 0.016666666666666666 
2 0.5997395833333333 0.649074074074074 0.005729166666666666 0.016666666666666666 
11 0.6091145833333332 0.649074074074074 0.005729166666666666 0.016666666666666666 
4 0.6148437499999999 0.649074074074074 0.005729166666666666 0.016666666666666666 
10 0.6205729166666666 0.649537037037037 0.005729166666666666 0.017592592592592594 
4 0.6299479166666666 0.649074074074074 0.005729166666666666 0.016666666666666666 
4 0.6356770833333333 0.649074074074074 0.005729166666666666 0.016666666666666666 
5 0.64140625 0.649074074074074 0.005729166666666666 0.016666666666666666 
