30 0.7122501223542586 0.8605301046178194 0.0453125 0.10925925925925926 
21 0.04765641152174853 0.6538793986422685 0.051041666666666666 0.14351851851851852 
17 0.5340105647162046 0.45777938687149516 0.0067708333333333336 0.016666666666666666 
9 0.4129184592696281 0.5623600043010912 0.0328125 0.08981481481481482 
32 0.2579714647131542 0.7441804080294109 0.07447916666666667 0.16296296296296298 
23 0.014481563377203766 0.09643126190429424 0.0265625 0.06666666666666667 
20 0.4308740576826306 0.6551920196153503 0.003125 0.017592592592592594 
14 0.09379515381542071 0.4025913241363279 0.08072916666666667 0.17962962962962964 
34 0.5663343795330618 0.7951584521809671 0.030208333333333334 0.05 
4 0.5577815562487599 0.5046056744984396 0.0609375 0.17037037037037037 
33 0.2062233246026812 0.6512355951935431 0.06354166666666666 0.14814814814814814 
15 0.14511818930342166 0.8847492294010083 0.04583333333333333 0.09814814814814815 
22 0.3017963865167526 0.7063858046089365 0.016666666666666666 0.03611111111111111 
29 0.6681310004257691 0.7581853732882192 0.0140625 0.02962962962962963 
23 0.6301828472719931 0.5859470988485048 0.022395833333333334 0.05740740740740741 
27 0.5708115903001106 0.831244251675033 0.015104166666666667 0.03518518518518519 
34 0.2839307948888448 0.243926790031532 0.018229166666666668 0.02962962962962963 
7 0.4710524019808021 0.9377622614244686 0.0109375 0.02962962962962963 
