30 0.39672256256898725 0.13210146584308335 0.065625 0.15833333333333333 
28 0.21416548836802893 0.6698743553705683 0.036458333333333336 0.08055555555555556 
35 0.874053938005715 0.20145136376832584 0.0046875 0.010185185185185186 
10 0.14388531783538755 0.1607399150678834 0.059375 0.16944444444444445 
29 0.051954376887241714 0.0382648748985524 0.008333333333333333 0.017592592592592594 
28 0.03117645339277178 0.6687032424692155 0.04895833333333333 0.10925925925925926 
4 0.6377256737866436 0.9526885165277513 0.011458333333333333 0.032407407407407406 
7 0.1729442055044187 0.5860078051097453 0.018229166666666668 0.05092592592592592 
4 0.2932664676956567 0.4403411374436711 0.028645833333333332 0.07962962962962963 
33 0.21011124292804464 0.5882508375283154 0.04010416666666667 0.09259259259259259 
16 0.690252171621562 0.4319456686487514 0.028125 0.06574074074074074 
18 0.6689542019979731 0.48944765420474645 0.0890625 0.18333333333333332 
26 0.8411121153968099 0.17652419499046526 0.009895833333333333 0.019444444444444445 
16 0.43161548958457435 0.7391749506748979 0.027604166666666666 0.06388888888888888 
5 0.3841273237862187 0.2703605790575035 0.005208333333333333 0.014814814814814815 
26 0.8792912633371023 0.10194344946346821 0.0609375 0.125 
17 0.23033640467375094 0.8042137664818444 0.021875 0.05555555555555555 
28 0.818301106930758 0.2749771093529049 0.021354166666666667 0.04814814814814815 
12 0.8421800782912328 0.15584640248757461 0.005729166666666666 0.011111111111111112 
24 0.9492017960731696 0.4544768292997457 0.026041666666666668 0.04814814814814815 
5 0.3116546754493004 0.4327345207597311 0.013541666666666667 0.03888888888888889 
