0 0.6609375000000001 0.7611111111111111 0.315625 0.12777777777777777
1 0.6825520833333333 0.20185185185185184 0.2942708333333333 0.37037037037037035
28 0.5973958333333332 0.18472222222222223 0.013541666666666667 0.028703703703703703 
36 0.6096354166666667 0.1837962962962963 0.011979166666666667 0.026851851851851852 
37 0.6208333333333333 0.1837962962962963 0.010416666666666666 0.026851851851851852 
8 0.6364583333333332 0.18425925925925926 0.009375 0.025925925925925925 
2 0.6458333333333333 0.18425925925925926 0.009375 0.025925925925925925 
6 0.6552083333333333 0.18425925925925926 0.009375 0.025925925925925925 
11 0.6703125 0.18425925925925926 0.009375 0.025925925925925925 
3 0.6796875 0.18425925925925926 0.009375 0.025925925925925925 
10 0.6890624999999999 0.18425925925925926 0.009375 0.025925925925925925 
3 0.7041666666666666 0.18425925925925926 0.009375 0.025925925925925925 
6 0.7135416666666666 0.18425925925925926 0.009375 0.025925925925925925 
8 0.7229166666666667 0.18425925925925926 0.009375 0.025925925925925925 
