30 0.5188116479964242 0.5457994265335734 0.07604166666666666 0.1824074074074074 
32 0.6350431744167989 0.6476695695144924 0.034375 0.075 
21 0.630243077818684 0.865540145128124 0.0453125 0.12777777777777777 
32 0.9662035819383964 0.3261528720594259 0.026041666666666668 0.05648148148148148 
22 0.2901825970526743 0.40354549115489524 0.024479166666666666 0.05185185185185185 
23 0.173011700844773 0.4622389948991134 0.06041666666666667 0.1527777777777778 
20 0.5846247206679199 0.7051395837537423 0.025 0.1398148148148148 
35 0.5305144577221649 0.8498205384966072 0.016145833333333335 0.03611111111111111 
34 0.3768745709135305 0.5126930182270392 0.06302083333333333 0.1037037037037037 
18 0.6034650654095892 0.2808457499925392 0.004166666666666667 0.008333333333333333 
32 0.11647880485018769 0.587199598785159 0.0609375 0.13240740740740742 
8 0.4874253689499154 0.2749175485868274 0.004166666666666667 0.011111111111111112 
13 0.1395575889848603 0.17686229171058548 0.0375 0.08055555555555556 
32 0.6894116211835305 0.9109852373543048 0.0067708333333333336 0.014814814814814815 
37 0.36727443685250727 0.5762990165555902 0.027083333333333334 0.06851851851851852 
8 0.8479430760004353 0.7592707483907564 0.06041666666666667 0.1712962962962963 
18 0.3378341613491372 0.32787876996592247 0.0671875 0.13796296296296295 
20 0.04141687444359546 0.5348094431809244 0.010416666666666666 0.05740740740740741 
9 0.12323662008358821 0.7507776730077702 0.034375 0.09444444444444444 
3 0.23393379470610065 0.7607729039358337 0.011458333333333333 0.03148148148148148 
23 0.466667206200972 0.4618165447078404 0.0609375 0.1527777777777778 
37 0.1675900673615102 0.8312779485296532 0.05364583333333333 0.1361111111111111 
37 0.37089060005794755 0.6782040183167927 0.034895833333333334 0.08888888888888889 
5 0.3015564762429921 0.5907387872989665 0.007291666666666667 0.020370370370370372 
34 0.6620121105041303 0.9610582421281204 0.036458333333333336 0.05925925925925926 
