0 0.49453125 0.18611111111111112 0.4473958333333333 0.1814814814814815
1 0.22916666666666669 0.5652777777777778 0.41770833333333335 0.525
12 0.10703125 0.5388888888888889 0.0171875 0.037037037037037035 
25 0.12421875 0.5388888888888889 0.0171875 0.037037037037037035 
20 0.13619791666666667 0.5388888888888889 0.0067708333333333336 0.037037037037037035 
11 0.15416666666666667 0.538888888888889 0.013541666666666667 0.03888888888888889 
6 0.16770833333333335 0.538425925925926 0.013541666666666667 0.03796296296296296 
10 0.18125 0.538888888888889 0.013541666666666667 0.03888888888888889 
6 0.20260416666666667 0.538425925925926 0.013541666666666667 0.03796296296296296 
3 0.21614583333333334 0.538425925925926 0.013541666666666667 0.03796296296296296 
10 0.22968750000000002 0.538888888888889 0.013541666666666667 0.03888888888888889 
4 0.25104166666666666 0.538425925925926 0.013541666666666667 0.03796296296296296 
8 0.26458333333333334 0.538888888888889 0.013541666666666667 0.03888888888888889 
11 0.278125 0.538888888888889 0.013541666666666667 0.03888888888888889 
