0 0.6546875 0.3106481481481482 0.5135416666666667 0.20833333333333334
1 0.73359375 0.35509259259259257 0.4796875 0.6027777777777777
20 0.5877604166666667 0.324537037037037 0.0078125 0.04351851851851852 
34 0.6049479166666667 0.324537037037037 0.0265625 0.04351851851851852 
31 0.6263020833333333 0.324537037037037 0.0171875 0.04351851851851852 
6 0.6520833333333333 0.324537037037037 0.015625 0.04351851851851852 
3 0.6677083333333333 0.324537037037037 0.015625 0.04351851851851852 
6 0.6833333333333333 0.324537037037037 0.015625 0.04351851851851852 
11 0.7083333333333334 0.32499999999999996 0.015625 0.044444444444444446 
2 0.7239583333333334 0.32499999999999996 0.015625 0.044444444444444446 
5 0.7395833333333334 0.32499999999999996 0.015625 0.044444444444444446 
10 0.7645833333333333 0.32499999999999996 0.015625 0.044444444444444446 
8 0.7802083333333333 0.32499999999999996 0.015625 0.044444444444444446 
6 0.7958333333333333 0.324537037037037 0.015625 0.04351851851851852 
