30 0.33695073257904684 0.37080457181278076 0.05677083333333333 0.13518518518518519 
35 0.5257459436733644 0.40813797766764676 0.057291666666666664 0.13333333333333333 
30 0.4916981239104997 0.7589210397781591 0.059895833333333336 0.1425925925925926 
28 0.23033998471886424 0.7349285533317168 0.06197916666666667 0.13703703703703704 
11 0.81466162391057 0.47857632528607696 0.03125 0.08796296296296297 
33 0.7101277926009621 0.6113205857314266 0.051041666666666666 0.11851851851851852 
9 0.02037189011113677 0.6535249803731387 0.003125 0.008333333333333333 
26 0.7079933171939484 0.7695519670713149 0.0515625 0.10648148148148148 
3 0.5722913918864874 0.9181693445523487 0.034895833333333334 0.09814814814814815 
9 0.6127437102509619 0.18746651596243682 0.041666666666666664 0.11481481481481481 
33 0.3497368814935767 0.13785836817087205 0.04895833333333333 0.11296296296296296 
33 0.6016145040434733 0.9719342917587821 0.0109375 0.025 
28 0.7393957202625934 0.13106125594890256 0.0234375 0.05277777777777778 
33 0.9469980018812636 0.27717435430088244 0.03333333333333333 0.07777777777777778 
26 0.24609015801882278 0.8104808448481815 0.06458333333333334 0.13240740740740742 
34 0.49011830890778224 0.42773411335655703 0.058854166666666666 0.0962962962962963 
35 0.3147641688693494 0.44768371599180906 0.020833333333333332 0.04814814814814815 
34 0.5206072052347194 0.3973736856716886 0.10625 0.17407407407407408 
31 0.34879346625678287 0.7516554769656295 0.034375 0.08703703703703704 
4 0.48151533755651943 0.7109725979522971 0.03958333333333333 0.11018518518518519 
29 0.927302520329045 0.5014184826016391 0.013020833333333334 0.027777777777777776 
9 0.2815003574118895 0.33568899541360986 0.0609375 0.1675925925925926 
