31 0.09909117599504964 0.3082813277115114 0.0453125 0.11481481481481481 
5 0.8286395088308214 0.21966353070089195 0.04583333333333333 0.12962962962962962 
11 0.6484798831874747 0.6729222753654117 0.028125 0.07962962962962963 
10 0.545199774526129 0.2915155023361787 0.058854166666666666 0.1675925925925926 
33 0.2968619222886123 0.5218207640350774 0.030729166666666665 0.0712962962962963 
22 0.254803742732564 0.36985418548203675 0.05677083333333333 0.12129629629629629 
33 0.3016348798444882 0.22337694972536787 0.05572916666666667 0.12962962962962962 
12 0.16427757331243503 0.9580203705394956 0.013020833333333334 0.026851851851851852 
20 0.0955490669797859 0.661577224782904 0.015625 0.08703703703703704 
17 0.687028911969348 0.5040611214552404 0.05260416666666667 0.13333333333333333 
