31 0.2863600124417305 0.6038887861576465 0.018229166666666668 0.04537037037037037 
6 0.9618387458687795 0.1680485292258628 0.005729166666666666 0.014814814814814815 
4 0.6421261248662642 0.7839017075292694 0.019270833333333334 0.05462962962962963 
16 0.7275363078403138 0.8638158400224442 0.044270833333333336 0.1037037037037037 
33 0.3921269349106239 0.7769279993867749 0.03177083333333333 0.07314814814814814 
12 0.9264579423866182 0.47538789488163596 0.03333333333333333 0.0712962962962963 
2 0.9697825953659478 0.375422446176599 0.0109375 0.030555555555555555 
28 0.7867431815323004 0.8449381156816319 0.05572916666666667 0.12407407407407407 
29 0.8398707464026862 0.42781927693664545 0.06145833333333333 0.13148148148148148 
15 0.3896439762160171 0.3073960206370101 0.06614583333333333 0.14166666666666666 
18 0.32498383094882244 0.2748770137110372 0.06302083333333333 0.12962962962962962 
22 0.8735651567042875 0.6407372637869735 0.05416666666666667 0.11666666666666667 
3 0.8698127817617158 0.6769886797540265 0.03177083333333333 0.08796296296296297 
20 0.18646041887741832 0.49174444952262225 0.023958333333333335 0.13240740740740742 
26 0.1598522291232159 0.24013603225617852 0.05260416666666667 0.10833333333333334 
37 0.06351305179779689 0.9315784726144181 0.009895833333333333 0.025 
24 0.9120909594587554 0.2766735734747714 0.0484375 0.08981481481481482 
2 0.37045484609129675 0.38413696538071945 0.03229166666666667 0.08981481481481482 
33 0.7023555588170783 0.25554270688277836 0.0421875 0.09814814814814815 
29 0.30541133918985347 0.7239925902182266 0.06614583333333333 0.1425925925925926 
8 0.16395980812744493 0.5560797206511972 0.028645833333333332 0.08055555555555556 
20 0.8713755688524274 0.6287693471847041 0.009895833333333333 0.05462962962962963 
30 0.41592961977614656 0.6122737317824132 0.027604166666666666 0.06574074074074074 
20 0.7570441532174546 0.2505235837800847 0.0140625 0.07962962962962963 
11 0.30168983592243753 0.8747050247782434 0.018229166666666668 0.05185185185185185 
33 0.8144174108346443 0.5371315845557232 0.019791666666666666 0.04537037037037037 
31 0.3984950603919997 0.7203771389583205 0.020833333333333332 0.05277777777777778 
27 0.2902148530772339 0.9462395906631865 0.0296875 0.06851851851851852 
36 0.47664877276421364 0.5142631928950396 0.015104166666666667 0.03425925925925926 
13 0.11424730523730588 0.153330127522121 0.0328125 0.0712962962962963 
19 0.6041220654005478 0.1973986855306631 0.051041666666666666 0.10925925925925926 
5 0.5962161387545327 0.28051987429432856 0.04010416666666667 0.11388888888888889 
