31 0.3170876502949362 0.7713934239903927 0.05520833333333333 0.1398148148148148 
9 0.022591420049133552 0.07696733852816372 0.0109375 0.030555555555555555 
23 0.06359639621565906 0.26928163354646745 0.009375 0.024074074074074074 
30 0.4934789417966818 0.18879966535187037 0.05520833333333333 0.13148148148148148 
30 0.3905192177252388 0.7203824146809529 0.06614583333333333 0.15925925925925927 
5 0.8038439826869452 0.5289011569842179 0.029166666666666667 0.0824074074074074 
30 0.26309881361325343 0.8080597813411594 0.0765625 0.18425925925925926 
26 0.5116906164635149 0.15167991115139823 0.0796875 0.1648148148148148 
14 0.5689992534882319 0.6248587969720026 0.0453125 0.10092592592592593 
29 0.6576827106545625 0.19800677030134708 0.06145833333333333 0.13148148148148148 
33 0.5162960946147859 0.731682834593169 0.065625 0.1527777777777778 
15 0.7274011907895633 0.6903074689035953 0.06770833333333333 0.14537037037037037 
32 0.18876301345289265 0.32693092170363086 0.007291666666666667 0.01574074074074074 
5 0.40836480212001997 0.0671252331631174 0.01875 0.053703703703703705 
17 0.6125063484396461 0.8715840051302075 0.049479166666666664 0.125 
2 0.2657229618734811 0.39646229241816394 0.050520833333333334 0.1425925925925926 
18 0.8315551262799661 0.7259089584533016 0.06822916666666666 0.1398148148148148 
12 0.28344949351192134 0.7423428409324843 0.049479166666666664 0.10648148148148148 
12 0.6008163848815546 0.8621489624062318 0.0265625 0.05740740740740741 
3 0.9569047256264253 0.17908732777678082 0.0067708333333333336 0.018518518518518517 
7 0.34052929369330687 0.060251843621818825 0.0171875 0.04814814814814815 
23 0.8740574496057387 0.22615931215989843 0.027604166666666666 0.06944444444444445 
33 0.820490847025405 0.24423373420488176 0.005208333333333333 0.012037037037037037 
14 0.6396602038419581 0.5028727617304928 0.0625 0.13796296296296295 
10 0.5412819993499347 0.7477002038983986 0.05260416666666667 0.14814814814814814 
