31 0.19935939079750647 0.21634083176162597 0.058854166666666666 0.14907407407407408 
12 0.307961856861802 0.5757220105604117 0.011979166666666667 0.025925925925925925 
8 0.07303347794535034 0.452789664737055 0.021875 0.062037037037037036 
4 0.15535093821300522 0.5212234419408014 0.06302083333333333 0.17685185185185184 
27 0.616248451915066 0.4878590378495066 0.04635416666666667 0.10740740740740741 
18 0.5797115311190432 0.2106164670222676 0.06979166666666667 0.1425925925925926 
22 0.14779749518466279 0.5709309394059936 0.08177083333333333 0.17592592592592593 
30 0.3870393630809017 0.7990064737119018 0.04635416666666667 0.11203703703703703 
10 0.2565384795123186 0.9043901115552238 0.03697916666666667 0.10462962962962963 
21 0.7636076937075791 0.5935850439758672 0.019791666666666666 0.05555555555555555 
2 0.8438009798060203 0.5898100250276443 0.033854166666666664 0.09722222222222222 
34 0.8093851873210065 0.851363485927279 0.028645833333333332 0.046296296296296294 
15 0.10212086737493112 0.5804017996868738 0.051041666666666666 0.10925925925925926 
2 0.9222054795955439 0.5441244217642294 0.0328125 0.09259259259259259 
3 0.3878694024420795 0.27393340958980783 0.06197916666666667 0.17314814814814813 
14 0.3026177556066535 0.484171067948852 0.007291666666666667 0.01574074074074074 
32 0.692680164055765 0.593854734775489 0.059895833333333336 0.13148148148148148 
30 0.43466872820357144 0.5181523492290658 0.0734375 0.17685185185185184 
19 0.7834117721940237 0.4259194224209681 0.049479166666666664 0.10648148148148148 
26 0.9051303355915569 0.16916879025409137 0.0765625 0.15833333333333333 
6 0.16055450714481057 0.6003744753835206 0.0140625 0.03981481481481482 
24 0.7561582157852187 0.1406432301114496 0.004166666666666667 0.008333333333333333 
23 0.16144856305162242 0.5360577557256865 0.0125 0.03148148148148148 
35 0.17322950627141206 0.31457029610821635 0.05 0.11574074074074074 
13 0.3104618970800643 0.7826539821130393 0.034895833333333334 0.075 
28 0.521393949184713 0.5079410122887852 0.0734375 0.16203703703703703 
30 0.0481072178401715 0.23900893878571383 0.023958333333333335 0.05740740740740741 
16 0.5311125707719943 0.27938910499432595 0.0390625 0.09074074074074075 
31 0.6884714828179138 0.6161976433493868 0.06197916666666667 0.1574074074074074 
33 0.7550637786821922 0.2311249171368161 0.0703125 0.1638888888888889 
27 0.6465319870642048 0.2462147026426637 0.058854166666666666 0.1361111111111111 
28 0.17295082476329732 0.6623912133149915 0.0046875 0.009259259259259259 
11 0.9206478811162514 0.34861197041916414 0.0171875 0.05 
20 0.14841853953256218 0.5877460244137078 0.030729166666666665 0.1712962962962963 
