0 0.5778645833333333 0.3435185185185185 0.20260416666666667 0.08148148148148149
1 0.38984375 0.24444444444444444 0.1890625 0.23703703703703705
16 0.33437500000000003 0.2324074074074074 0.007291666666666667 0.016666666666666666 
22 0.3419270833333333 0.2324074074074074 0.0078125 0.016666666666666666 
16 0.3494791666666667 0.2324074074074074 0.007291666666666667 0.016666666666666666 
3 0.35963541666666665 0.2324074074074074 0.005729166666666666 0.016666666666666666 
9 0.3653645833333333 0.2324074074074074 0.005729166666666666 0.016666666666666666 
9 0.37109375 0.2324074074074074 0.005729166666666666 0.016666666666666666 
11 0.38046875 0.2324074074074074 0.005729166666666666 0.016666666666666666 
6 0.3861979166666667 0.2324074074074074 0.005729166666666666 0.016666666666666666 
5 0.3919270833333333 0.2324074074074074 0.005729166666666666 0.016666666666666666 
2 0.40130208333333334 0.2324074074074074 0.005729166666666666 0.016666666666666666 
9 0.40703125 0.2324074074074074 0.005729166666666666 0.016666666666666666 
5 0.4127604166666667 0.2324074074074074 0.005729166666666666 0.016666666666666666 
