0 0.34661458333333334 0.20185185185185187 0.3328125 0.13518518518518519
1 0.6106770833333333 0.4537037037037037 0.3109375 0.3907407407407407
18 0.5205729166666667 0.4342592592592593 0.0140625 0.027777777777777776 
17 0.5330729166666667 0.4342592592592593 0.0109375 0.027777777777777776 
33 0.54453125 0.4342592592592593 0.011979166666666667 0.027777777777777776 
11 0.5611979166666667 0.4342592592592593 0.009895833333333333 0.027777777777777776 
2 0.5710937500000001 0.4342592592592593 0.009895833333333333 0.027777777777777776 
6 0.5809895833333334 0.4342592592592593 0.009895833333333333 0.027777777777777776 
9 0.5966145833333334 0.4342592592592593 0.009895833333333333 0.027777777777777776 
8 0.6065104166666667 0.4342592592592593 0.009895833333333333 0.027777777777777776 
11 0.61640625 0.4342592592592593 0.009895833333333333 0.027777777777777776 
5 0.63203125 0.4342592592592593 0.009895833333333333 0.027777777777777776 
9 0.6419270833333334 0.4342592592592593 0.009895833333333333 0.027777777777777776 
8 0.6518229166666667 0.4342592592592593 0.009895833333333333 0.027777777777777776 
