0 0.44479166666666664 0.25416666666666665 0.035416666666666666 0.013888888888888888
1 0.7893229166666667 0.6689814814814815 0.0328125 0.041666666666666664
34 0.7796875000000001 0.6662037037037037 0.0020833333333333333 0.002777777777777778 
28 0.7809895833333332 0.6666666666666667 0.0015625 0.003703703703703704 
28 0.7825520833333333 0.6666666666666667 0.0015625 0.003703703703703704 
10 0.7843749999999999 0.6666666666666667 0.0010416666666666667 0.003703703703703704 
11 0.7854166666666667 0.6666666666666667 0.0010416666666666667 0.003703703703703704 
8 0.7864583333333333 0.6666666666666667 0.0010416666666666667 0.003703703703703704 
11 0.7880208333333333 0.6666666666666667 0.0010416666666666667 0.003703703703703704 
7 0.7890625 0.6666666666666667 0.0010416666666666667 0.003703703703703704 
10 0.7901041666666666 0.6666666666666667 0.0010416666666666667 0.003703703703703704 
2 0.7916666666666666 0.6666666666666667 0.0010416666666666667 0.003703703703703704 
2 0.7927083333333333 0.6666666666666667 0.0010416666666666667 0.003703703703703704 
3 0.79375 0.6662037037037037 0.0010416666666666667 0.002777777777777778 
