31 0.12816512587400783 0.8567924480848869 0.044270833333333336 0.11203703703703703 
18 0.3172414754658118 0.5264060439382974 0.05625 0.11666666666666667 
13 0.24974085473855057 0.6983770232042144 0.010416666666666666 0.022222222222222223 
13 0.34137227186600255 0.16430978800609194 0.008854166666666666 0.019444444444444445 
6 0.04442873876379462 0.8433401798397917 0.011458333333333333 0.032407407407407406 
18 0.15023958986877717 0.23416492036499895 0.008333333333333333 0.016666666666666666 
22 0.7739651870882671 0.8281653434922052 0.024479166666666666 0.05185185185185185 
9 0.1263715161639459 0.4749089242580033 0.0515625 0.1425925925925926 
29 0.9603296716069676 0.61738865193715 0.025520833333333333 0.05462962962962963 
9 0.7984675871454952 0.6298794419116485 0.014583333333333334 0.03981481481481482 
21 0.7451640383655528 0.21142986584391116 0.04583333333333333 0.1287037037037037 
14 0.3740265915155165 0.17737243259587798 0.058333333333333334 0.1287037037037037 
20 0.06872962784578934 0.36700425783603197 0.024479166666666666 0.13796296296296295 
31 0.8462553292370898 0.8499302904070768 0.06979166666666667 0.17685185185185184 
19 0.8463507475764854 0.6870446387653519 0.04739583333333333 0.10185185185185185 
10 0.9288690876622265 0.2171119366652308 0.015104166666666667 0.04259259259259259 
30 0.3642003718199481 0.6271121855091946 0.03125 0.075 
