31 0.26185892480062856 0.5900278673227456 0.030729166666666665 0.07777777777777778 
21 0.3304203801036174 0.2936884036013263 0.0265625 0.075 
12 0.5024863512316775 0.5049117312066245 0.0796875 0.1712962962962963 
26 0.3133257283600711 0.7232562786489655 0.06770833333333333 0.1388888888888889 
3 0.3035704988479631 0.8887918128009317 0.06197916666666667 0.17314814814814813 
17 0.9159858999371966 0.7383082040953111 0.016145833333333335 0.040740740740740744 
10 0.26633442807074664 0.27660515411508857 0.051041666666666666 0.14444444444444443 
29 0.07970965573540675 0.37338051168885095 0.019270833333333334 0.040740740740740744 
5 0.7481220444525327 0.6110949676767136 0.005729166666666666 0.016666666666666666 
24 0.10010344267428771 0.050979448557308016 0.021875 0.040740740740740744 
29 0.9137727316331646 0.8707486663449087 0.011979166666666667 0.025925925925925925 
9 0.44744579487132397 0.5684213306431827 0.0359375 0.09907407407407408 
4 0.6554545905013951 0.7475944328110056 0.06197916666666667 0.17314814814814813 
23 0.2801942795893037 0.7137102967034153 0.05677083333333333 0.14351851851851852 
37 0.8933448406480645 0.27068788738224353 0.06197916666666667 0.1574074074074074 
27 0.8723695625600751 0.6438695051916516 0.011979166666666667 0.027777777777777776 
14 0.7858539290396116 0.8415559141879939 0.052083333333333336 0.11574074074074074 
34 0.36467172033096984 0.20158670467151454 0.058854166666666666 0.09722222222222222 
14 0.30836609459259856 0.5118042280152035 0.028645833333333332 0.06388888888888888 
19 0.8180179815818607 0.5369697320366899 0.03125 0.06759259259259259 
15 0.46252531637412864 0.1779806186119029 0.0796875 0.1712962962962963 
16 0.5299755372559382 0.3105516623968832 0.01875 0.04351851851851852 
23 0.11794655599628076 0.7326732487221866 0.06822916666666666 0.1712962962962963 
