31 0.48084167967099656 0.06863049477660721 0.005208333333333333 0.012962962962962963 
23 0.04462026529475227 0.7482440705090926 0.057291666666666664 0.14537037037037037 
27 0.7388801868209541 0.6391854800105624 0.06302083333333333 0.14629629629629629 
32 0.5487083816309928 0.35272195451258015 0.05520833333333333 0.12037037037037036 
36 0.461063812212724 0.27109066861077297 0.017708333333333333 0.03888888888888889 
35 0.644905177172503 0.4813928854005044 0.021875 0.05 
28 0.7286916915019718 0.7622510966887522 0.05416666666666667 0.12129629629629629 
10 0.4802732800577485 0.08863507742989887 0.011979166666666667 0.03425925925925926 
21 0.43306889322783493 0.5012161219834055 0.03958333333333333 0.11203703703703703 
14 0.4804363190972804 0.32506921289617124 0.016145833333333335 0.03611111111111111 
