0 0.59765625 0.17916666666666667 0.5765625 0.23425925925925925
1 0.38125000000000003 0.41527777777777775 0.5385416666666667 0.6768518518518518
30 0.22343749999999998 0.3824074074074074 0.020833333333333332 0.05 
13 0.24505208333333334 0.3824074074074074 0.022395833333333334 0.04814814814814815 
20 0.26067708333333334 0.3824074074074074 0.008854166666666666 0.04814814814814815 
7 0.28411458333333334 0.38287037037037036 0.0171875 0.049074074074074076 
11 0.30130208333333336 0.3824074074074074 0.0171875 0.05 
10 0.3184895833333333 0.3824074074074074 0.0171875 0.05 
11 0.34609375000000003 0.3824074074074074 0.0171875 0.05 
4 0.36328125 0.3819444444444444 0.0171875 0.049074074074074076 
2 0.38046875 0.3824074074074074 0.0171875 0.05 
10 0.4080729166666667 0.3824074074074074 0.0171875 0.05 
6 0.4252604166666667 0.3819444444444444 0.0171875 0.049074074074074076 
10 0.44244791666666666 0.3824074074074074 0.0171875 0.05 
