31 0.659651418101676 0.2033067024563074 0.046875 0.11851851851851852 
24 0.12303742002982349 0.27023400307767026 0.04635416666666667 0.08611111111111111 
26 0.4575537350369519 0.42151491918251593 0.028125 0.05740740740740741 
6 0.7237677574525055 0.3879321889542355 0.03125 0.08703703703703704 
4 0.9190507574256753 0.6819912945093036 0.0078125 0.021296296296296296 
7 0.39292234497195894 0.17736546268140402 0.058854166666666666 0.1638888888888889 
32 0.22923016400438848 0.4574408581579258 0.05572916666666667 0.12222222222222222 
34 0.08034945702023742 0.8733028233895508 0.013541666666666667 0.022222222222222223 
24 0.2955211253896156 0.4490890940662127 0.044270833333333336 0.0824074074074074 
37 0.6148160628881509 0.271584385341883 0.05677083333333333 0.14444444444444443 
8 0.8003008511637826 0.4848817673269624 0.05625 0.16018518518518518 
34 0.6973390703917105 0.22487305281769532 0.10364583333333334 0.17037037037037037 
2 0.5661794703856495 0.2148635028716644 0.03229166666666667 0.09074074074074075 
37 0.6222808181086308 0.29532902392367144 0.019791666666666666 0.05 
16 0.2289904975411734 0.2891662440773275 0.016145833333333335 0.03796296296296296 
30 0.46629105227238976 0.6366105593987615 0.0453125 0.10925925925925926 
14 0.7711258036384506 0.4275301841711231 0.06354166666666666 0.1398148148148148 
8 0.20544438538007356 0.18944207317649497 0.026041666666666668 0.07314814814814814 
12 0.31734819883031196 0.5873706323210843 0.0359375 0.07777777777777778 
13 0.6435108701488587 0.44287883315914517 0.034375 0.07314814814814814 
30 0.8251617308931856 0.21464168924865445 0.0296875 0.0712962962962963 
11 0.5206051114655563 0.8451765483765188 0.04635416666666667 0.13148148148148148 
10 0.733546532418222 0.7039438667920352 0.0265625 0.075 
3 0.30902569988642686 0.2835013984158714 0.057291666666666664 0.16111111111111112 
22 0.6233566341752788 0.8821220572557836 0.030208333333333334 0.06481481481481481 
17 0.9687829793932847 0.18455788262353978 0.0026041666666666665 0.006481481481481481 
29 0.5413372891402349 0.86560773179764 0.049479166666666664 0.10648148148148148 
34 0.2989481608623496 0.4157589113375118 0.014583333333333334 0.023148148148148147 
