0 0.796875 0.24212962962962964 0.30833333333333335 0.125
1 0.6 0.27361111111111114 0.2875 0.36203703703703705
35 0.5161458333333333 0.25555555555555554 0.011458333333333333 0.025925925925925925 
22 0.5276041666666667 0.25555555555555554 0.0125 0.025925925925925925 
29 0.5393229166666667 0.25555555555555554 0.011979166666666667 0.025925925925925925 
2 0.5557291666666666 0.25555555555555554 0.009375 0.025925925925925925 
9 0.5651041666666666 0.25555555555555554 0.009375 0.025925925925925925 
2 0.5744791666666667 0.25555555555555554 0.009375 0.025925925925925925 
11 0.5895833333333332 0.25555555555555554 0.009375 0.025925925925925925 
6 0.5989583333333333 0.25555555555555554 0.009375 0.025925925925925925 
5 0.6083333333333333 0.25555555555555554 0.009375 0.025925925925925925 
11 0.6234375 0.25555555555555554 0.009375 0.025925925925925925 
3 0.6328125 0.25555555555555554 0.009375 0.025925925925925925 
2 0.6421874999999999 0.25555555555555554 0.009375 0.025925925925925925 
