0 0.28203125 0.48611111111111116 0.5244791666666667 0.21296296296296297
1 0.5294270833333333 0.5449074074074074 0.4901041666666667 0.6157407407407407
12 0.38619791666666664 0.5143518518518518 0.0203125 0.04351851851851852 
35 0.40598958333333335 0.5143518518518518 0.019270833333333334 0.04351851851851852 
30 0.4244791666666667 0.5143518518518518 0.01875 0.04537037037037037 
11 0.4510416666666667 0.5143518518518518 0.015625 0.04537037037037037 
5 0.4666666666666667 0.5143518518518518 0.015625 0.04537037037037037 
10 0.4822916666666667 0.5143518518518518 0.015625 0.04537037037037037 
2 0.5072916666666667 0.5143518518518518 0.015625 0.04537037037037037 
3 0.5229166666666667 0.5138888888888888 0.015625 0.044444444444444446 
8 0.5385416666666667 0.5143518518518518 0.015625 0.04537037037037037 
6 0.5635416666666667 0.5138888888888888 0.015625 0.044444444444444446 
6 0.5791666666666667 0.5138888888888888 0.015625 0.044444444444444446 
4 0.5947916666666667 0.5138888888888888 0.015625 0.044444444444444446 
