0 0.42109375000000004 0.7782407407407407 0.013020833333333334 0.004629629629629629
1 0.55859375 0.2972222222222222 0.011979166666666667 0.014814814814814815
27 0.5549479166666667 0.29583333333333334 0.0005208333333333333 0.000925925925925926 
35 0.55546875 0.29583333333333334 0.0005208333333333333 0.000925925925925926 
19 0.5559895833333334 0.29583333333333334 0.0005208333333333333 0.000925925925925926 
3 0.5565104166666667 0.29583333333333334 0.0005208333333333333 0.000925925925925926 
9 0.5565104166666667 0.29583333333333334 0.0005208333333333333 0.000925925925925926 
2 0.5565104166666667 0.29629629629629634 0.0005208333333333333 0.001851851851851852 
6 0.5565104166666667 0.29583333333333334 0.0005208333333333333 0.000925925925925926 
7 0.5565104166666667 0.29629629629629634 0.0005208333333333333 0.001851851851851852 
7 0.5565104166666667 0.29629629629629634 0.0005208333333333333 0.001851851851851852 
5 0.5565104166666667 0.29629629629629634 0.0005208333333333333 0.001851851851851852 
8 0.5565104166666667 0.29629629629629634 0.0005208333333333333 0.001851851851851852 
4 0.5565104166666667 0.29583333333333334 0.0005208333333333333 0.000925925925925926 
