31 0.4815047775109777 0.21856338214660095 0.04375 0.1111111111111111 
29 0.39284028597633597 0.7503466291489955 0.06770833333333333 0.14537037037037037 
33 0.6516643873187258 0.1376974891180107 0.016145833333333335 0.037037037037037035 
5 0.6620045157096169 0.6890854525372659 0.019270833333333334 0.05462962962962963 
26 0.4059909607137244 0.35348266713305576 0.009375 0.018518518518518517 
4 0.4471779134183939 0.5706146515333934 0.058333333333333334 0.16296296296296298 
15 0.2524881099701748 0.23360446295422138 0.0109375 0.023148148148148147 
15 0.3703486179082625 0.3816387043613727 0.06145833333333333 0.13148148148148148 
21 0.7744959907927049 0.2496813140440376 0.0359375 0.10277777777777777 
22 0.39016871934795894 0.8598478802842929 0.06197916666666667 0.13333333333333333 
18 0.4767173290407168 0.6318811641318377 0.0875 0.18055555555555555 
35 0.25251512527106384 0.47849782966645993 0.017708333333333333 0.040740740740740744 
5 0.5384673101116946 0.4153207670837426 0.06197916666666667 0.17685185185185184 
34 0.7532157624611369 0.6521724548459046 0.04895833333333333 0.08055555555555556 
9 0.4468257826797566 0.6435853762642408 0.013020833333333334 0.03518518518518519 
17 0.09206480502315376 0.37579152700132545 0.06822916666666666 0.17314814814814813 
31 0.259195254557162 0.6612766549732867 0.057291666666666664 0.14537037037037037 
32 0.38248803253564917 0.9546965716933572 0.008854166666666666 0.018518518518518517 
33 0.5135993133144058 0.6331405771154399 0.051041666666666666 0.1175925925925926 
16 0.7057487227391765 0.528759335901755 0.04791666666666667 0.1111111111111111 
