31 0.16987962898341497 0.45935289070256496 0.06302083333333333 0.16018518518518518 
30 0.3562318798534395 0.33576646194557064 0.05520833333333333 0.13240740740740742 
24 0.49608042782687606 0.6081223936843616 0.09166666666666666 0.1712962962962963 
16 0.5612488390707818 0.7831419606741695 0.023958333333333335 0.05648148148148148 
34 0.7510520366058403 0.2539536386593619 0.09791666666666667 0.16018518518518518 
32 0.544446980422024 0.5778963619929087 0.07604166666666666 0.16574074074074074 
14 0.3532561212558641 0.9036304680605911 0.059895833333333336 0.13333333333333333 
2 0.6942780411676447 0.6565762029128329 0.058854166666666666 0.1675925925925926 
16 0.41940254891496487 0.36183157999959636 0.016145833333333335 0.03796296296296296 
6 0.39383816144696004 0.7004386923946827 0.0515625 0.14444444444444443 
17 0.6945441478496273 0.5100913176451477 0.019270833333333334 0.049074074074074076 
