0 0.6781250000000001 0.37268518518518523 0.24791666666666667 0.10092592592592593
1 0.80546875 0.4648148148148148 0.23177083333333334 0.29074074074074074
31 0.7369791666666666 0.45 0.008333333333333333 0.020370370370370372 
26 0.7463541666666667 0.45 0.010416666666666666 0.020370370370370372 
26 0.7567708333333334 0.45 0.010416666666666666 0.020370370370370372 
7 0.7697916666666667 0.45 0.007291666666666667 0.020370370370370372 
11 0.7770833333333333 0.45 0.007291666666666667 0.020370370370370372 
10 0.784375 0.45 0.007291666666666667 0.020370370370370372 
7 0.7958333333333334 0.45 0.007291666666666667 0.020370370370370372 
8 0.803125 0.45 0.007291666666666667 0.020370370370370372 
10 0.8104166666666667 0.45 0.007291666666666667 0.020370370370370372 
8 0.821875 0.45 0.007291666666666667 0.020370370370370372 
5 0.8291666666666667 0.45 0.007291666666666667 0.020370370370370372 
11 0.8364583333333333 0.45 0.007291666666666667 0.020370370370370372 
