0 0.375 0.32407407407407407 0.315625 0.12777777777777777
1 0.38020833333333337 0.662037037037037 0.2947916666666667 0.37037037037037035
16 0.29375 0.6439814814814815 0.011458333333333333 0.026851851851851852 
24 0.3065104166666667 0.6439814814814815 0.0140625 0.026851851851851852 
27 0.31927083333333334 0.6439814814814815 0.011458333333333333 0.026851851851851852 
5 0.3354166666666667 0.6444444444444445 0.009375 0.025925925925925925 
2 0.34479166666666666 0.6444444444444445 0.009375 0.025925925925925925 
4 0.3541666666666667 0.6444444444444445 0.009375 0.025925925925925925 
2 0.3692708333333333 0.6444444444444445 0.009375 0.025925925925925925 
11 0.37864583333333335 0.6444444444444445 0.009375 0.025925925925925925 
3 0.38802083333333337 0.6444444444444445 0.009375 0.025925925925925925 
4 0.403125 0.6444444444444445 0.009375 0.025925925925925925 
6 0.41250000000000003 0.6444444444444445 0.009375 0.025925925925925925 
6 0.421875 0.6444444444444445 0.009375 0.025925925925925925 
