0 0.31744791666666666 0.7050925925925926 0.3578125 0.14537037037037037
1 0.19895833333333332 0.6611111111111112 0.334375 0.4203703703703704
12 0.10182291666666667 0.6407407407407407 0.0140625 0.02962962962962963 
32 0.11588541666666667 0.6407407407407407 0.0140625 0.02962962962962963 
12 0.12994791666666666 0.6407407407407407 0.0140625 0.02962962962962963 
5 0.14869791666666665 0.6407407407407407 0.0109375 0.02962962962962963 
5 0.15963541666666667 0.6407407407407407 0.0109375 0.02962962962962963 
2 0.17057291666666666 0.6407407407407407 0.0109375 0.02962962962962963 
9 0.18776041666666665 0.6407407407407407 0.0109375 0.02962962962962963 
11 0.19869791666666667 0.6407407407407407 0.0109375 0.02962962962962963 
10 0.20963541666666666 0.6407407407407407 0.0109375 0.02962962962962963 
2 0.22682291666666665 0.6407407407407407 0.0109375 0.02962962962962963 
7 0.23776041666666667 0.6407407407407407 0.0109375 0.02962962962962963 
3 0.24869791666666666 0.6407407407407407 0.0109375 0.02962962962962963 
