32 0.34553682489761095 0.43685362935090705 0.05520833333333333 0.12037037037037036 
4 0.17395916715485182 0.11979955865093286 0.040625 0.11388888888888889 
27 0.7661328016362621 0.14464431683027829 0.06927083333333334 0.16203703703703703 
24 0.354514749998341 0.9594331299119278 0.009895833333333333 0.018518518518518517 
35 0.15766800799080613 0.45317924961893685 0.034375 0.0787037037037037 
7 0.0837688608559918 0.5833075252251074 0.04479166666666667 0.125 
32 0.4400244786608234 0.6513596445215638 0.0484375 0.10555555555555556 
9 0.6454755256100184 0.134972863666316 0.0078125 0.021296296296296296 
4 0.935923487102085 0.09408627720726252 0.003125 0.008333333333333333 
7 0.7907432658575106 0.28927361069392876 0.0234375 0.06481481481481481 
32 0.10699052109349962 0.2655490948485741 0.041666666666666664 0.09074074074074075 
