32 0.8788832882503961 0.6307907984967797 0.00625 0.013888888888888888 
5 0.6493773593904338 0.9554897355524167 0.007291666666666667 0.020370370370370372 
5 0.36623595795709535 0.7190839514471994 0.020833333333333332 0.05925925925925926 
15 0.6706792603141901 0.23452072260405743 0.042708333333333334 0.09259259259259259 
5 0.9051680934388795 0.7216365633704227 0.049479166666666664 0.14074074074074075 
16 0.22362903610744203 0.766899963863814 0.0359375 0.08333333333333333 
32 0.9300214211407973 0.243753296949368 0.043229166666666666 0.09444444444444444 
12 0.4041476202853982 0.23984100216852852 0.016145833333333335 0.03425925925925926 
15 0.5367386993728988 0.21807576769662754 0.0036458333333333334 0.008333333333333333 
36 0.25374408285853844 0.07235306924724562 0.021354166666666667 0.04814814814814815 
22 0.565375654112702 0.8880944906293358 0.06770833333333333 0.14537037037037037 
11 0.31265573909688127 0.7589052496395916 0.058854166666666666 0.16666666666666666 
28 0.6152686396325564 0.882510310339402 0.0296875 0.06574074074074074 
3 0.18154456974237454 0.5379680392814732 0.04739583333333333 0.13240740740740742 
22 0.2975362228091139 0.49487793320593954 0.05260416666666667 0.11296296296296296 
15 0.37167997381598483 0.11451402060857674 0.024479166666666666 0.05277777777777778 
21 0.3951738700127131 0.1551145701267705 0.04791666666666667 0.13518518518518519 
19 0.86935598337101 0.7955606583095544 0.07604166666666666 0.1638888888888889 
3 0.335699179911514 0.8502426423654361 0.05 0.1388888888888889 
19 0.3941131280933881 0.2582194182201902 0.07604166666666666 0.1638888888888889 
37 0.4296992722492895 0.33924246164352206 0.06822916666666666 0.17407407407407408 
13 0.7507289424231192 0.2504262798374726 0.036458333333333336 0.0787037037037037 
2 0.11422807797139953 0.7128667354529943 0.021875 0.062037037037037036 
33 0.06992219523981996 0.3778139137598841 0.0703125 0.16296296296296298 
30 0.32982700169809476 0.8822579495065072 0.01875 0.04537037037037037 
29 0.11092945546318012 0.20517208062195766 0.06145833333333333 0.13148148148148148 
8 0.3252396608531898 0.7759900667342653 0.036458333333333336 0.10462962962962963 
5 0.015447269772361565 0.8700334296623717 0.005729166666666666 0.01574074074074074 
2 0.44781504887127305 0.22565146926228952 0.06302083333333333 0.17962962962962964 
