32 0.4512882589779426 0.3099070055018796 0.06145833333333333 0.13425925925925927 
5 0.8137239407720984 0.6148497041875307 0.0036458333333333334 0.010185185185185186 
21 0.8356998902611856 0.33788028691781125 0.028645833333333332 0.08055555555555556 
2 0.41547225576192426 0.7298285672174035 0.004166666666666667 0.012037037037037037 
32 0.12447184443654381 0.4650622154454473 0.06979166666666667 0.1527777777777778 
7 0.2078108917027065 0.7196466015152372 0.030729166666666665 0.08611111111111111 
4 0.8794279783964467 0.5987996446810124 0.022916666666666665 0.06388888888888888 
2 0.26870775959479826 0.24054273640018295 0.0328125 0.09166666666666666 
31 0.1421242482601004 0.27573430736941623 0.04479166666666667 0.11388888888888889 
20 0.5656367827311556 0.4241659314914702 0.029166666666666667 0.1638888888888889 
32 0.3447121264716048 0.670932132949456 0.08020833333333334 0.17592592592592593 
18 0.44448131272855596 0.4811041825234066 0.028125 0.05740740740740741 
17 0.2216446121098202 0.46984881009902346 0.0546875 0.1388888888888889 
20 0.3089545775899043 0.5864333776889146 0.0125 0.06944444444444445 
24 0.2553215108414482 0.5538717128050996 0.08177083333333333 0.1527777777777778 
20 0.6528363886346371 0.42159391198974255 0.03177083333333333 0.1787037037037037 
22 0.36343986034035725 0.6707863672234895 0.04375 0.09444444444444444 
2 0.14767867409838156 0.3841453005703459 0.029166666666666667 0.08148148148148149 
28 0.25278219554953196 0.7610654330883061 0.06510416666666667 0.14444444444444443 
18 0.5683064890619544 0.6658966267587684 0.08489583333333334 0.175 
35 0.6981435086475345 0.8017259107421394 0.04739583333333333 0.10925925925925926 
2 0.11060193296969167 0.7814967933690298 0.05625 0.16018518518518518 
32 0.11781832598635714 0.7286791484930184 0.058333333333333334 0.12685185185185185 
2 0.19253253815103707 0.736975053575899 0.034375 0.09814814814814815 
9 0.7676991238567157 0.555391304949705 0.013541666666666667 0.037037037037037035 
27 0.5975883371118704 0.20452314218383777 0.01875 0.04351851851851852 
3 0.6931128900715581 0.17282924835077085 0.05364583333333333 0.15 
14 0.44127494170971515 0.41120264762647035 0.05416666666666667 0.11944444444444445 
28 0.9107944890855936 0.907816991504299 0.0125 0.025925925925925925 
3 0.8381771802683026 0.813397191820768 0.041666666666666664 0.11666666666666667 
4 0.7239778508994945 0.4528321188431793 0.04583333333333333 0.1287037037037037 
4 0.2706064954552744 0.5203620891664922 0.003125 0.008333333333333333 
7 0.6107709424054228 0.6119896626958037 0.046875 0.13148148148148148 
