32 0.13864825058026822 0.9256492230956268 0.05 0.10925925925925926 
6 0.4667222334480331 0.7430299560545949 0.043229166666666666 0.12129629629629629 
16 0.2902851352231154 0.6345742535357827 0.0234375 0.05462962962962963 
29 0.46317900818389085 0.6804806895201123 0.05 0.10740740740740741 
35 0.5468221897217785 0.5131769748346381 0.0265625 0.06111111111111111 
21 0.5365224928937217 0.22915174904268676 0.016145833333333335 0.04537037037037037 
10 0.11553042289769962 0.24585793713910134 0.022395833333333334 0.06388888888888888 
32 0.41633584243748833 0.6545374592090393 0.04895833333333333 0.10648148148148148 
34 0.722431402887835 0.9208344320770859 0.0765625 0.125 
29 0.5934531741538683 0.5433569170788741 0.040625 0.08703703703703704 
3 0.8588947078990856 0.09495202554443408 0.005208333333333333 0.013888888888888888 
13 0.7482088566061476 0.8939131340037373 0.07916666666666666 0.17037037037037037 
31 0.36493470187249016 0.576410234204391 0.0234375 0.05925925925925926 
24 0.872439358656909 0.8660929927565505 0.0640625 0.11944444444444445 
35 0.5616852542593118 0.8233481597527541 0.0640625 0.14907407407407408 
18 0.46244066029882125 0.3548002966140621 0.06770833333333333 0.1388888888888889 
32 0.6532728017838915 0.21692180591848378 0.07239583333333334 0.15833333333333333 
4 0.7002298299116486 0.6277618848635694 0.027083333333333334 0.075 
15 0.5056516814606895 0.19542344447885068 0.05364583333333333 0.11574074074074074 
29 0.7806888586587614 0.21022619121302877 0.07864583333333333 0.16944444444444445 
26 0.5441482448084759 0.5946892008893399 0.03177083333333333 0.06574074074074074 
28 0.8576793442334513 0.19129830875737933 0.015625 0.03425925925925926 
11 0.6709261809396883 0.6067218562149016 0.01875 0.053703703703703705 
23 0.6942860829770529 0.3391302505749361 0.06145833333333333 0.15555555555555556 
23 0.28420086061181526 0.7994875699312258 0.0671875 0.1685185185185185 
7 0.19137656562268668 0.2569112577399709 0.027604166666666666 0.07777777777777778 
26 0.07442419139072506 0.95737681242552 0.030729166666666665 0.06388888888888888 
18 0.34283492208409055 0.1822562642171529 0.013541666666666667 0.026851851851851852 
11 0.823911114680912 0.4721097742255754 0.0484375 0.13703703703703704 
37 0.3654599541880696 0.5788912111153526 0.06458333333333334 0.1648148148148148 
29 0.6715103594476906 0.8252274146404287 0.0828125 0.17777777777777778 
6 0.27448781479411416 0.17049409912324165 0.008333333333333333 0.022222222222222223 
