0 0.3013020833333333 0.3138888888888889 0.3296875 0.13333333333333333
1 0.41432291666666665 0.6916666666666667 0.3078125 0.387037037037037
22 0.32473958333333336 0.6726851851851852 0.013020833333333334 0.026851851851851852 
15 0.33697916666666666 0.6726851851851852 0.0125 0.026851851851851852 
16 0.3489583333333333 0.6726851851851852 0.011458333333333333 0.026851851851851852 
7 0.3653645833333333 0.6726851851851852 0.009895833333333333 0.026851851851851852 
4 0.37526041666666665 0.6726851851851852 0.009895833333333333 0.026851851851851852 
7 0.38515625 0.6726851851851852 0.009895833333333333 0.026851851851851852 
8 0.40078125 0.6726851851851852 0.009895833333333333 0.026851851851851852 
2 0.4106770833333333 0.6726851851851852 0.009895833333333333 0.026851851851851852 
2 0.4205729166666667 0.6726851851851852 0.009895833333333333 0.026851851851851852 
10 0.4361979166666667 0.6726851851851852 0.009895833333333333 0.026851851851851852 
7 0.44609375 0.6726851851851852 0.009895833333333333 0.026851851851851852 
6 0.45598958333333334 0.6726851851851852 0.009895833333333333 0.026851851851851852 
