0 0.6216145833333333 0.20185185185185184 0.3921875 0.15925925925925927
1 0.3716145833333333 0.49490740740740746 0.36614583333333334 0.4601851851851852
15 0.26484375 0.47175925925925927 0.015104166666666667 0.032407407407407406 
29 0.2799479166666667 0.47175925925925927 0.015104166666666667 0.032407407407407406 
23 0.29401041666666666 0.47175925925925927 0.013020833333333334 0.032407407407407406 
10 0.31302083333333336 0.47175925925925927 0.011458333333333333 0.032407407407407406 
7 0.32447916666666665 0.47175925925925927 0.011458333333333333 0.032407407407407406 
11 0.3359375 0.47175925925925927 0.011458333333333333 0.032407407407407406 
7 0.3541666666666667 0.47175925925925927 0.011458333333333333 0.032407407407407406 
8 0.36562500000000003 0.47175925925925927 0.011458333333333333 0.032407407407407406 
3 0.3770833333333333 0.47175925925925927 0.011458333333333333 0.032407407407407406 
5 0.3953125 0.47175925925925927 0.011458333333333333 0.032407407407407406 
9 0.40677083333333336 0.47175925925925927 0.011458333333333333 0.032407407407407406 
7 0.41822916666666665 0.47175925925925927 0.011458333333333333 0.032407407407407406 
