0 0.36041666666666666 0.7476851851851852 0.20833333333333334 0.08425925925925926
1 0.7515625 0.7972222222222223 0.19479166666666667 0.24444444444444444
18 0.6950520833333333 0.7847222222222222 0.008854166666666666 0.017592592592592594 
14 0.7033854166666667 0.7847222222222222 0.0078125 0.017592592592592594 
18 0.71171875 0.7847222222222222 0.008854166666666666 0.017592592592592594 
8 0.7229166666666668 0.7847222222222222 0.00625 0.017592592592592594 
7 0.7291666666666667 0.7847222222222222 0.00625 0.017592592592592594 
3 0.7354166666666667 0.7847222222222222 0.00625 0.017592592592592594 
10 0.7453125 0.7847222222222222 0.00625 0.017592592592592594 
5 0.7515625 0.7847222222222222 0.00625 0.017592592592592594 
6 0.7578125 0.7847222222222222 0.00625 0.017592592592592594 
9 0.7677083333333333 0.7847222222222222 0.00625 0.017592592592592594 
2 0.7739583333333334 0.7847222222222222 0.00625 0.017592592592592594 
5 0.7802083333333334 0.7847222222222222 0.00625 0.017592592592592594 
