0 0.22916666666666666 0.35879629629629634 0.03125 0.012037037037037037
1 0.31354166666666666 0.8814814814814814 0.029166666666666667 0.037037037037037035
33 0.30494791666666665 0.8791666666666667 0.0015625 0.002777777777777778 
32 0.30598958333333337 0.8796296296296297 0.0015625 0.003703703703703704 
16 0.30703125000000003 0.8791666666666667 0.0015625 0.002777777777777778 
8 0.30833333333333335 0.8796296296296297 0.0010416666666666667 0.003703703703703704 
4 0.309375 0.8791666666666667 0.0010416666666666667 0.002777777777777778 
6 0.3104166666666667 0.8791666666666667 0.0010416666666666667 0.002777777777777778 
11 0.3119791666666667 0.8796296296296297 0.0010416666666666667 0.003703703703703704 
7 0.31302083333333336 0.8796296296296297 0.0010416666666666667 0.003703703703703704 
8 0.3140625 0.8796296296296297 0.0010416666666666667 0.003703703703703704 
6 0.31562500000000004 0.8791666666666667 0.0010416666666666667 0.002777777777777778 
8 0.3166666666666667 0.8796296296296297 0.0010416666666666667 0.003703703703703704 
7 0.31770833333333337 0.8796296296296297 0.0010416666666666667 0.003703703703703704 
