0 0.2953125 0.4125 0.2916666666666667 0.1175925925925926
1 0.22005208333333331 0.612037037037037 0.27239583333333334 0.3425925925925926
25 0.140625 0.5953703703703704 0.011458333333333333 0.024074074074074074 
17 0.15130208333333334 0.5953703703703704 0.009895833333333333 0.024074074074074074 
18 0.1625 0.5953703703703704 0.0125 0.024074074074074074 
11 0.17838541666666666 0.5953703703703704 0.008854166666666666 0.024074074074074074 
8 0.18723958333333332 0.5953703703703704 0.008854166666666666 0.024074074074074074 
10 0.19609375 0.5953703703703704 0.008854166666666666 0.024074074074074074 
5 0.21015625 0.5953703703703704 0.008854166666666666 0.024074074074074074 
6 0.21901041666666665 0.5953703703703704 0.008854166666666666 0.024074074074074074 
9 0.22786458333333334 0.5953703703703704 0.008854166666666666 0.024074074074074074 
10 0.24192708333333332 0.5953703703703704 0.008854166666666666 0.024074074074074074 
2 0.25078125 0.5953703703703704 0.008854166666666666 0.024074074074074074 
10 0.2596354166666667 0.5953703703703704 0.008854166666666666 0.024074074074074074 
