0 0.5403645833333333 0.34444444444444444 0.5161458333333333 0.20925925925925926
1 0.46354166666666663 0.32083333333333336 0.4822916666666667 0.6064814814814815
14 0.3229166666666667 0.2902777777777778 0.019791666666666666 0.04537037037037037 
34 0.34609375000000003 0.2902777777777778 0.0265625 0.04351851851851852 
36 0.36796875 0.2902777777777778 0.019270833333333334 0.04351851851851852 
10 0.39479166666666665 0.29074074074074074 0.015625 0.044444444444444446 
9 0.41041666666666665 0.29074074074074074 0.015625 0.04259259259259259 
4 0.42604166666666665 0.2902777777777778 0.015625 0.04351851851851852 
8 0.4510416666666667 0.29074074074074074 0.015625 0.044444444444444446 
8 0.4666666666666667 0.29074074074074074 0.015625 0.044444444444444446 
4 0.4822916666666667 0.2902777777777778 0.015625 0.04351851851851852 
4 0.5072916666666667 0.2902777777777778 0.015625 0.04351851851851852 
5 0.5229166666666667 0.29074074074074074 0.015625 0.044444444444444446 
10 0.5385416666666667 0.29074074074074074 0.015625 0.044444444444444446 
