32 0.4540666005302801 0.6785599508481656 0.013020833333333334 0.028703703703703703 
22 0.8794449387854393 0.5293305668000094 0.0296875 0.06388888888888888 
20 0.6329882699967696 0.9061241527765266 0.011979166666666667 0.06666666666666667 
4 0.5487538144500006 0.5818547469261027 0.04010416666666667 0.11203703703703703 
26 0.027079113591449936 0.7157757108817812 0.0453125 0.09259259259259259 
20 0.006239617166262522 0.7978872668570476 0.011979166666666667 0.06759259259259259 
23 0.6203779132017286 0.6869957181878626 0.044270833333333336 0.11203703703703703 
36 0.30463659847125274 0.1651158435384713 0.022395833333333334 0.05 
33 0.6067204309095849 0.590580788902564 0.008854166666666666 0.020370370370370372 
28 0.6118521315193041 0.7254810766680481 0.011458333333333333 0.024074074074074074 
33 0.5551556978954508 0.2899608518289859 0.0421875 0.09722222222222222 
32 0.847305706616141 0.9238471805721891 0.025520833333333333 0.05555555555555555 
11 0.20248683076162283 0.4772712479854626 0.024479166666666666 0.06851851851851852 
23 0.26197243694992656 0.6039716544391586 0.0546875 0.1388888888888889 
26 0.5387916054132807 0.6840583650986138 0.08489583333333334 0.175 
35 0.6169284297370857 0.3881303750573574 0.071875 0.16666666666666666 
20 0.19080445791034084 0.08618072935535968 0.013020833333333334 0.0712962962962963 
28 0.7343033719929287 0.7108130489200569 0.07239583333333334 0.16018518518518518 
26 0.20518488934342957 0.44619424652196865 0.0421875 0.08611111111111111 
2 0.34356531349720765 0.5713840151438896 0.01875 0.053703703703703705 
2 0.4557556720389674 0.3512723863955399 0.021875 0.062037037037037036 
