32 0.4443695013172366 0.5083330331611272 0.016145833333333335 0.03518518518518519 
23 0.431944525560572 0.17417944073735353 0.007291666666666667 0.017592592592592594 
28 0.26861994825704266 0.42954431081119493 0.059375 0.13148148148148148 
12 0.11908904957907981 0.9066098680247994 0.008333333333333333 0.017592592592592594 
16 0.5925063714850395 0.9167282672280677 0.0484375 0.11296296296296296 
37 0.7278306702046646 0.6111428865742736 0.0453125 0.11574074074074074 
3 0.4263309964338889 0.3547827108730839 0.005729166666666666 0.01574074074074074 
33 0.6013329326228126 0.4217294291888207 0.019270833333333334 0.04351851851851852 
13 0.48536479891703804 0.2858044085769211 0.06510416666666667 0.1398148148148148 
18 0.16760389831602857 0.8381518140432436 0.08229166666666667 0.17037037037037037 
10 0.35375495656953126 0.5041205571397955 0.0578125 0.1648148148148148 
12 0.9730411675803792 0.2716996786087875 0.0171875 0.037037037037037035 
33 0.06029862233573828 0.28030506453099424 0.06822916666666666 0.1574074074074074 
14 0.4727395305955218 0.6422334563494777 0.01875 0.041666666666666664 
21 0.393740662259622 0.6962886103994752 0.03802083333333333 0.10833333333333334 
2 0.49159616316110144 0.41048797461925113 0.016666666666666666 0.04722222222222222 
3 0.5191032123099635 0.7375293696350943 0.0625 0.175 
3 0.25554356646999793 0.8071878224107005 0.0421875 0.1175925925925926 
27 0.4373636678293585 0.10130235707146164 0.034895833333333334 0.08148148148148149 
21 0.11016555730481169 0.4038917700051837 0.04791666666666667 0.1361111111111111 
17 0.01914393297336409 0.6819014486756043 0.03333333333333333 0.08425925925925926 
16 0.8134675141023577 0.6812830205177322 0.041666666666666664 0.09722222222222222 
22 0.18976349749373336 0.7696672072052311 0.0296875 0.06388888888888888 
34 0.19958003251320375 0.21773395764106834 0.0421875 0.06851851851851852 
11 0.5880191984935643 0.8767060247256664 0.05416666666666667 0.15555555555555556 
24 0.19574116483390502 0.37895904893774657 0.0953125 0.17777777777777778 
26 0.19089755709806863 0.16312582659776426 0.027083333333333334 0.05555555555555555 
22 0.8628949717314888 0.5816034743521388 0.03333333333333333 0.0712962962962963 
