0 0.39036458333333335 0.475462962962963 0.38177083333333334 0.15462962962962962
1 0.61484375 0.26111111111111107 0.3567708333333333 0.44814814814814813
27 0.5098958333333333 0.2388888888888889 0.013541666666666667 0.03148148148148148 
17 0.5229166666666667 0.2388888888888889 0.0125 0.03148148148148148 
18 0.5372395833333333 0.2388888888888889 0.016145833333333335 0.03148148148148148 
7 0.5578125 0.2388888888888889 0.011458333333333333 0.03148148148148148 
9 0.5692708333333334 0.2388888888888889 0.011458333333333333 0.03148148148148148 
10 0.5807291666666666 0.2388888888888889 0.011458333333333333 0.03148148148148148 
8 0.5989583333333334 0.2388888888888889 0.011458333333333333 0.03148148148148148 
3 0.6104166666666667 0.2388888888888889 0.011458333333333333 0.03148148148148148 
2 0.621875 0.2388888888888889 0.011458333333333333 0.03148148148148148 
3 0.6401041666666667 0.2388888888888889 0.011458333333333333 0.03148148148148148 
10 0.6515625 0.2388888888888889 0.011458333333333333 0.03148148148148148 
10 0.6630208333333334 0.2388888888888889 0.011458333333333333 0.03148148148148148 
