32 0.14852245739434183 0.5701370228703156 0.04791666666666667 0.10555555555555556 
28 0.10560628557362615 0.5009015126666999 0.023958333333333335 0.053703703703703705 
8 0.5706860825477277 0.22022196689763762 0.04010416666666667 0.11388888888888889 
32 0.5865100891034256 0.7908387056660641 0.0828125 0.18055555555555555 
4 0.06216048809367748 0.8387623841901322 0.009375 0.025925925925925925 
15 0.05162364266323739 0.7087419253004583 0.05 0.10740740740740741 
11 0.6027000022929554 0.11904146258843729 0.0515625 0.14537037037037037 
6 0.5111735480498908 0.5544247422953305 0.0390625 0.10925925925925926 
14 0.7835104154671457 0.7428314172963738 0.03958333333333333 0.08703703703703704 
8 0.5246352545379319 0.33516953349872225 0.009375 0.025925925925925925 
22 0.10273331854964465 0.19768219025969003 0.07604166666666666 0.1638888888888889 
12 0.21006183865911307 0.8745636780855792 0.0453125 0.09722222222222222 
8 0.776834195585493 0.7732534172546998 0.04010416666666667 0.11388888888888889 
32 0.94676608775558 0.2678047967712107 0.029166666666666667 0.06296296296296296 
33 0.925234693367381 0.22552917255215366 0.016666666666666666 0.03888888888888889 
17 0.7105166234483562 0.26045535354495614 0.05416666666666667 0.13796296296296295 
36 0.648767746536584 0.17476271375645552 0.07760416666666667 0.1787037037037037 
16 0.8940033619217438 0.6893938565186271 0.06822916666666666 0.15925925925925927 
2 0.7801214916889592 0.1676552959077929 0.016145833333333335 0.04537037037037037 
21 0.3961124165804208 0.564309484802088 0.05 0.14166666666666666 
23 0.2948071804269711 0.5474436436339231 0.046875 0.11851851851851852 
36 0.03351660337191518 0.8143321079500059 0.04479166666666667 0.10277777777777777 
8 0.09387727353634495 0.4975928479065477 0.058854166666666666 0.16666666666666666 
24 0.8616192461059712 0.45219622813858446 0.0453125 0.08425925925925926 
