32 0.7660995395789272 0.17025492862260838 0.025520833333333333 0.05555555555555555 
30 0.8271492995688087 0.948786195630472 0.022395833333333334 0.05462962962962963 
28 0.2230992717340988 0.20088243245904674 0.04479166666666667 0.09907407407407408 
31 0.30048370654770484 0.6671768094686203 0.00625 0.01574074074074074 
3 0.7623276574360455 0.6549903323995304 0.06041666666666667 0.16944444444444445 
29 0.01445607281018049 0.377137635436911 0.025520833333333333 0.05462962962962963 
9 0.8409337307032353 0.42703802474607766 0.04479166666666667 0.12314814814814815 
31 0.3503551895044088 0.4639777067104701 0.04895833333333333 0.125 
37 0.5222786673233248 0.4663439734765456 0.025520833333333333 0.06388888888888888 
3 0.4959882734550798 0.2566384683066439 0.05625 0.1574074074074074 
21 0.8929173475646904 0.6678989412508569 0.028645833333333332 0.08148148148148149 
21 0.2511974452144158 0.33397401801165916 0.05572916666666667 0.15833333333333333 
19 0.1753945501100109 0.3049004103331886 0.027083333333333334 0.058333333333333334 
10 0.2582284012650547 0.09911666896535387 0.025 0.07037037037037037 
18 0.5609003479128123 0.8262218919726015 0.059375 0.12222222222222222 
15 0.193222638070934 0.19679132465940463 0.06927083333333334 0.14814814814814814 
12 0.06976600748322052 0.37737633608653937 0.05677083333333333 0.12222222222222222 
28 0.28029003075748854 0.11957408420742381 0.009375 0.020370370370370372 
17 0.5435611485867186 0.39637468481816807 0.03802083333333333 0.09722222222222222 
15 0.9205830017529616 0.1581049476085716 0.03229166666666667 0.06944444444444445 
5 0.04116236572500469 0.6476727794443045 0.03229166666666667 0.09166666666666666 
4 0.5543197243088027 0.49301823142025136 0.041666666666666664 0.11666666666666667 
16 0.37980506397565206 0.13086768707121993 0.058854166666666666 0.1361111111111111 
15 0.749393242572592 0.5003961247691966 0.0765625 0.1648148148148148 
34 0.2945260934863578 0.5137215149005604 0.03958333333333333 0.06481481481481481 
13 0.37117706878836904 0.8844638783085701 0.0328125 0.0712962962962963 
