0 0.21692708333333333 0.5375 0.1578125 0.06388888888888888
1 0.8377604166666667 0.725 0.14739583333333334 0.18518518518518517
14 0.7942708333333334 0.7157407407407408 0.00625 0.012962962962962963 
17 0.7999999999999999 0.7157407407407408 0.005208333333333333 0.012962962962962963 
36 0.8052083333333334 0.7157407407407408 0.00625 0.012962962962962963 
2 0.81328125 0.7157407407407408 0.0046875 0.012962962962962963 
6 0.81796875 0.7157407407407408 0.0046875 0.012962962962962963 
2 0.82265625 0.7157407407407408 0.0046875 0.012962962962962963 
4 0.8299479166666667 0.7157407407407408 0.0046875 0.012962962962962963 
10 0.8346354166666666 0.7157407407407408 0.0046875 0.012962962962962963 
5 0.8393229166666667 0.7157407407407408 0.0046875 0.012962962962962963 
10 0.8466145833333333 0.7157407407407408 0.0046875 0.012962962962962963 
6 0.8513020833333333 0.7157407407407408 0.0046875 0.012962962962962963 
6 0.8559895833333333 0.7157407407407408 0.0046875 0.012962962962962963 
