0 0.10390625 0.4671296296296296 0.19427083333333334 0.0787037037037037
1 0.7747395833333333 0.30925925925925923 0.18177083333333333 0.22777777777777777
22 0.7216145833333333 0.29768518518518516 0.0078125 0.01574074074074074 
32 0.7286458333333333 0.29768518518518516 0.007291666666666667 0.01574074074074074 
14 0.7359375 0.29768518518518516 0.007291666666666667 0.01574074074074074 
3 0.74609375 0.29768518518518516 0.005729166666666666 0.01574074074074074 
5 0.7518229166666666 0.29768518518518516 0.005729166666666666 0.01574074074074074 
4 0.7575520833333332 0.29768518518518516 0.005729166666666666 0.01574074074074074 
2 0.7669270833333333 0.29768518518518516 0.005729166666666666 0.01574074074074074 
7 0.7726562499999999 0.29768518518518516 0.005729166666666666 0.01574074074074074 
3 0.7783854166666666 0.29768518518518516 0.005729166666666666 0.01574074074074074 
11 0.7877604166666666 0.29768518518518516 0.005729166666666666 0.01574074074074074 
9 0.7934895833333333 0.29768518518518516 0.005729166666666666 0.01574074074074074 
5 0.79921875 0.29768518518518516 0.005729166666666666 0.01574074074074074 
