32 0.3736739363050337 0.14530712358292142 0.049479166666666664 0.10833333333333334 
33 0.1852772625067606 0.7024418591241266 0.023958333333333335 0.05555555555555555 
23 0.7485692700605519 0.276220354936348 0.059895833333333336 0.15092592592592594 
35 0.4997979714662263 0.2481125109770888 0.03958333333333333 0.09259259259259259 
32 0.6405281209490982 0.30887878877216857 0.059895833333333336 0.13148148148148148 
8 0.6646249887367144 0.7361096952966194 0.04791666666666667 0.1361111111111111 
31 0.44897347692434103 0.8094004597706526 0.020833333333333332 0.05277777777777778 
32 0.8028672934432257 0.48190633113239234 0.019791666666666666 0.044444444444444446 
21 0.3414781083379486 0.12503928535610304 0.0067708333333333336 0.018518518518518517 
7 0.6316792484911723 0.11896412503437113 0.0484375 0.1361111111111111 
10 0.6528820324369969 0.6364283948311991 0.0453125 0.12777777777777777 
19 0.6181574950199623 0.6628694859478228 0.07291666666666667 0.15648148148148147 
32 0.16900425729589774 0.5006771863263504 0.06041666666666667 0.13148148148148148 
33 0.043962726724326835 0.6200821328205021 0.06979166666666667 0.16203703703703703 
37 0.3303861397419335 0.8582676458010378 0.0078125 0.019444444444444445 
