0 0.33072916666666663 0.7578703703703704 0.3416666666666667 0.13796296296296295
1 0.3208333333333333 0.5745370370370371 0.31875 0.4009259259259259
25 0.22734374999999998 0.5541666666666667 0.013020833333333334 0.028703703703703703 
16 0.24010416666666667 0.5541666666666667 0.0125 0.028703703703703703 
31 0.2520833333333333 0.5541666666666667 0.011458333333333333 0.028703703703703703 
10 0.2692708333333333 0.5546296296296296 0.010416666666666666 0.027777777777777776 
3 0.2796875 0.5546296296296296 0.010416666666666666 0.027777777777777776 
11 0.29010416666666666 0.5546296296296296 0.010416666666666666 0.027777777777777776 
10 0.3067708333333333 0.5546296296296296 0.010416666666666666 0.027777777777777776 
3 0.31718749999999996 0.5546296296296296 0.010416666666666666 0.027777777777777776 
5 0.32760416666666664 0.5546296296296296 0.010416666666666666 0.027777777777777776 
9 0.3442708333333333 0.5546296296296296 0.010416666666666666 0.027777777777777776 
3 0.3546875 0.5546296296296296 0.010416666666666666 0.027777777777777776 
10 0.3651041666666667 0.5546296296296296 0.010416666666666666 0.027777777777777776 
