33 0.4769494283565577 0.42854886977083245 0.04635416666666667 0.10740740740740741 
6 0.29765833899677574 0.4628404506869814 0.03958333333333333 0.11018518518518519 
8 0.6658633596085278 0.9060432653519477 0.034375 0.09814814814814815 
29 0.029045886174400768 0.747098690882289 0.013020833333333334 0.026851851851851852 
29 0.5420472485093404 0.4481233265316721 0.034895833333333334 0.07592592592592592 
29 0.7715341041304746 0.35051313923994426 0.020833333333333332 0.044444444444444446 
36 0.9669515608471633 0.8509520485714241 0.0140625 0.03148148148148148 
12 0.4131155442115494 0.7498992743341869 0.07760416666666667 0.16666666666666666 
16 0.2685769474243892 0.8908749620598154 0.07604166666666666 0.17685185185185184 
16 0.3698550869562537 0.8542719990525913 0.041666666666666664 0.09722222222222222 
33 0.953899979079447 0.04945190595606307 0.0046875 0.010185185185185186 
24 0.7527474969278432 0.4363840422715596 0.08802083333333334 0.1648148148148148 
10 0.1295187867003958 0.6111998677352513 0.041666666666666664 0.11851851851851852 
16 0.7795451957188724 0.4303602231349528 0.042708333333333334 0.09907407407407408 
37 0.4197011889974083 0.7298525477759812 0.0390625 0.09907407407407408 
29 0.30493214654505785 0.16544577379162936 0.016145833333333335 0.03425925925925926 
35 0.9826151973002911 0.4174986073725592 0.0067708333333333336 0.014814814814814815 
32 0.9073064931943499 0.14025784543193937 0.059895833333333336 0.13148148148148148 
33 0.22139004166058918 0.5285754495504059 0.071875 0.16666666666666666 
33 0.1455173857976465 0.4409596804314453 0.04010416666666667 0.09259259259259259 
14 0.13543803347221897 0.7865171220868772 0.0140625 0.02962962962962963 
