33 0.016782858874813518 0.28524245725122593 0.030208333333333334 0.06944444444444445 
7 0.7480433163077833 0.19216940769973448 0.0484375 0.13518518518518519 
12 0.0771552189738822 0.41177695062068337 0.030729166666666665 0.06666666666666667 
22 0.4681094651516704 0.9257551227410461 0.05625 0.12037037037037036 
14 0.894056573190128 0.6801743582818435 0.06822916666666666 0.15092592592592594 
22 0.08394538591588571 0.2991220422506318 0.025 0.053703703703703705 
15 0.9022516021163309 0.14447799319821258 0.07291666666666667 0.15648148148148147 
6 0.2962519596458493 0.8508573970535243 0.05260416666666667 0.14629629629629629 
6 0.5763502341531906 0.7912747030092576 0.004166666666666667 0.011111111111111112 
12 0.8635001726629064 0.415919868389092 0.005208333333333333 0.010185185185185186 
11 0.3427975994403788 0.6162012171067605 0.06145833333333333 0.175 
24 0.7672218493281474 0.7439120625346722 0.0796875 0.14814814814814814 
11 0.2718091392734794 0.2698528543535058 0.004166666666666667 0.012037037037037037 
5 0.931187100639732 0.323999710284946 0.00625 0.017592592592592594 
16 0.9214248261326831 0.6567643435586218 0.0140625 0.032407407407407406 
11 0.8127600266758109 0.8634155817245391 0.05 0.14166666666666666 
32 0.24231020854218782 0.22775425171942387 0.06875 0.15 
6 0.4623106050611078 0.6888041461436021 0.028125 0.07777777777777778 
17 0.6920453611091121 0.7771578158404147 0.01875 0.04722222222222222 
23 0.873204428993877 0.8323595800447522 0.027604166666666666 0.07037037037037037 
