33 0.5784655941324257 0.5326041666547852 0.0296875 0.06851851851851852 
9 0.08915839624657146 0.18234163304358691 0.0578125 0.15925925925925927 
27 0.07104367657073694 0.1344028231984407 0.04010416666666667 0.09259259259259259 
33 0.6791727235235103 0.9449741345305838 0.0171875 0.03888888888888889 
24 0.1540624768889156 0.5180915287416373 0.090625 0.1685185185185185 
12 0.8140468437476153 0.412112364958989 0.051041666666666666 0.11018518518518519 
19 0.3050414194874873 0.766198172473813 0.07916666666666666 0.17037037037037037 
24 0.28451206910593896 0.7853037701155925 0.08229166666666667 0.1527777777777778 
20 0.42372808969550735 0.7934799059661836 0.014583333333333334 0.08055555555555556 
36 0.2953121931493723 0.43781967698291674 0.07708333333333334 0.17777777777777778 
19 0.5257283262865649 0.2828950566003098 0.027083333333333334 0.058333333333333334 
6 0.5636877915465993 0.2825308668826226 0.019270833333333334 0.05462962962962963 
23 0.8272147183673804 0.7615565077187343 0.06197916666666667 0.1574074074074074 
14 0.8105400756404973 0.265843789206022 0.034895833333333334 0.07685185185185185 
12 0.6099298622224235 0.12061328562832345 0.05572916666666667 0.12037037037037036 
14 0.7091799269959147 0.9049840955617555 0.008854166666666666 0.019444444444444445 
17 0.2448248912915252 0.09688457600382808 0.03697916666666667 0.09444444444444444 
7 0.4532542287092204 0.1587424606129506 0.027083333333333334 0.075 
29 0.45238202342100703 0.9258668793045658 0.0125 0.026851851851851852 
26 0.2648214915038819 0.4597205386303022 0.06875 0.14074074074074075 
3 0.8691518511115557 0.6419587793085437 0.0026041666666666665 0.006481481481481481 
20 0.2363519633480644 0.2532782683302693 0.009895833333333333 0.05462962962962963 
9 0.22363600598454755 0.37553390215362453 0.04583333333333333 0.12685185185185185 
27 0.2580854431198847 0.09374320419070287 0.0036458333333333334 0.008333333333333333 
16 0.8349415781386815 0.751689260572246 0.0734375 0.17037037037037037 
21 0.45740511178829757 0.8725198107341523 0.03229166666666667 0.09166666666666666 
