0 0.6148437499999999 0.1615740740740741 0.5046875 0.20462962962962963
1 0.7429687500000001 0.47129629629629627 0.4713541666666667 0.5925925925925926
30 0.6049479166666667 0.44166666666666665 0.018229166666666668 0.044444444444444446 
19 0.6239583333333333 0.4416666666666667 0.019791666666666666 0.04259259259259259 
37 0.6421875 0.4416666666666667 0.016666666666666666 0.04259259259259259 
4 0.6669270833333334 0.4416666666666667 0.015104166666666667 0.04259259259259259 
9 0.68203125 0.4421296296296296 0.015104166666666667 0.041666666666666664 
6 0.6971354166666667 0.4416666666666667 0.015104166666666667 0.04259259259259259 
11 0.72109375 0.44212962962962965 0.015104166666666667 0.04351851851851852 
6 0.7361979166666667 0.4416666666666667 0.015104166666666667 0.04259259259259259 
5 0.7513020833333334 0.44212962962962965 0.015104166666666667 0.04351851851851852 
8 0.7752604166666667 0.44212962962962965 0.015104166666666667 0.04351851851851852 
7 0.7903645833333334 0.4425925925925926 0.015104166666666667 0.04259259259259259 
2 0.8054687500000001 0.44212962962962965 0.015104166666666667 0.04351851851851852 
