0 0.75859375 0.5722222222222222 0.3848958333333333 0.15555555555555556
1 0.5338541666666667 0.3287037037037037 0.359375 0.45185185185185184
30 0.428125 0.3055555555555555 0.013541666666666667 0.03148148148148148 
17 0.4411458333333333 0.3055555555555555 0.0125 0.03148148148148148 
36 0.45416666666666666 0.3055555555555555 0.014583333333333334 0.03148148148148148 
4 0.4734375 0.3055555555555555 0.011458333333333333 0.03148148148148148 
4 0.48489583333333336 0.3055555555555555 0.011458333333333333 0.03148148148148148 
8 0.49635416666666665 0.3055555555555555 0.011458333333333333 0.03148148148148148 
11 0.5145833333333334 0.3055555555555555 0.011458333333333333 0.03148148148148148 
10 0.5260416666666666 0.3055555555555555 0.011458333333333333 0.03148148148148148 
7 0.5375 0.3055555555555555 0.011458333333333333 0.03148148148148148 
10 0.5557291666666667 0.3055555555555555 0.011458333333333333 0.03148148148148148 
10 0.5671875 0.3055555555555555 0.011458333333333333 0.03148148148148148 
10 0.5786458333333333 0.3055555555555555 0.011458333333333333 0.03148148148148148 
