0 0.5520833333333333 0.6430555555555556 0.5177083333333333 0.2101851851851852
1 0.25625 0.5620370370370371 0.48333333333333334 0.6074074074074074
16 0.11458333333333333 0.5310185185185186 0.01875 0.04351851851851852 
19 0.13385416666666666 0.5310185185185186 0.019791666666666666 0.04351851851851852 
14 0.15364583333333331 0.5310185185185184 0.019791666666666666 0.04537037037037037 
10 0.18072916666666666 0.5314814814814816 0.015625 0.044444444444444446 
5 0.19635416666666666 0.5314814814814816 0.015625 0.044444444444444446 
6 0.21197916666666666 0.5310185185185186 0.015625 0.04351851851851852 
8 0.23697916666666666 0.5314814814814816 0.015625 0.044444444444444446 
9 0.25260416666666663 0.5314814814814814 0.015625 0.04259259259259259 
8 0.2682291666666667 0.5314814814814816 0.015625 0.044444444444444446 
10 0.29322916666666665 0.5314814814814816 0.015625 0.044444444444444446 
5 0.30885416666666665 0.5314814814814816 0.015625 0.044444444444444446 
6 0.32447916666666665 0.5310185185185186 0.015625 0.04351851851851852 
