33 0.2692213320411972 0.574732178902033 0.013541666666666667 0.030555555555555555 
20 0.05153060007369295 0.7159458534067955 0.028645833333333332 0.16111111111111112 
5 0.8840057311319143 0.06632349400123924 0.027604166666666666 0.07777777777777778 
35 0.07756444127411696 0.1077697425592135 0.0067708333333333336 0.014814814814814815 
26 0.4330781660578264 0.8639816541441148 0.019270833333333334 0.040740740740740744 
9 0.721761539030126 0.9586363155723545 0.017708333333333333 0.04814814814814815 
31 0.15786621911802085 0.5603174688598221 0.01875 0.04722222222222222 
17 0.23562144372284724 0.7985215497982048 0.04895833333333333 0.12407407407407407 
27 0.7576094365039339 0.9174452730097341 0.010416666666666666 0.024074074074074074 
28 0.8412903462194894 0.9122282745098881 0.075 0.1675925925925926 
30 0.6647523965612693 0.5291517062268073 0.0067708333333333336 0.01574074074074074 
13 0.099725138517625 0.7020506399532627 0.0796875 0.1712962962962963 
13 0.14302689511849562 0.3920419867241901 0.013541666666666667 0.02962962962962963 
22 0.24100920168539183 0.957547290520808 0.005208333333333333 0.010185185185185186 
9 0.08280017399548391 0.4009201100110433 0.0265625 0.07222222222222222 
3 0.8211673687027891 0.7868473474639924 0.034375 0.0962962962962963 
17 0.7575721287414625 0.6383173982961294 0.028125 0.0712962962962963 
33 0.8991332768212836 0.1241296406577324 0.011458333333333333 0.026851851851851852 
31 0.2160325474069249 0.17517239665629095 0.027083333333333334 0.06851851851851852 
11 0.6425125380650013 0.7543748620275516 0.005208333333333333 0.014814814814814815 
