0 0.8565104166666667 0.663888888888889 0.14739583333333334 0.05925925925925926
1 0.6432291666666666 0.4967592592592593 0.1375 0.17314814814814813
32 0.6028645833333333 0.4875 0.005729166666666666 0.012037037037037037 
35 0.6083333333333333 0.4875 0.005208333333333333 0.012037037037037037 
31 0.61328125 0.4875 0.0046875 0.012037037037037037 
3 0.6203125 0.4875 0.004166666666666667 0.012037037037037037 
7 0.6244791666666667 0.4875 0.004166666666666667 0.012037037037037037 
4 0.6286458333333333 0.4875 0.004166666666666667 0.012037037037037037 
2 0.6354166666666666 0.4875 0.004166666666666667 0.012037037037037037 
8 0.6395833333333333 0.4875 0.004166666666666667 0.012037037037037037 
3 0.64375 0.4875 0.004166666666666667 0.012037037037037037 
9 0.6505208333333333 0.4875 0.004166666666666667 0.012037037037037037 
11 0.6546875 0.4875 0.004166666666666667 0.012037037037037037 
4 0.6588541666666666 0.4875 0.004166666666666667 0.012037037037037037 
