0 0.5270833333333333 0.4675925925925926 0.3020833333333333 0.12222222222222222
1 0.7411458333333333 0.2967592592592593 0.28229166666666666 0.35462962962962963
33 0.65859375 0.2791666666666667 0.0109375 0.025 
25 0.6697916666666667 0.2791666666666667 0.011458333333333333 0.025 
18 0.6817708333333333 0.2791666666666667 0.0125 0.025 
3 0.69765625 0.2791666666666667 0.008854166666666666 0.025 
5 0.7065104166666666 0.2791666666666667 0.008854166666666666 0.025 
7 0.7153645833333333 0.2791666666666667 0.008854166666666666 0.025 
8 0.7294270833333333 0.2791666666666667 0.008854166666666666 0.025 
10 0.73828125 0.2791666666666667 0.008854166666666666 0.025 
6 0.7471354166666666 0.2791666666666667 0.008854166666666666 0.025 
6 0.7611979166666666 0.2791666666666667 0.008854166666666666 0.025 
6 0.7700520833333333 0.2791666666666667 0.008854166666666666 0.025 
4 0.77890625 0.2791666666666667 0.008854166666666666 0.025 
