33 0.736654988424297 0.6002771078925012 0.058854166666666666 0.1361111111111111 
22 0.5516989063621228 0.6032073263351299 0.0796875 0.1712962962962963 
32 0.2877114599031632 0.7462761456778128 0.06302083333333333 0.13703703703703704 
23 0.43708545351715405 0.16524269389928636 0.046875 0.11851851851851852 
19 0.8960677254749011 0.4053811801607829 0.03958333333333333 0.08518518518518518 
31 0.5465976134144982 0.861031943087991 0.03854166666666667 0.09722222222222222 
9 0.4756472934490977 0.6625119173901971 0.030729166666666665 0.08518518518518518 
31 0.03068188878421732 0.9077538868641519 0.0390625 0.09907407407407408 
16 0.49189396947831887 0.7740100617198584 0.025 0.05740740740740741 
12 0.6280387224706631 0.4682669231024559 0.022916666666666665 0.049074074074074076 
28 0.717948620816465 0.04651239955951593 0.0234375 0.05277777777777778 
31 0.5719793647300392 0.4720112039629829 0.007291666666666667 0.017592592592592594 
6 0.22123912439568294 0.8337269769171378 0.026041666666666668 0.07222222222222222 
16 0.44296241717939605 0.49980452431153605 0.029166666666666667 0.06851851851851852 
28 0.5624469303689865 0.24295944796388874 0.033854166666666664 0.075 
2 0.8106903204985924 0.4765792829919523 0.05 0.14166666666666666 
22 0.19268090206688823 0.29408453903967086 0.0203125 0.04351851851851852 
34 0.417898381645815 0.2845625076882493 0.0890625 0.14629629629629629 
26 0.07916640345298553 0.7691327930909606 0.010416666666666666 0.021296296296296296 
31 0.14204976829911245 0.2941297758195618 0.04010416666666667 0.10185185185185185 
21 0.6722841533268762 0.16545537071954822 0.008333333333333333 0.022222222222222223 
3 0.1923038812543841 0.8799641944191144 0.016145833333333335 0.04537037037037037 
24 0.13218038114645983 0.8873415418675912 0.051041666666666666 0.09537037037037037 
2 0.35020605131035293 0.34391163189066803 0.03958333333333333 0.11203703703703703 
33 0.35520019102614164 0.7041405560674291 0.07395833333333333 0.1712962962962963 
