0 0.4859375 0.648611111111111 0.340625 0.13796296296296295
1 0.66328125 0.5231481481481481 0.3182291666666667 0.4
24 0.5710937500000001 0.5032407407407408 0.015104166666666667 0.028703703703703703 
36 0.5846354166666666 0.5032407407407408 0.013020833333333334 0.028703703703703703 
12 0.5979166666666667 0.5032407407407408 0.013541666666666667 0.028703703703703703 
5 0.6156250000000001 0.5037037037037037 0.010416666666666666 0.027777777777777776 
8 0.6260416666666667 0.5037037037037037 0.010416666666666666 0.027777777777777776 
2 0.6364583333333333 0.5037037037037037 0.010416666666666666 0.027777777777777776 
10 0.6531250000000001 0.5037037037037037 0.010416666666666666 0.027777777777777776 
11 0.6635416666666667 0.5037037037037037 0.010416666666666666 0.027777777777777776 
5 0.6739583333333333 0.5037037037037037 0.010416666666666666 0.027777777777777776 
3 0.690625 0.5037037037037037 0.010416666666666666 0.027777777777777776 
3 0.7010416666666667 0.5037037037037037 0.010416666666666666 0.027777777777777776 
4 0.7114583333333334 0.5037037037037037 0.010416666666666666 0.027777777777777776 
