0 0.23307291666666669 0.562037037037037 0.2526041666666667 0.10185185185185185
1 0.7205729166666667 0.21944444444444444 0.2359375 0.2962962962962963
33 0.6515624999999999 0.20416666666666666 0.009375 0.021296296296296296 
30 0.6609375 0.20416666666666666 0.009375 0.021296296296296296 
37 0.6697916666666667 0.20416666666666666 0.008333333333333333 0.021296296296296296 
6 0.6825520833333333 0.20416666666666666 0.0078125 0.021296296296296296 
6 0.6903645833333333 0.20416666666666666 0.0078125 0.021296296296296296 
10 0.6981770833333333 0.20416666666666666 0.0078125 0.021296296296296296 
11 0.7106770833333333 0.20416666666666666 0.0078125 0.021296296296296296 
10 0.7184895833333333 0.20416666666666666 0.0078125 0.021296296296296296 
3 0.7263020833333333 0.20416666666666666 0.0078125 0.021296296296296296 
7 0.7388020833333333 0.20416666666666666 0.0078125 0.021296296296296296 
4 0.7466145833333333 0.20416666666666666 0.0078125 0.021296296296296296 
8 0.7544270833333333 0.20416666666666666 0.0078125 0.021296296296296296 
