0 0.3223958333333333 0.6495370370370371 0.190625 0.07685185185185185
1 0.39088541666666665 0.7939814814814815 0.17760416666666667 0.22314814814814815
21 0.33828125 0.7828703703703704 0.005729166666666666 0.01574074074074074 
15 0.34479166666666666 0.7828703703703704 0.007291666666666667 0.01574074074074074 
12 0.35234375 0.7828703703703704 0.0078125 0.01574074074074074 
5 0.36223958333333334 0.7828703703703704 0.005729166666666666 0.01574074074074074 
7 0.36796875 0.7828703703703704 0.005729166666666666 0.01574074074074074 
10 0.3736979166666667 0.7828703703703704 0.005729166666666666 0.01574074074074074 
7 0.38307291666666665 0.7828703703703704 0.005729166666666666 0.01574074074074074 
9 0.3888020833333333 0.7828703703703704 0.005729166666666666 0.01574074074074074 
5 0.39453125 0.7828703703703704 0.005729166666666666 0.01574074074074074 
8 0.40390625 0.7828703703703704 0.005729166666666666 0.01574074074074074 
3 0.4096354166666667 0.7828703703703704 0.005729166666666666 0.01574074074074074 
6 0.4153645833333333 0.7828703703703704 0.005729166666666666 0.01574074074074074 
