0 0.19791666666666669 0.34953703703703703 0.23958333333333334 0.09722222222222222
1 0.39713541666666663 0.7981481481481482 0.2234375 0.2814814814814815
13 0.33229166666666665 0.7847222222222222 0.009375 0.019444444444444445 
34 0.34322916666666664 0.7847222222222222 0.0125 0.019444444444444445 
33 0.3533854166666667 0.7847222222222222 0.008854166666666666 0.019444444444444445 
2 0.3651041666666667 0.7847222222222222 0.007291666666666667 0.019444444444444445 
4 0.37239583333333337 0.7847222222222222 0.007291666666666667 0.019444444444444445 
8 0.3796875 0.7847222222222222 0.007291666666666667 0.019444444444444445 
3 0.39114583333333336 0.7847222222222222 0.007291666666666667 0.019444444444444445 
8 0.3984375 0.7847222222222222 0.007291666666666667 0.019444444444444445 
10 0.4057291666666667 0.7847222222222222 0.007291666666666667 0.019444444444444445 
11 0.4171875 0.7847222222222222 0.007291666666666667 0.019444444444444445 
9 0.4244791666666667 0.7847222222222222 0.007291666666666667 0.019444444444444445 
2 0.4317708333333333 0.7847222222222222 0.007291666666666667 0.019444444444444445 
