33 0.2802912202020191 0.695523030639067 0.049479166666666664 0.11481481481481481 
26 0.22571124289694144 0.6805356033727854 0.07395833333333333 0.15185185185185185 
30 0.3319236101725268 0.6589639988524034 0.025520833333333333 0.06111111111111111 
35 0.4750085726052111 0.7339811464904316 0.03958333333333333 0.09259259259259259 
13 0.9435793335406284 0.6134848995390938 0.00625 0.013888888888888888 
14 0.48212259180149786 0.8961436334987769 0.04895833333333333 0.10833333333333334 
16 0.2665088969466542 0.7471668227607724 0.07395833333333333 0.17222222222222222 
36 0.7186393320933512 0.13912297207483973 0.0171875 0.03796296296296296 
8 0.7561683113963235 0.8262352575852144 0.025 0.07037037037037037 
11 0.09280382519838692 0.6658163159628983 0.052083333333333336 0.14722222222222223 
10 0.37685226729559707 0.6768270944304329 0.03229166666666667 0.09074074074074075 
20 0.3874253331532481 0.2957146219832615 0.028645833333333332 0.15833333333333333 
2 0.6023106365936094 0.12323526253140521 0.034375 0.09814814814814815 
14 0.25375342708720927 0.8392083744591191 0.0390625 0.08518518518518518 
10 0.8690744366585756 0.1077071572510317 0.027604166666666666 0.07777777777777778 
7 0.3392575848694175 0.8757812499041419 0.022916666666666665 0.06388888888888888 
19 0.5393917229463832 0.5164396957909477 0.0609375 0.13148148148148148 
11 0.9276602618313146 0.33394173996175835 0.0328125 0.09259259259259259 
11 0.3012979585035217 0.894091653368552 0.01875 0.053703703703703705 
7 0.9316532091253344 0.6672793421401662 0.022395833333333334 0.062037037037037036 
6 0.3221550234207968 0.060303792640685874 0.016145833333333335 0.046296296296296294 
17 0.24861541597925146 0.8427937124556872 0.04635416666666667 0.1175925925925926 
22 0.13578564161864773 0.1308259262013437 0.04479166666666667 0.0962962962962963 
