33 0.612782531925651 0.07566866160733082 0.009895833333333333 0.022222222222222223 
26 0.2146910561269398 0.6739928845933998 0.042708333333333334 0.08703703703703704 
31 0.778233552913097 0.6293187851341894 0.027604166666666666 0.07037037037037037 
21 0.012169953653089208 0.4197239305381586 0.018229166666666668 0.05185185185185185 
36 0.7337943171444844 0.2581863920011673 0.0703125 0.16203703703703703 
5 0.3085251530531403 0.8106030592258953 0.0067708333333333336 0.018518518518518517 
28 0.6291968121197993 0.829855255200307 0.010416666666666666 0.022222222222222223 
36 0.6568084792901416 0.930143919393381 0.0109375 0.024074074074074074 
9 0.8785884167716477 0.7187132988657913 0.058333333333333334 0.16018518518518518 
37 0.7155709885706156 0.10179858338651558 0.005729166666666666 0.014814814814814815 
9 0.15044076558699615 0.39285571657262497 0.04479166666666667 0.12314814814814815 
7 0.6054044104382568 0.10274201562910121 0.04375 0.12314814814814815 
33 0.8021524694031388 0.11641282514147311 0.013541666666666667 0.03148148148148148 
24 0.9638441189349407 0.9757382884715539 0.0125 0.023148148148148147 
30 0.6386712482560394 0.7388578383119915 0.05364583333333333 0.1287037037037037 
7 0.260489269133389 0.8691148959797633 0.05364583333333333 0.15 
10 0.797341391336692 0.270984190202052 0.052083333333333336 0.14722222222222223 
19 0.8737275186916922 0.9456787340600508 0.027083333333333334 0.058333333333333334 
18 0.9420104353218074 0.2776697164230615 0.008854166666666666 0.017592592592592594 
6 0.18592521558662872 0.8305398950746617 0.0609375 0.17037037037037037 
