33 0.41359257022567236 0.6049338706389166 0.0546875 0.12685185185185185 
28 0.9190329346010838 0.8835076761363163 0.0036458333333333334 0.007407407407407408 
19 0.5313320172782707 0.7629275507802217 0.019791666666666666 0.04259259259259259 
16 0.8825929388875045 0.7916308873520327 0.05 0.11666666666666667 
24 0.9318256515595151 0.9009568598702351 0.022395833333333334 0.041666666666666664 
31 0.7732828806818677 0.9588802197280335 0.018229166666666668 0.046296296296296294 
27 0.0961411749537153 0.4677314968526136 0.03229166666666667 0.07592592592592592 
12 0.35512618633276616 0.19038550855644323 0.06197916666666667 0.13333333333333333 
36 0.5975444698654933 0.3178639047492145 0.0234375 0.05277777777777778 
4 0.9215502891597005 0.6591812929602031 0.011979166666666667 0.03425925925925926 
11 0.13475655478176582 0.1833391356886066 0.008333333333333333 0.022222222222222223 
4 0.6097471570733731 0.364930958547041 0.04791666666666667 0.13333333333333333 
23 0.2537573538404819 0.15901092881010467 0.00625 0.014814814814814815 
17 0.3352011719092969 0.1453646008416268 0.041666666666666664 0.10555555555555556 
15 0.6460418122226268 0.7161767049970276 0.06979166666666667 0.15 
5 0.4883521638171501 0.6386242894882044 0.014583333333333334 0.04259259259259259 
21 0.5171441411868435 0.7901153843377845 0.015625 0.044444444444444446 
30 0.7151938167925385 0.3411499413229374 0.0734375 0.17592592592592593 
13 0.9882235012289001 0.20681506449992781 0.008333333333333333 0.017592592592592594 
23 0.8871050801425909 0.3893458537339245 0.04583333333333333 0.11666666666666667 
5 0.5975837126130981 0.21565853023291787 0.044270833333333336 0.125 
32 0.34161146772712486 0.931161524161622 0.021354166666666667 0.04722222222222222 
2 0.22749938584210294 0.6687389373619428 0.05572916666666667 0.15925925925925927 
36 0.6879946690976321 0.9684918629303091 0.008854166666666666 0.018518518518518517 
12 0.467158535038491 0.4520956887486513 0.03697916666666667 0.0787037037037037 
23 0.5896329077654395 0.8554812802284038 0.05625 0.14166666666666666 
