33 0.32364806763352355 0.8180238238969979 0.051041666666666666 0.11851851851851852 
32 0.8813624700105358 0.5567414069001934 0.0375 0.08148148148148149 
37 0.6382615298274311 0.19330717451683552 0.06458333333333334 0.1648148148148148 
3 0.6362148070354267 0.8178985901679184 0.022395833333333334 0.062037037037037036 
37 0.15074950399600776 0.15495346072336433 0.01875 0.04722222222222222 
29 0.1833018205133332 0.5117811394737295 0.03229166666666667 0.06944444444444445 
23 0.5252621684118334 0.5254498852090005 0.0109375 0.026851851851851852 
27 0.8459820137322338 0.847870289901348 0.003125 0.006481481481481481 
21 0.8902008109975996 0.33421914162741895 0.005729166666666666 0.01574074074074074 
15 0.6749780419842911 0.08530093001584228 0.034375 0.07314814814814814 
8 0.3796708510859853 0.559310948877057 0.03854166666666667 0.11018518518518519 
18 0.4247116131366703 0.19492408271815206 0.005729166666666666 0.011111111111111112 
8 0.3400631251544375 0.18676233707877987 0.05572916666666667 0.15925925925925927 
9 0.44915385295649873 0.029236065556115326 0.009375 0.025925925925925925 
2 0.30517200299178304 0.1655311312749203 0.013541666666666667 0.03888888888888889 
26 0.569835389882438 0.596799746715596 0.03697916666666667 0.07592592592592592 
3 0.9919214341679305 0.02601856419345311 0.0036458333333333334 0.010185185185185186 
