33 0.4049435424035195 0.35504829807572946 0.016666666666666666 0.03888888888888889 
35 0.35807085838161024 0.4663239158255489 0.05677083333333333 0.13148148148148148 
13 0.9348097149210082 0.20356592177447308 0.020833333333333332 0.044444444444444446 
26 0.4972616478615603 0.1593023645975237 0.040625 0.0824074074074074 
13 0.9130195849219046 0.2873863605383054 0.041666666666666664 0.08981481481481482 
23 0.1547537209347415 0.10969955710146785 0.024479166666666666 0.062037037037037036 
31 0.8510713947158381 0.6651559096923122 0.04739583333333333 0.12037037037037036 
11 0.24174208937402233 0.27918229956953344 0.021875 0.06111111111111111 
9 0.6132595098780284 0.4568196846153488 0.01875 0.05185185185185185 
15 0.42856005603368835 0.28863005959872645 0.07447916666666667 0.16018518518518518 
8 0.7046889633555254 0.3933268647822657 0.03802083333333333 0.10925925925925926 
26 0.8356859671233544 0.5225340194030063 0.0390625 0.07962962962962963 
6 0.8681874906570973 0.5509953033764509 0.06197916666666667 0.17314814814814813 
3 0.7986273600251834 0.5323615429076998 0.0171875 0.04814814814814815 
5 0.19620730560054436 0.33661305216432086 0.05364583333333333 0.1537037037037037 
17 0.49169138287335584 0.6760117713497199 0.024479166666666666 0.062037037037037036 
36 0.22736980847319507 0.08146318068208466 0.03229166666666667 0.07314814814814814 
12 0.5570262470782892 0.2061342184216582 0.018229166666666668 0.03888888888888889 
7 0.7460180422771846 0.21697232844245248 0.058854166666666666 0.1648148148148148 
9 0.5998958122307191 0.7723783822428757 0.028645833333333332 0.0787037037037037 
27 0.16429781162112753 0.7636593381399708 0.065625 0.1527777777777778 
21 0.6707147714734512 0.07077587671618728 0.0026041666666666665 0.006481481481481481 
28 0.39136000557786965 0.9390247243283213 0.0171875 0.03888888888888889 
6 0.8153939344595128 0.527309752552678 0.0036458333333333334 0.010185185185185186 
29 0.2989409742482984 0.926073724260294 0.05625 0.12129629629629629 
7 0.4324919932655866 0.5565416969706877 0.021354166666666667 0.05925925925925926 
34 0.5561565589103268 0.253019798438592 0.0171875 0.027777777777777776 
