0 0.13411458333333331 0.7523148148148148 0.2140625 0.08611111111111111
1 0.609375 0.6652777777777779 0.2 0.25092592592592594
18 0.55078125 0.6532407407407408 0.008854166666666666 0.017592592592592594 
37 0.5588541666666667 0.6532407407407408 0.007291666666666667 0.017592592592592594 
14 0.5666666666666667 0.6532407407407408 0.008333333333333333 0.017592592592592594 
11 0.5776041666666667 0.6532407407407408 0.00625 0.017592592592592594 
3 0.5838541666666667 0.6532407407407408 0.00625 0.017592592592592594 
10 0.5901041666666668 0.6532407407407408 0.00625 0.017592592592592594 
5 0.6000000000000001 0.6532407407407408 0.00625 0.017592592592592594 
10 0.6062500000000001 0.6532407407407408 0.00625 0.017592592592592594 
10 0.6125 0.6532407407407408 0.00625 0.017592592592592594 
5 0.6223958333333334 0.6532407407407408 0.00625 0.017592592592592594 
11 0.6286458333333333 0.6532407407407408 0.00625 0.017592592592592594 
6 0.6348958333333333 0.6532407407407408 0.00625 0.017592592592592594 
