0 0.45078125 0.8412037037037037 0.18177083333333333 0.07314814814814814
1 0.24427083333333333 0.5666666666666667 0.16979166666666667 0.21296296296296297
20 0.19244791666666666 0.5564814814814815 0.0026041666666666665 0.014814814814814815 
28 0.19765625 0.5569444444444445 0.0078125 0.01574074074074074 
12 0.20520833333333333 0.5564814814814815 0.007291666666666667 0.014814814814814815 
10 0.21458333333333332 0.5564814814814815 0.005208333333333333 0.014814814814814815 
11 0.21979166666666666 0.5564814814814815 0.005208333333333333 0.014814814814814815 
3 0.22499999999999998 0.5564814814814815 0.005208333333333333 0.014814814814814815 
2 0.23333333333333334 0.5564814814814815 0.005208333333333333 0.014814814814814815 
7 0.23854166666666665 0.5564814814814815 0.005208333333333333 0.014814814814814815 
7 0.24375 0.5564814814814815 0.005208333333333333 0.014814814814814815 
7 0.2520833333333333 0.5564814814814815 0.005208333333333333 0.014814814814814815 
9 0.2572916666666667 0.5564814814814815 0.005208333333333333 0.014814814814814815 
7 0.2625 0.5564814814814815 0.005208333333333333 0.014814814814814815 
