0 0.5544270833333333 0.749537037037037 0.27239583333333334 0.11018518518518519
1 0.8018229166666666 0.1847222222222222 0.2546875 0.3194444444444444
32 0.7270833333333334 0.1685185185185185 0.010416666666666666 0.022222222222222223 
24 0.73828125 0.1685185185185185 0.011979166666666667 0.022222222222222223 
25 0.7494791666666667 0.1685185185185185 0.010416666666666666 0.022222222222222223 
3 0.7635416666666667 0.1685185185185185 0.008333333333333333 0.022222222222222223 
11 0.771875 0.1685185185185185 0.008333333333333333 0.022222222222222223 
5 0.7802083333333333 0.1685185185185185 0.008333333333333333 0.022222222222222223 
4 0.7932291666666667 0.1685185185185185 0.008333333333333333 0.022222222222222223 
5 0.8015625 0.1685185185185185 0.008333333333333333 0.022222222222222223 
11 0.8098958333333334 0.1685185185185185 0.008333333333333333 0.022222222222222223 
9 0.8229166666666666 0.1685185185185185 0.008333333333333333 0.022222222222222223 
6 0.8312499999999999 0.1685185185185185 0.008333333333333333 0.022222222222222223 
5 0.8395833333333333 0.1685185185185185 0.008333333333333333 0.022222222222222223 
