34 0.6839146750510425 0.8081272732474607 0.035416666666666666 0.05740740740740741 
2 0.018784460646093196 0.3364806365737045 0.00625 0.017592592592592594 
19 0.6353670314187488 0.6499888535443213 0.08020833333333334 0.17314814814814813 
6 0.5792782458581219 0.222135714312969 0.016145833333333335 0.046296296296296294 
26 0.5964542701704926 0.6947260509840284 0.05364583333333333 0.11018518518518519 
35 0.06499656631248774 0.6274747565748338 0.008854166666666666 0.019444444444444445 
24 0.6177369321540626 0.6028727148528611 0.0890625 0.16574074074074074 
8 0.5483195999081683 0.22088499394204708 0.04583333333333333 0.12962962962962962 
12 0.23304127574460712 0.7525978824352328 0.016145833333333335 0.03425925925925926 
15 0.6977036207217596 0.6725374505686131 0.011979166666666667 0.025925925925925925 
7 0.16060513406744853 0.8674791048506316 0.0036458333333333334 0.010185185185185186 
14 0.02648386196877317 0.35301637313178674 0.008854166666666666 0.019444444444444445 
32 0.8489248068963221 0.07711112587342717 0.0265625 0.058333333333333334 
35 0.06366165536373135 0.4328535070565682 0.04479166666666667 0.1037037037037037 
36 0.07839800478891812 0.8548339119453009 0.005729166666666666 0.011111111111111112 
13 0.6649685333868567 0.6698921348129394 0.044270833333333336 0.09537037037037037 
7 0.3253605311843194 0.30742521194031525 0.058333333333333334 0.1638888888888889 
16 0.4986181722417043 0.40493892038113294 0.0140625 0.03333333333333333 
20 0.7190662457247542 0.5880588550911339 0.0296875 0.16574074074074074 
37 0.09881466375515051 0.9131611266422329 0.030208333333333334 0.07592592592592592 
36 0.5394000475263009 0.44139706711001153 0.0125 0.026851851851851852 
4 0.028334641155657758 0.32656101394849835 0.05520833333333333 0.15462962962962962 
27 0.2966051212623563 0.14719438837162646 0.04739583333333333 0.1111111111111111 
6 0.7111394236133697 0.7480392008203417 0.05677083333333333 0.15925925925925927 
30 0.5216572522595601 0.3283512420010983 0.06927083333333334 0.1675925925925926 
33 0.8982954114766459 0.3187264770404953 0.024479166666666666 0.05740740740740741 
29 0.18035199990712622 0.735284600123134 0.021354166666666667 0.04537037037037037 
29 0.7257959791693918 0.16860692446438263 0.07447916666666667 0.16018518518518518 
27 0.2620208858043226 0.4447690416593159 0.03958333333333333 0.09259259259259259 
11 0.14538322802135517 0.5284859937218371 0.022395833333333334 0.06296296296296296 
36 0.5075105529335886 0.5401214370857605 0.03125 0.0712962962962963 
28 0.5139019801488685 0.23967686988397424 0.08020833333333334 0.1787037037037037 
34 0.9125949241153413 0.6534817893252043 0.10833333333333334 0.1787037037037037 
32 0.061334576495312834 0.20030143477095544 0.0390625 0.08518518518518518 
10 0.5088683972354169 0.2576496185114283 0.026041666666666668 0.07314814814814814 
