0 0.33281249999999996 0.2865740740740741 0.521875 0.21203703703703702
1 0.3484375 0.3851851851851852 0.4875 0.6129629629629629
33 0.20598958333333334 0.35509259259259257 0.019270833333333334 0.04351851851851852 
12 0.22526041666666669 0.35509259259259257 0.0203125 0.04351851851851852 
31 0.24401041666666667 0.35509259259259257 0.0171875 0.04351851851851852 
2 0.26979166666666665 0.3550925925925926 0.015625 0.04537037037037037 
4 0.28541666666666665 0.35462962962962963 0.015625 0.044444444444444446 
7 0.30104166666666665 0.3555555555555555 0.015625 0.044444444444444446 
5 0.3260416666666667 0.3550925925925926 0.015625 0.04537037037037037 
6 0.3416666666666667 0.35462962962962963 0.015625 0.044444444444444446 
8 0.3572916666666667 0.3550925925925926 0.015625 0.04537037037037037 
8 0.38229166666666664 0.3550925925925926 0.015625 0.04537037037037037 
9 0.39791666666666664 0.35509259259259257 0.015625 0.04351851851851852 
8 0.41354166666666664 0.3550925925925926 0.015625 0.04537037037037037 
