0 0.5067708333333334 0.2226851851851852 0.3729166666666667 0.15092592592592594
1 0.3559895833333333 0.36157407407407405 0.3484375 0.43796296296296294
14 0.2546875 0.3398148148148148 0.014583333333333334 0.03148148148148148 
21 0.2674479166666667 0.3398148148148148 0.0109375 0.03148148148148148 
13 0.2802083333333333 0.3398148148148148 0.014583333333333334 0.03148148148148148 
2 0.29973958333333334 0.3402777777777778 0.0109375 0.030555555555555555 
6 0.3106770833333334 0.3402777777777778 0.0109375 0.030555555555555555 
8 0.32161458333333337 0.3402777777777778 0.0109375 0.030555555555555555 
2 0.3393229166666667 0.3402777777777778 0.0109375 0.030555555555555555 
10 0.3502604166666667 0.3402777777777778 0.0109375 0.030555555555555555 
8 0.3611979166666667 0.3402777777777778 0.0109375 0.030555555555555555 
3 0.37890625 0.3402777777777778 0.0109375 0.030555555555555555 
3 0.38984375000000004 0.3402777777777778 0.0109375 0.030555555555555555 
5 0.40078125000000003 0.3402777777777778 0.0109375 0.030555555555555555 
