0 0.7177083333333334 0.06342592592592593 0.10416666666666667 0.041666666666666664
1 0.22890625 0.8842592592592593 0.09739583333333333 0.12222222222222222
24 0.20026041666666666 0.8782407407407408 0.0046875 0.008333333333333333 
23 0.20442708333333334 0.8782407407407408 0.0036458333333333334 0.008333333333333333 
28 0.20859375 0.8787037037037038 0.0046875 0.009259259259259259 
11 0.2140625 0.8782407407407408 0.003125 0.008333333333333333 
11 0.2171875 0.8782407407407408 0.003125 0.008333333333333333 
9 0.2203125 0.8782407407407408 0.003125 0.008333333333333333 
9 0.22552083333333334 0.8782407407407408 0.003125 0.008333333333333333 
8 0.22864583333333333 0.8782407407407408 0.003125 0.008333333333333333 
7 0.23177083333333331 0.8782407407407408 0.003125 0.008333333333333333 
2 0.23697916666666666 0.8782407407407408 0.003125 0.008333333333333333 
11 0.24010416666666667 0.8782407407407408 0.003125 0.008333333333333333 
7 0.24322916666666666 0.8782407407407408 0.003125 0.008333333333333333 
