0 0.5859375 0.524074074074074 0.45208333333333334 0.18333333333333332
1 0.45703125 0.5337962962962963 0.42239583333333336 0.5305555555555556
27 0.33307291666666666 0.5078703703703703 0.016145833333333335 0.03796296296296296 
12 0.35 0.5078703703703703 0.017708333333333333 0.03796296296296296 
19 0.3677083333333333 0.5078703703703703 0.017708333333333333 0.03796296296296296 
4 0.39166666666666666 0.5078703703703703 0.013541666666666667 0.03796296296296296 
6 0.40520833333333334 0.5078703703703703 0.013541666666666667 0.03796296296296296 
9 0.41875 0.5083333333333333 0.013541666666666667 0.037037037037037035 
4 0.440625 0.5078703703703703 0.013541666666666667 0.03796296296296296 
10 0.45416666666666666 0.5083333333333333 0.013541666666666667 0.03888888888888889 
4 0.46770833333333334 0.5078703703703703 0.013541666666666667 0.03796296296296296 
3 0.4895833333333333 0.5078703703703703 0.013541666666666667 0.03796296296296296 
6 0.5031249999999999 0.5078703703703703 0.013541666666666667 0.03796296296296296 
10 0.5166666666666666 0.5083333333333333 0.013541666666666667 0.03888888888888889 
