0 0.5419270833333334 0.07592592592592592 0.2796875 0.11296296296296296
1 0.24791666666666667 0.7509259259259259 0.26145833333333335 0.3277777777777778
27 0.17109375 0.7347222222222222 0.009895833333333333 0.023148148148148147 
35 0.18125000000000002 0.7347222222222222 0.010416666666666666 0.023148148148148147 
24 0.1921875 0.7347222222222222 0.0125 0.023148148148148147 
9 0.2078125 0.7347222222222222 0.008333333333333333 0.023148148148148147 
8 0.21614583333333334 0.7347222222222222 0.008333333333333333 0.023148148148148147 
4 0.22447916666666667 0.7347222222222222 0.008333333333333333 0.023148148148148147 
8 0.23802083333333335 0.7347222222222222 0.008333333333333333 0.023148148148148147 
8 0.24635416666666668 0.7347222222222222 0.008333333333333333 0.023148148148148147 
4 0.2546875 0.7347222222222222 0.008333333333333333 0.023148148148148147 
11 0.26822916666666663 0.7347222222222222 0.008333333333333333 0.023148148148148147 
2 0.2765625 0.7347222222222222 0.008333333333333333 0.023148148148148147 
4 0.2848958333333333 0.7347222222222222 0.008333333333333333 0.023148148148148147 
