0 0.4877604166666667 0.4986111111111111 0.3953125 0.16018518518518518
1 0.5911458333333334 0.2689814814814815 0.36875 0.4638888888888889
21 0.48203124999999997 0.24583333333333335 0.011979166666666667 0.03425925925925926 
19 0.49583333333333335 0.24537037037037038 0.015625 0.03333333333333333 
12 0.5114583333333333 0.24537037037037038 0.015625 0.03333333333333333 
2 0.5325520833333334 0.24583333333333335 0.011979166666666667 0.03425925925925926 
6 0.54453125 0.24537037037037038 0.011979166666666667 0.03333333333333333 
10 0.5565104166666667 0.24583333333333335 0.011979166666666667 0.03425925925925926 
4 0.57578125 0.24537037037037038 0.011979166666666667 0.03333333333333333 
6 0.5877604166666667 0.24537037037037038 0.011979166666666667 0.03333333333333333 
3 0.5997395833333333 0.24537037037037038 0.011979166666666667 0.03333333333333333 
9 0.6190104166666667 0.24583333333333332 0.011979166666666667 0.032407407407407406 
3 0.6309895833333333 0.24537037037037038 0.011979166666666667 0.03333333333333333 
3 0.64296875 0.24537037037037038 0.011979166666666667 0.03333333333333333 
