34 0.8711550559802959 0.8251263019263516 0.071875 0.1175925925925926 
26 0.15522363057808727 0.27633533693415974 0.059375 0.12222222222222222 
35 0.28477867369145937 0.1422118322077357 0.0453125 0.10555555555555556 
10 0.4005964131211919 0.5795336010252464 0.017708333333333333 0.05 
35 0.8786434386373827 0.8078294416243034 0.03229166666666667 0.075 
21 0.6473395834079182 0.5026627964821057 0.04375 0.12407407407407407 
26 0.17042569452777187 0.9665785514551911 0.022395833333333334 0.04722222222222222 
26 0.40367334249497594 0.8863663331287921 0.01875 0.03981481481481482 
27 0.3227155481391843 0.5729545098706244 0.046875 0.10833333333333334 
15 0.45463642086669875 0.9199210652137328 0.06145833333333333 0.13240740740740742 
15 0.6145721212515991 0.7481957672309373 0.019270833333333334 0.041666666666666664 
27 0.36208751604382466 0.20337993291464176 0.009895833333333333 0.023148148148148147 
4 0.44507724991987213 0.8946209522129365 0.06302083333333333 0.17685185185185184 
23 0.6540659741006196 0.8982002390648759 0.0203125 0.05185185185185185 
15 0.6581976521920793 0.5016897425728917 0.04791666666666667 0.10277777777777777 
31 0.20829361697351814 0.36023208197068635 0.03802083333333333 0.0962962962962963 
