0 0.6333333333333333 0.3773148148148148 0.553125 0.225
1 0.5973958333333333 0.4458333333333333 0.5166666666666667 0.649074074074074
28 0.44765625 0.41574074074074074 0.0234375 0.05185185185185185 
15 0.4700520833333333 0.41388888888888886 0.021354166666666667 0.046296296296296294 
17 0.48984374999999997 0.41388888888888886 0.018229166666666668 0.046296296296296294 
5 0.5171875 0.41435185185185186 0.016666666666666666 0.04722222222222222 
4 0.5338541666666666 0.41388888888888886 0.016666666666666666 0.046296296296296294 
11 0.5505208333333333 0.41435185185185186 0.016666666666666666 0.04722222222222222 
10 0.5770833333333333 0.41435185185185186 0.016666666666666666 0.04722222222222222 
10 0.59375 0.41435185185185186 0.016666666666666666 0.04722222222222222 
8 0.6104166666666666 0.41435185185185186 0.016666666666666666 0.04722222222222222 
7 0.6369791666666667 0.4148148148148148 0.016666666666666666 0.046296296296296294 
9 0.6536458333333333 0.41435185185185186 0.016666666666666666 0.04537037037037037 
4 0.6703125 0.41388888888888886 0.016666666666666666 0.046296296296296294 
