34 0.19585229971649082 0.19403815058084467 0.07135416666666666 0.1175925925925926 
28 0.08210854551357342 0.20745169191562773 0.0609375 0.13518518518518519 
12 0.4341502605496866 0.07774060216341647 0.035416666666666666 0.07592592592592592 
13 0.4438704301561981 0.4386238501579587 0.07447916666666667 0.16018518518518518 
20 0.6005033446462475 0.6856879776026059 0.025 0.1388888888888889 
15 0.7561640185910707 0.4773636831964428 0.0453125 0.09722222222222222 
23 0.7643519046329172 0.5999716546627925 0.04791666666666667 0.12129629629629629 
8 0.939502044780806 0.8773887555169396 0.03229166666666667 0.09166666666666666 
28 0.767823677488725 0.7463834551801796 0.011458333333333333 0.025 
36 0.26066974326823206 0.8898308459192047 0.0328125 0.075 
2 0.9738964648211348 0.2559133241032206 0.008333333333333333 0.023148148148148147 
10 0.1968270096275306 0.34810789640565915 0.059895833333333336 0.1712962962962963 
8 0.420807834469671 0.467970386989752 0.0171875 0.05 
20 0.4819400377993322 0.1895965434727189 0.024479166666666666 0.13518518518518519 
33 0.7540219659845586 0.4992329819876122 0.036458333333333336 0.08425925925925926 
28 0.2034062596211594 0.9147836927573156 0.035416666666666666 0.0787037037037037 
2 0.7142923848972373 0.08388256558216098 0.010416666666666666 0.028703703703703703 
2 0.39308921092235566 0.5108867982594424 0.043229166666666666 0.12222222222222222 
30 0.3057355930724107 0.33120677578858937 0.057291666666666664 0.13796296296296295 
16 0.785183244039869 0.2337283898164267 0.023958333333333335 0.05648148148148148 
24 0.2469342695173348 0.9358774357525999 0.0546875 0.10185185185185185 
19 0.26690146440389956 0.22580570176815007 0.04375 0.09444444444444444 
