34 0.6431132561491073 0.5802541322771707 0.005729166666666666 0.009259259259259259 
28 0.5672932825923517 0.26623485218039095 0.08333333333333333 0.18518518518518517 
37 0.8790778899766123 0.15446892188622124 0.05520833333333333 0.1398148148148148 
24 0.050441080035181475 0.2403830240082067 0.07552083333333333 0.14074074074074075 
18 0.7445273440206451 0.9540413980972852 0.026041666666666668 0.05462962962962963 
4 0.39510834027703995 0.1956093210144331 0.0078125 0.021296296296296296 
8 0.10184917249458243 0.8521663017764021 0.025520833333333333 0.07222222222222222 
14 0.44059646844021993 0.3947320977006288 0.008854166666666666 0.019444444444444445 
13 0.0923227847359016 0.274365958468344 0.06145833333333333 0.13240740740740742 
36 0.1086753970519739 0.5339692749248093 0.05677083333333333 0.13055555555555556 
15 0.7619818111270288 0.4938679900096681 0.015104166666666667 0.032407407407407406 
8 0.6231413277871205 0.8639847989150798 0.013541666666666667 0.03888888888888889 
12 0.4918607367071754 0.40337762941240946 0.051041666666666666 0.10925925925925926 
29 0.21939506704774125 0.8360694806798531 0.06822916666666666 0.14629629629629629 
16 0.01127695211733704 0.8996729030067199 0.010416666666666666 0.024074074074074074 
17 0.437504296576999 0.4311391052501746 0.016145833333333335 0.040740740740740744 
30 0.033035815571202096 0.3624221704200639 0.028125 0.06666666666666667 
5 0.7517510680333284 0.24640536382920575 0.0546875 0.15648148148148147 
3 0.2501092370330827 0.33689839224308243 0.0265625 0.07314814814814814 
15 0.8454948187628466 0.6617551755161424 0.03333333333333333 0.0712962962962963 
