0 0.55 0.26064814814814813 0.11458333333333333 0.04537037037037037
1 0.16171875 0.10694444444444445 0.10677083333333333 0.13425925925925927
17 0.12994791666666666 0.1 0.0036458333333333334 0.009259259259259259 
16 0.13385416666666666 0.1 0.004166666666666667 0.009259259259259259 
20 0.13671875 0.1 0.0015625 0.009259259259259259 
4 0.14114583333333333 0.1 0.003125 0.009259259259259259 
11 0.14427083333333332 0.1 0.003125 0.009259259259259259 
9 0.14739583333333334 0.1 0.003125 0.009259259259259259 
6 0.15286458333333333 0.1 0.0036458333333333334 0.009259259259259259 
10 0.15572916666666667 0.1 0.003125 0.009259259259259259 
6 0.15911458333333334 0.1 0.0036458333333333334 0.009259259259259259 
9 0.1640625 0.1 0.003125 0.009259259259259259 
2 0.1671875 0.1 0.003125 0.009259259259259259 
9 0.1703125 0.1 0.003125 0.009259259259259259 
