0 0.29765625 0.11990740740740741 0.1734375 0.06944444444444445
1 0.6528645833333333 0.7662037037037037 0.16197916666666667 0.20277777777777778
16 0.6046875 0.7555555555555555 0.00625 0.014814814814814815 
23 0.6106770833333333 0.7555555555555555 0.005729166666666666 0.014814814814814815 
29 0.6169270833333333 0.7555555555555555 0.0067708333333333336 0.014814814814814815 
4 0.6260416666666666 0.7555555555555555 0.005208333333333333 0.014814814814814815 
4 0.63125 0.7555555555555555 0.005208333333333333 0.014814814814814815 
9 0.6364583333333333 0.7555555555555555 0.005208333333333333 0.014814814814814815 
9 0.6447916666666667 0.7555555555555555 0.005208333333333333 0.014814814814814815 
5 0.6499999999999999 0.7555555555555555 0.005208333333333333 0.014814814814814815 
6 0.6552083333333333 0.7555555555555555 0.005208333333333333 0.014814814814814815 
3 0.6635416666666666 0.7555555555555555 0.005208333333333333 0.014814814814814815 
4 0.66875 0.7555555555555555 0.005208333333333333 0.014814814814814815 
11 0.6739583333333333 0.7555555555555555 0.005208333333333333 0.014814814814814815 
