0 0.045572916666666664 0.12175925925925926 0.09010416666666667 0.03611111111111111
1 0.6979166666666667 0.15462962962962962 0.084375 0.10555555555555556
25 0.6731770833333334 0.14907407407407408 0.0036458333333333334 0.007407407407407408 
21 0.6763020833333334 0.14907407407407408 0.0026041666666666665 0.007407407407407408 
18 0.6794270833333333 0.14907407407407408 0.0036458333333333334 0.007407407407407408 
5 0.6841145833333334 0.14907407407407408 0.0026041666666666665 0.007407407407407408 
6 0.68671875 0.14907407407407408 0.0026041666666666665 0.007407407407407408 
8 0.6893229166666667 0.14907407407407408 0.0026041666666666665 0.007407407407407408 
2 0.6934895833333333 0.14907407407407408 0.0026041666666666665 0.007407407407407408 
7 0.6960937500000001 0.14907407407407408 0.0026041666666666665 0.007407407407407408 
10 0.6986979166666667 0.14907407407407408 0.0026041666666666665 0.007407407407407408 
8 0.7028645833333333 0.14907407407407408 0.0026041666666666665 0.007407407407407408 
11 0.7054687500000001 0.14907407407407408 0.0026041666666666665 0.007407407407407408 
4 0.7080729166666667 0.14907407407407408 0.0026041666666666665 0.007407407407407408 
