34 0.4285295548671881 0.25975789929025817 0.07291666666666667 0.12037037037037036 
33 0.6455369726600533 0.741068230607747 0.0109375 0.025 
16 0.7002793185733613 0.3246091081418076 0.0265625 0.062037037037037036 
15 0.881682965987108 0.8805865306615589 0.015625 0.03333333333333333 
13 0.13441097073122127 0.1875964044652239 0.022395833333333334 0.04814814814814815 
29 0.031424199134256155 0.7389078462613436 0.0578125 0.125 
8 0.3557012900474698 0.367249652628449 0.0578125 0.1648148148148148 
23 0.7006759271393692 0.7128915479812505 0.05572916666666667 0.14166666666666666 
13 0.1836185322768801 0.3488501781288702 0.05572916666666667 0.11944444444444445 
13 0.8724082834144075 0.4177612437441209 0.05260416666666667 0.11296296296296296 
9 0.634661457997791 0.2672857177277933 0.0390625 0.10833333333333334 
33 0.024484357204427695 0.06399764967454807 0.008854166666666666 0.019444444444444445 
3 0.02898506247034416 0.5685765014509747 0.027083333333333334 0.075 
22 0.10553953005260516 0.2740063417577204 0.018229166666666668 0.03888888888888889 
17 0.7727124707692791 0.7231914538301374 0.06927083333333334 0.17592592592592593 
27 0.7594085804445626 0.8504922302547431 0.06302083333333333 0.14722222222222223 
35 0.719518790756425 0.5178605724770904 0.005208333333333333 0.011111111111111112 
8 0.15964116673892234 0.7965526299342428 0.034375 0.09814814814814815 
26 0.39264168576653063 0.38507737200573466 0.0875 0.17962962962962964 
11 0.655366425038077 0.402212967949647 0.0328125 0.09259259259259259 
2 0.17043493337966514 0.890341068127354 0.05364583333333333 0.1527777777777778 
9 0.2570506676125787 0.8347931517240618 0.0609375 0.1675925925925926 
37 0.37533691758757953 0.21820542694620293 0.0671875 0.1712962962962963 
6 0.7227955708454631 0.48838474473727916 0.009375 0.025925925925925925 
24 0.7570042462104057 0.8687265595485555 0.027604166666666666 0.05185185185185185 
