0 0.6765625000000001 0.22453703703703703 0.15520833333333334 0.062037037037037036
1 0.9078125 0.4652777777777778 0.14479166666666668 0.1824074074074074
21 0.86484375 0.45555555555555555 0.0046875 0.012962962962962963 
29 0.8703125 0.45555555555555555 0.00625 0.012962962962962963 
24 0.8763020833333334 0.45555555555555555 0.0067708333333333336 0.012962962962962963 
11 0.8846354166666667 0.45555555555555555 0.0046875 0.012962962962962963 
3 0.8893229166666666 0.45555555555555555 0.0046875 0.012962962962962963 
5 0.8940104166666667 0.45555555555555555 0.0046875 0.012962962962962963 
9 0.9013020833333333 0.45555555555555555 0.0046875 0.012962962962962963 
9 0.9059895833333333 0.45555555555555555 0.0046875 0.012962962962962963 
11 0.9106770833333333 0.45555555555555555 0.0046875 0.012962962962962963 
3 0.91796875 0.45555555555555555 0.0046875 0.012962962962962963 
11 0.92265625 0.45555555555555555 0.0046875 0.012962962962962963 
3 0.92734375 0.45555555555555555 0.0046875 0.012962962962962963 
