0 0.8455729166666667 0.07731481481481481 0.12239583333333333 0.049074074074074076
1 0.6526041666666667 0.4930555555555555 0.11458333333333333 0.14351851851851852
33 0.6190104166666667 0.48657407407407405 0.0046875 0.010185185185185186 
15 0.6231770833333333 0.48657407407407405 0.0046875 0.010185185185185186 
30 0.6276041666666666 0.48657407407407405 0.004166666666666667 0.010185185185185186 
6 0.63359375 0.48657407407407405 0.0036458333333333334 0.010185185185185186 
10 0.6372395833333333 0.48657407407407405 0.0036458333333333334 0.010185185185185186 
7 0.6408854166666667 0.48657407407407405 0.0036458333333333334 0.010185185185185186 
4 0.6466145833333333 0.48657407407407405 0.0036458333333333334 0.010185185185185186 
8 0.6502604166666667 0.48657407407407405 0.0036458333333333334 0.010185185185185186 
4 0.65390625 0.48657407407407405 0.0036458333333333334 0.010185185185185186 
8 0.6596354166666667 0.48657407407407405 0.0036458333333333334 0.010185185185185186 
8 0.66328125 0.48657407407407405 0.0036458333333333334 0.010185185185185186 
11 0.6669270833333334 0.48657407407407405 0.0036458333333333334 0.010185185185185186 
