35 0.8200451527249144 0.09853505725428924 0.0109375 0.024074074074074074 
18 0.8844210121371122 0.7691482063198785 0.04895833333333333 0.10092592592592593 
28 0.3209890858662518 0.2518815953984106 0.03333333333333333 0.07407407407407407 
12 0.6871025691869248 0.06838258896846984 0.0390625 0.08425925925925926 
22 0.8936064681254609 0.8051127426997036 0.0036458333333333334 0.007407407407407408 
27 0.6892589120322221 0.3510865816616022 0.036458333333333336 0.08518518518518518 
29 0.6972555355934142 0.23904412905502537 0.051041666666666666 0.10925925925925926 
13 0.3574697198934454 0.8349862785183858 0.06822916666666666 0.14629629629629629 
7 0.8240396454689536 0.21063052892658887 0.011458333333333333 0.032407407407407406 
28 0.8075331119334408 0.39466405354015577 0.075 0.16666666666666666 
14 0.024862039748945408 0.7535175741861394 0.0125 0.026851851851851852 
17 0.11620789950641584 0.3546707828499983 0.0067708333333333336 0.016666666666666666 
3 0.45185831892420997 0.7495530025899738 0.052083333333333336 0.14537037037037037 
4 0.6419017634450884 0.9686071309599457 0.018229166666666668 0.05092592592592592 
21 0.09177504685380013 0.516330722843711 0.0046875 0.012962962962962963 
31 0.727622646423552 0.308530630488595 0.0140625 0.03518518518518519 
26 0.42347889622378926 0.384484673114594 0.03177083333333333 0.06481481481481481 
8 0.8634356645290248 0.33363523998726724 0.050520833333333334 0.1425925925925926 
19 0.3473944824148483 0.5322106644610742 0.05572916666666667 0.11944444444444445 
