35 0.13868666674357294 0.5819904614036621 0.06510416666666667 0.15 
20 0.3305521495666965 0.4879940300758762 0.005208333333333333 0.028703703703703703 
11 0.05130328523260665 0.837541031140781 0.06302083333333333 0.17962962962962964 
15 0.4201363737973707 0.6277253554195934 0.07083333333333333 0.1527777777777778 
6 0.2251524106762606 0.2928789739967474 0.013541666666666667 0.03796296296296296 
11 0.7149205887506702 0.150621371356409 0.029166666666666667 0.08148148148148149 
21 0.6059840778524089 0.13497083602197812 0.0390625 0.11018518518518519 
9 0.7597903664215716 0.451134928974739 0.016666666666666666 0.046296296296296294 
35 0.22857793379295013 0.3850902737107843 0.06510416666666667 0.15 
10 0.07846429886727302 0.6978003509591449 0.0484375 0.1361111111111111 
19 0.385437899254832 0.9249061898829893 0.011458333333333333 0.024074074074074074 
29 0.1671119794410288 0.8046169362234481 0.06927083333333334 0.14814814814814814 
18 0.882975512254707 0.12077188113870005 0.018229166666666668 0.03796296296296296 
12 0.7429841292393911 0.04243542019645 0.022916666666666665 0.049074074074074076 
34 0.7736866937921791 0.4468084632032909 0.0109375 0.017592592592592594 
26 0.8394295290246234 0.9258220805306345 0.027083333333333334 0.05648148148148148 
13 0.7079948538855427 0.2036063212952519 0.06927083333333334 0.14907407407407408 
36 0.3957081304816459 0.24288797072717355 0.008333333333333333 0.017592592592592594 
13 0.7569217765043756 0.9405973316715354 0.04583333333333333 0.09907407407407408 
22 0.7266238212436724 0.9552608699232047 0.0234375 0.05 
15 0.358791704268253 0.7094171697339184 0.015104166666666667 0.032407407407407406 
5 0.2460483031717622 0.3187981711111018 0.059895833333333336 0.1712962962962963 
