35 0.30822164410692143 0.7892690596700335 0.017708333333333333 0.040740740740740744 
20 0.16250260983169906 0.11432980008093244 0.01875 0.10462962962962963 
30 0.2775882639688729 0.6875955689325222 0.009375 0.022222222222222223 
33 0.6764696881032201 0.36181539723510914 0.0328125 0.07592592592592592 
5 0.18500122173075823 0.6264026532374373 0.007291666666666667 0.019444444444444445 
23 0.8325248860847145 0.4855548278307849 0.05572916666666667 0.14074074074074075 
24 0.3541984638754194 0.6223079838877356 0.09114583333333333 0.16944444444444445 
29 0.7687385899626316 0.8518962683765939 0.06302083333333333 0.1361111111111111 
9 0.9817785031528431 0.3398635278275191 0.0067708333333333336 0.019444444444444445 
16 0.2825139551545371 0.8712971308732808 0.034895833333333334 0.08055555555555556 
29 0.6152078819964432 0.6006319479417154 0.05572916666666667 0.11944444444444445 
20 0.08986431823172181 0.1870356768103206 0.027604166666666666 0.1527777777777778 
28 0.9179247114968049 0.8876817871315164 0.075 0.16666666666666666 
5 0.5454961426251377 0.672069598530075 0.029166666666666667 0.08148148148148149 
6 0.33890338756799854 0.28674666926851433 0.0359375 0.10092592592592593 
11 0.8462736957216466 0.8206392090231962 0.030729166666666665 0.08611111111111111 
20 0.024320940938017517 0.49122105562305596 0.0171875 0.0962962962962963 
27 0.5485319946933362 0.8922806725267788 0.013541666666666667 0.03148148148148148 
23 0.1668798650895486 0.116104673639349 0.0421875 0.10740740740740741 
30 0.8622878070452208 0.4711850040394499 0.005729166666666666 0.013888888888888888 
2 0.9083317549784191 0.17500575508007934 0.05260416666666667 0.14814814814814814 
37 0.8489978774696337 0.6035729735091869 0.04791666666666667 0.12129629629629629 
3 0.21014561919891786 0.5340654344102516 0.0036458333333333334 0.010185185185185186 
34 0.4730000911708511 0.40468682524814514 0.09895833333333333 0.16203703703703703 
29 0.7994844549995075 0.7001268928254192 0.058333333333333334 0.1259259259259259 
14 0.10197200642367833 0.4412607026267187 0.040625 0.08888888888888889 
33 0.7896273222865847 0.21227721838109748 0.04895833333333333 0.11296296296296296 
