0 0.7911458333333333 0.15 0.3 0.12222222222222222
1 0.4458333333333333 0.3018518518518518 0.28020833333333334 0.35185185185185186
18 0.3645833333333333 0.2847222222222222 0.0125 0.025 
15 0.3765625 0.2847222222222222 0.011458333333333333 0.025 
23 0.3872395833333333 0.2847222222222222 0.009895833333333333 0.025 
11 0.4018229166666667 0.2847222222222222 0.008854166666666666 0.025 
8 0.41067708333333336 0.2847222222222222 0.008854166666666666 0.025 
4 0.41953125 0.2847222222222222 0.008854166666666666 0.025 
3 0.43359375 0.2847222222222222 0.008854166666666666 0.025 
3 0.4424479166666667 0.2847222222222222 0.008854166666666666 0.025 
10 0.4513020833333334 0.2847222222222222 0.008854166666666666 0.025 
9 0.46536458333333336 0.2847222222222222 0.008854166666666666 0.025 
8 0.47421875 0.2847222222222222 0.008854166666666666 0.025 
5 0.4830729166666667 0.2847222222222222 0.008854166666666666 0.025 
