35 0.5966659802899863 0.8142371175790042 0.0671875 0.15555555555555556 
22 0.8755891020877844 0.14093666992199472 0.059895833333333336 0.1287037037037037 
36 0.05463636882006468 0.3592956516986548 0.026041666666666668 0.058333333333333334 
23 0.7757314786445055 0.4947586362493829 0.020833333333333332 0.05277777777777778 
35 0.4873325067804214 0.561439470500056 0.03229166666666667 0.07407407407407407 
24 0.40573405848043353 0.4979061699945638 0.051041666666666666 0.09444444444444444 
6 0.2458276184277124 0.5825786306376635 0.027083333333333334 0.075 
26 0.07498305447761826 0.39006445092746433 0.0796875 0.1648148148148148 
37 0.8105940908540376 0.1378781367562426 0.040625 0.10277777777777777 
7 0.012843985286260972 0.5933294311365679 0.005208333333333333 0.014814814814814815 
35 0.20456581729578538 0.6900629079616507 0.07291666666666667 0.16944444444444445 
30 0.8546376190354027 0.31701923861019676 0.005208333333333333 0.012962962962962963 
14 0.661041419063348 0.6636738416777045 0.0078125 0.017592592592592594 
34 0.36720274850735685 0.6821750540237778 0.0125 0.020370370370370372 
8 0.4149652123622367 0.6255832886901272 0.0140625 0.040740740740740744 
20 0.6122793988797924 0.13852664169813544 0.015104166666666667 0.08518518518518518 
27 0.02076736934686325 0.5074773028034197 0.008333333333333333 0.019444444444444445 
11 0.7112669250267856 0.6135646900025955 0.06197916666666667 0.17592592592592593 
35 0.8602946796321187 0.1592737883224412 0.0546875 0.12685185185185185 
15 0.31038227316700057 0.7570519618615844 0.06666666666666667 0.14351851851851852 
