35 0.1535197165658271 0.47062677745403697 0.035416666666666666 0.08148148148148149 
26 0.1008088644881213 0.20361515211914202 0.023958333333333335 0.05 
18 0.049409687684699714 0.5151094418214582 0.013020833333333334 0.025925925925925925 
7 0.5885673439737455 0.6996168079426885 0.0484375 0.13425925925925927 
34 0.26413947856174674 0.4899311545519082 0.018229166666666668 0.02962962962962963 
18 0.4748094395265942 0.30401169418714535 0.021354166666666667 0.04537037037037037 
15 0.5794954607171041 0.13379926801801106 0.052083333333333336 0.11203703703703703 
36 0.2888966503629876 0.42491953499943225 0.071875 0.1648148148148148 
28 0.22433212495790414 0.7436185987166911 0.0078125 0.01574074074074074 
17 0.28403437220689026 0.9151368836217975 0.0453125 0.11481481481481481 
34 0.5562688786488312 0.8849769637144181 0.0109375 0.017592592592592594 
14 0.8536093783669075 0.4013596655241162 0.04479166666666667 0.1 
36 0.33809010440589915 0.1805206393599879 0.05 0.11481481481481481 
21 0.8821815237356603 0.09671270083750295 0.04114583333333333 0.11666666666666667 
2 0.3637668190260712 0.40343552413257106 0.013541666666666667 0.03888888888888889 
18 0.7333525080170991 0.7315547654717122 0.06822916666666666 0.1398148148148148 
28 0.3059669449897225 0.1682676692793118 0.04479166666666667 0.09814814814814815 
2 0.6605103295769951 0.5399921078497425 0.06197916666666667 0.17685185185185184 
9 0.564906008666767 0.3433828810391797 0.005208333333333333 0.014814814814814815 
29 0.6377744415087631 0.4314988397193394 0.0078125 0.01574074074074074 
18 0.7944649297675015 0.48096895507640425 0.0359375 0.07314814814814814 
14 0.3240135596005148 0.48162859442313316 0.0171875 0.03888888888888889 
36 0.1501944871013261 0.6613678743053506 0.06979166666666667 0.16018518518518518 
7 0.1617294340340453 0.8691998218798243 0.05364583333333333 0.15 
21 0.8745558001778787 0.8500629731132626 0.04010416666666667 0.11388888888888889 
10 0.873517452207516 0.9133055452305725 0.05 0.14074074074074075 
3 0.17966790178186098 0.774571451255585 0.004166666666666667 0.012037037037037037 
29 0.03875083723303625 0.28218716481775363 0.07239583333333334 0.15555555555555556 
