0 0.4638020833333333 0.22685185185185186 0.5473958333333333 0.2222222222222222
1 0.3875 0.4310185185185185 0.5114583333333333 0.6435185185185185
32 0.23880208333333333 0.39999999999999997 0.021354166666666667 0.046296296296296294 
31 0.25859375 0.399537037037037 0.018229166666666668 0.04537037037037037 
15 0.27838541666666666 0.399537037037037 0.021354166666666667 0.04537037037037037 
8 0.30703125 0.399537037037037 0.016145833333333335 0.04722222222222222 
2 0.32317708333333334 0.399537037037037 0.016145833333333335 0.04722222222222222 
11 0.33932291666666664 0.399537037037037 0.016145833333333335 0.04722222222222222 
6 0.3653645833333333 0.3990740740740741 0.016145833333333335 0.046296296296296294 
4 0.38151041666666663 0.3990740740740741 0.016145833333333335 0.046296296296296294 
5 0.39765625 0.399537037037037 0.016145833333333335 0.04722222222222222 
5 0.4236979166666667 0.399537037037037 0.016145833333333335 0.04722222222222222 
5 0.43984375 0.399537037037037 0.016145833333333335 0.04722222222222222 
6 0.45598958333333334 0.3990740740740741 0.016145833333333335 0.046296296296296294 
