0 0.6861979166666667 0.15185185185185185 0.28802083333333334 0.11666666666666667
1 0.67578125 0.2810185185185185 0.26927083333333335 0.33796296296296297
32 0.5966145833333334 0.26388888888888884 0.0109375 0.024074074074074074 
13 0.6075520833333333 0.26388888888888884 0.0109375 0.024074074074074074 
17 0.6177083333333333 0.26388888888888884 0.009375 0.024074074074074074 
4 0.6317708333333333 0.26388888888888884 0.008333333333333333 0.024074074074074074 
2 0.6401041666666667 0.26388888888888884 0.008333333333333333 0.024074074074074074 
9 0.6484375 0.26388888888888884 0.008333333333333333 0.024074074074074074 
8 0.6619791666666667 0.26388888888888884 0.008333333333333333 0.024074074074074074 
5 0.6703125 0.26388888888888884 0.008333333333333333 0.024074074074074074 
4 0.6786458333333333 0.26388888888888884 0.008333333333333333 0.024074074074074074 
2 0.6921875 0.26388888888888884 0.008333333333333333 0.024074074074074074 
4 0.7005208333333334 0.26388888888888884 0.008333333333333333 0.024074074074074074 
2 0.7088541666666667 0.26388888888888884 0.008333333333333333 0.024074074074074074 
