0 0.34791666666666665 0.3375 0.559375 0.22685185185185186
1 0.5174479166666666 0.4342592592592593 0.5223958333333333 0.6574074074074074
33 0.36432291666666666 0.4013888888888889 0.0203125 0.04722222222222222 
28 0.38619791666666664 0.40324074074074073 0.0234375 0.05277777777777778 
25 0.40885416666666663 0.4013888888888889 0.021875 0.04722222222222222 
6 0.43802083333333336 0.4013888888888889 0.016666666666666666 0.04722222222222222 
9 0.4546875 0.40185185185185185 0.016666666666666666 0.046296296296296294 
8 0.4713541666666667 0.40185185185185185 0.016666666666666666 0.04814814814814815 
4 0.4979166666666667 0.4013888888888889 0.016666666666666666 0.04722222222222222 
7 0.5145833333333333 0.4023148148148148 0.016666666666666666 0.04722222222222222 
9 0.53125 0.40185185185185185 0.016666666666666666 0.046296296296296294 
2 0.5578124999999999 0.40185185185185185 0.016666666666666666 0.04814814814814815 
8 0.5744791666666667 0.40185185185185185 0.016666666666666666 0.04814814814814815 
3 0.5911458333333333 0.4013888888888889 0.016666666666666666 0.04722222222222222 
