0 0.6984374999999999 0.3236111111111111 0.22395833333333334 0.08981481481481482
1 0.8158854166666667 0.7046296296296297 0.20885416666666667 0.26296296296296295
35 0.7546875 0.6916666666666668 0.008333333333333333 0.018518518518518517 
19 0.7627604166666666 0.6916666666666668 0.008854166666666666 0.018518518518518517 
32 0.7716145833333333 0.6916666666666668 0.008854166666666666 0.018518518518518517 
9 0.78359375 0.6916666666666668 0.0067708333333333336 0.018518518518518517 
4 0.7903645833333334 0.6916666666666668 0.0067708333333333336 0.018518518518518517 
9 0.7971354166666667 0.6916666666666668 0.0067708333333333336 0.018518518518518517 
11 0.8080729166666667 0.6916666666666668 0.0067708333333333336 0.018518518518518517 
4 0.81484375 0.6916666666666668 0.0067708333333333336 0.018518518518518517 
10 0.8216145833333334 0.6916666666666668 0.0067708333333333336 0.018518518518518517 
4 0.8325520833333334 0.6916666666666668 0.0067708333333333336 0.018518518518518517 
10 0.8393229166666667 0.6916666666666668 0.0067708333333333336 0.018518518518518517 
2 0.84609375 0.6916666666666668 0.0067708333333333336 0.018518518518518517 
