35 0.06483016483903078 0.17281148853878994 0.021875 0.05 
34 0.5936323989607875 0.7239614874298597 0.08333333333333333 0.13703703703703704 
24 0.7967718564619596 0.586528668424449 0.019791666666666666 0.037037037037037035 
7 0.6016884615401674 0.4209477012538312 0.0421875 0.11851851851851852 
36 0.6649394990609119 0.8360636819108396 0.011979166666666667 0.026851851851851852 
20 0.1317746153290436 0.7408711458786215 0.0026041666666666665 0.014814814814814815 
15 0.3860679668656351 0.3118302574996321 0.0036458333333333334 0.007407407407407408 
16 0.41503420322514467 0.34346148240794633 0.05 0.11666666666666667 
3 0.040812444957732306 0.9112401048187876 0.005208333333333333 0.014814814814814815 
13 0.3063401471096013 0.7762144659284398 0.078125 0.1675925925925926 
28 0.4140839464031614 0.7655120108796581 0.023958333333333335 0.053703703703703705 
12 0.06781269480204768 0.11793904537039013 0.0390625 0.08425925925925926 
35 0.960402158654575 0.8257060177967263 0.007291666666666667 0.01574074074074074 
28 0.3890043669638157 0.9002311498903668 0.020833333333333332 0.04722222222222222 
28 0.5453056245499044 0.3577437102200334 0.040625 0.08888888888888889 
34 0.8217636186467274 0.292191750073828 0.09427083333333333 0.15462962962962962 
2 0.6475220733010584 0.9611451988843016 0.008333333333333333 0.024074074074074074 
35 0.10849309151177794 0.8748646122832135 0.0515625 0.11944444444444445 
21 0.8488679197973932 0.5931741324093678 0.028125 0.0787037037037037 
27 0.46010818498870454 0.47743679688962304 0.059895833333333336 0.1388888888888889 
6 0.4892380968351205 0.7514935605328712 0.046875 0.13055555555555556 
