35 0.6877541114447558 0.16255419293909956 0.0546875 0.12685185185185185 
34 0.6107375413922356 0.7933480289164092 0.0359375 0.058333333333333334 
31 0.47294008910854407 0.2964591862204158 0.06822916666666666 0.17314814814814813 
14 0.7645931261234666 0.6458629177974665 0.0078125 0.016666666666666666 
8 0.9373613371806081 0.48870835555406944 0.013020833333333334 0.037037037037037035 
17 0.03984247064103813 0.7129371304806156 0.034895833333333334 0.08796296296296297 
37 0.6065098663578289 0.8228873397708765 0.06510416666666667 0.16574074074074074 
36 0.7961533528013391 0.3099048857969024 0.023958333333333335 0.05462962962962963 
28 0.31829511908085395 0.06362143318938113 0.0046875 0.010185185185185186 
14 0.5962556066185134 0.6703372428492025 0.057291666666666664 0.12685185185185185 
3 0.9026424493790773 0.3856062158386813 0.046875 0.13055555555555556 
7 0.8829287813370972 0.5837797310790351 0.027083333333333334 0.075 
17 0.3673265808926851 0.0637006747156085 0.0203125 0.05185185185185185 
17 0.31346873510242756 0.2706373861902928 0.06927083333333334 0.17592592592592593 
29 0.6098452872188154 0.08186354456149683 0.0046875 0.009259259259259259 
27 0.674309272401468 0.5649245920546624 0.044270833333333336 0.1037037037037037 
10 0.8281282308694654 0.7825838929215634 0.05572916666666667 0.15833333333333333 
