0 0.5809895833333333 0.5537037037037037 0.27447916666666666 0.1111111111111111
1 0.4145833333333333 0.7481481481481481 0.25625 0.32222222222222224
14 0.3395833333333333 0.7314814814814814 0.010416666666666666 0.022222222222222223 
35 0.3497395833333333 0.7314814814814814 0.009895833333333333 0.022222222222222223 
34 0.36171875 0.7314814814814814 0.0140625 0.022222222222222223 
6 0.3770833333333333 0.7314814814814814 0.008333333333333333 0.022222222222222223 
7 0.38541666666666663 0.7314814814814814 0.008333333333333333 0.022222222222222223 
2 0.39375 0.7314814814814814 0.008333333333333333 0.022222222222222223 
9 0.4067708333333333 0.7314814814814814 0.008333333333333333 0.022222222222222223 
10 0.41510416666666666 0.7314814814814814 0.008333333333333333 0.022222222222222223 
6 0.42343749999999997 0.7314814814814814 0.008333333333333333 0.022222222222222223 
6 0.43645833333333334 0.7314814814814814 0.008333333333333333 0.022222222222222223 
8 0.44479166666666664 0.7314814814814814 0.008333333333333333 0.022222222222222223 
7 0.453125 0.7314814814814814 0.008333333333333333 0.022222222222222223 
