35 0.28836628855354923 0.7251764041168611 0.016666666666666666 0.03888888888888889 
37 0.8940784236948195 0.17971817044866212 0.06666666666666667 0.16944444444444445 
31 0.5851448729429742 0.43742487949021586 0.043229166666666666 0.11018518518518519 
18 0.43652071735482983 0.4963797843306379 0.015104166666666667 0.030555555555555555 
10 0.30951245470762423 0.26803378868803573 0.04375 0.12407407407407407 
27 0.6556863771746866 0.2931252752022253 0.07447916666666667 0.17407407407407408 
8 0.6534096950613673 0.6386561782479926 0.011458333333333333 0.032407407407407406 
33 0.8602370232465456 0.42029286885340106 0.0078125 0.017592592592592594 
34 0.06172411353835727 0.7234804199192972 0.04479166666666667 0.07314814814814814 
6 0.7875111806707055 0.8858256761223315 0.028125 0.0787037037037037 
13 0.06870667135563524 0.08621172733860036 0.042708333333333334 0.09166666666666666 
