36 0.7098932028438496 0.5335496065093795 0.05364583333333333 0.12314814814814815 
3 0.404126024546591 0.7676542463599387 0.059895833333333336 0.1685185185185185 
3 0.4174145457551249 0.961324334949085 0.021875 0.06111111111111111 
14 0.7463314885569622 0.3459455668417313 0.05364583333333333 0.11944444444444445 
29 0.6927133315002028 0.22781002937123773 0.05416666666666667 0.11666666666666667 
22 0.5272853269090778 0.5046970929244696 0.078125 0.1685185185185185 
20 0.34405692801399884 0.7202112827660272 0.008854166666666666 0.049074074074074076 
12 0.7790929052914698 0.6041004340099078 0.050520833333333334 0.10833333333333334 
34 0.4252201583855232 0.46273864874365583 0.03697916666666667 0.06018518518518518 
28 0.3732497311093515 0.5105069748789994 0.059375 0.13148148148148148 
22 0.8882812175215736 0.444460162539091 0.0625 0.13425925925925927 
22 0.6505671172435208 0.8487688768223688 0.021875 0.04722222222222222 
23 0.9387051089078797 0.3501832057543526 0.0109375 0.027777777777777776 
32 0.3347650516217556 0.512075454047835 0.044270833333333336 0.0962962962962963 
35 0.05919738695092424 0.8380916379553128 0.0609375 0.14166666666666666 
24 0.8231154142601697 0.73105009859131 0.07916666666666666 0.14814814814814814 
15 0.03795458777715857 0.23881976329458615 0.05520833333333333 0.11851851851851852 
9 0.5938430917487362 0.4753353877724067 0.05625 0.15462962962962962 
28 0.5714897748785606 0.3276369035032819 0.013020833333333334 0.027777777777777776 
19 0.350119020221486 0.7399841233102395 0.0036458333333333334 0.007407407407407408 
33 0.25229027407316035 0.5021417656939905 0.025520833333333333 0.058333333333333334 
14 0.25393900733961716 0.5701984968471886 0.04010416666666667 0.08796296296296297 
24 0.06799651949671907 0.3319338984408305 0.023958333333333335 0.044444444444444446 
19 0.1958964032050029 0.3397414886798639 0.05416666666666667 0.11574074074074074 
33 0.047502145735367575 0.3745353145110096 0.0703125 0.1638888888888889 
31 0.5053496102231763 0.5291569527712726 0.021875 0.05555555555555555 
36 0.6882751063051471 0.14365252734941233 0.0421875 0.0962962962962963 
23 0.3171462292128874 0.4411363782117079 0.026041666666666668 0.06574074074074074 
16 0.5135641583372963 0.17797335875050366 0.0265625 0.062037037037037036 
