36 0.7140293401124671 0.1074994748033971 0.030729166666666665 0.06944444444444445 
4 0.014109463597046849 0.24458190459154197 0.019270833333333334 0.053703703703703705 
17 0.7448653109527932 0.6863743664905793 0.015104166666666667 0.03888888888888889 
33 0.4474818866659445 0.20223517651804632 0.042708333333333334 0.09907407407407408 
16 0.28316710936203 0.2602116085791888 0.030208333333333334 0.07037037037037037 
24 0.4471492740459665 0.17606408577038277 0.0375 0.07037037037037037 
35 0.5993964040633057 0.19355720987638714 0.06354166666666666 0.14722222222222223 
33 0.27866792080993996 0.09480454005470172 0.03229166666666667 0.075 
20 0.8602492123155621 0.1638054365668465 0.025520833333333333 0.14351851851851852 
16 0.28722017731133037 0.055320947408692575 0.015104166666666667 0.03518518518518519 
36 0.37152954427530477 0.6647982540860029 0.06302083333333333 0.14444444444444443 
10 0.9282963485665702 0.091760445311029 0.01875 0.05277777777777778 
11 0.205533626425618 0.9489503969477298 0.013541666666666667 0.03888888888888889 
6 0.6864033265446791 0.22645661869668798 0.007291666666666667 0.020370370370370372 
33 0.4218179667691214 0.5218622563137476 0.008333333333333333 0.019444444444444445 
15 0.6694272389673603 0.4268207745135072 0.003125 0.006481481481481481 
33 0.19793996505444955 0.21398642575966165 0.06927083333333334 0.16018518518518518 
5 0.3160282596798801 0.5847762321272931 0.0328125 0.09166666666666666 
12 0.25747403833401544 0.4247710501267798 0.04375 0.09444444444444444 
