0 0.6802083333333333 0.8712962962962963 0.08333333333333333 0.03333333333333333
1 0.8151041666666666 0.13425925925925924 0.078125 0.09814814814814815
24 0.7919270833333334 0.12916666666666665 0.0036458333333333334 0.006481481481481481 
31 0.7950520833333333 0.12916666666666665 0.0026041666666666665 0.006481481481481481 
31 0.7976562500000001 0.12916666666666665 0.0026041666666666665 0.006481481481481481 
9 0.8018229166666667 0.12916666666666665 0.0026041666666666665 0.006481481481481481 
6 0.8044270833333333 0.12916666666666665 0.0026041666666666665 0.006481481481481481 
8 0.8070312500000001 0.12916666666666665 0.0026041666666666665 0.006481481481481481 
7 0.8111979166666667 0.12916666666666665 0.0026041666666666665 0.006481481481481481 
5 0.8138020833333334 0.12916666666666665 0.0026041666666666665 0.006481481481481481 
4 0.81640625 0.12916666666666665 0.0026041666666666665 0.006481481481481481 
7 0.8205729166666667 0.12916666666666665 0.0026041666666666665 0.006481481481481481 
7 0.8231770833333334 0.12916666666666665 0.0026041666666666665 0.006481481481481481 
3 0.82578125 0.12916666666666665 0.0026041666666666665 0.006481481481481481 
