0 0.08645833333333333 0.6791666666666667 0.10833333333333334 0.04351851851851852
1 0.4161458333333333 0.5041666666666667 0.10104166666666667 0.12685185185185185
33 0.38645833333333335 0.4976851851851852 0.004166666666666667 0.008333333333333333 
35 0.39010416666666664 0.4976851851851852 0.004166666666666667 0.008333333333333333 
37 0.39348958333333334 0.4976851851851852 0.0036458333333333334 0.008333333333333333 
3 0.39895833333333336 0.4976851851851852 0.003125 0.008333333333333333 
10 0.40208333333333335 0.4976851851851852 0.003125 0.008333333333333333 
5 0.40520833333333334 0.4976851851851852 0.003125 0.008333333333333333 
10 0.4104166666666667 0.4976851851851852 0.003125 0.008333333333333333 
5 0.4135416666666667 0.4976851851851852 0.003125 0.008333333333333333 
9 0.4166666666666667 0.4976851851851852 0.003125 0.008333333333333333 
7 0.421875 0.4976851851851852 0.003125 0.008333333333333333 
9 0.42500000000000004 0.4976851851851852 0.003125 0.008333333333333333 
10 0.42812500000000003 0.4976851851851852 0.003125 0.008333333333333333 
