36 0.402309011095585 0.37395401233925035 0.022916666666666665 0.05092592592592592 
13 0.06683783999513537 0.669691864575412 0.04635416666666667 0.09907407407407408 
6 0.20681504146892593 0.5906269334534074 0.0515625 0.14351851851851852 
11 0.8225957816554311 0.7184706996168102 0.024479166666666666 0.06851851851851852 
31 0.26720630983782645 0.6137236667466843 0.05520833333333333 0.1398148148148148 
21 0.2597341519097883 0.1614645662327236 0.06145833333333333 0.17407407407407408 
28 0.20702438551751723 0.7798808401308159 0.07864583333333333 0.17592592592592593 
24 0.21696866468625417 0.5751615162507345 0.08802083333333334 0.1638888888888889 
7 0.8190783582999952 0.8190888952052254 0.005729166666666666 0.016666666666666666 
21 0.8416377223017258 0.39810115185878003 0.05625 0.16018518518518518 
14 0.9048408817412431 0.40530627349078185 0.034895833333333334 0.07685185185185185 
33 0.09732726901124333 0.8403566082095729 0.075 0.17407407407407408 
20 0.3709042468774049 0.810989484344451 0.013020833333333334 0.07222222222222222 
18 0.2669788235175454 0.7078404273981148 0.0036458333333333334 0.007407407407407408 
16 0.039687548624688006 0.27570888798124155 0.05677083333333333 0.13240740740740742 
22 0.7199473059052692 0.060489000719598465 0.029166666666666667 0.062037037037037036 
8 0.07343134218206074 0.9507185045606839 0.009895833333333333 0.026851851851851852 
35 0.6707587464683156 0.5804871444333405 0.018229166666666668 0.04259259259259259 
14 0.6663272181226421 0.2501502023374662 0.059375 0.13148148148148148 
18 0.3612276018997215 0.3380160590438208 0.08333333333333333 0.17222222222222222 
3 0.870247558619489 0.5154181497844992 0.027083333333333334 0.075 
