36 0.3772747588004289 0.7511281937189702 0.03802083333333333 0.08703703703703704 
13 0.6535541145608641 0.2855250716232904 0.03177083333333333 0.06851851851851852 
14 0.4656460356188873 0.36907072572518484 0.04010416666666667 0.08796296296296297 
14 0.5119169624690044 0.24053349333067292 0.05260416666666667 0.11666666666666667 
34 0.8577366894622861 0.3708705702616118 0.0484375 0.07962962962962963 
30 0.407179102661539 0.5313838139226299 0.044270833333333336 0.10648148148148148 
37 0.6930619221205907 0.8553404682513568 0.04583333333333333 0.11666666666666667 
4 0.8462471128257864 0.47132532055232856 0.029166666666666667 0.08148148148148149 
12 0.5854044911137692 0.9152146807172431 0.0109375 0.022222222222222223 
7 0.9228252250826159 0.24239194010457377 0.03802083333333333 0.10648148148148148 
24 0.8655477814118001 0.6334435692436771 0.033854166666666664 0.06296296296296296 
20 0.10536326867713365 0.6975664090894721 0.011458333333333333 0.06296296296296296 
7 0.052349202549080404 0.6358212084090378 0.05520833333333333 0.15555555555555556 
16 0.2030251587273628 0.6671539934429054 0.025 0.05740740740740741 
34 0.5471308264018188 0.7145831764136816 0.06822916666666666 0.11203703703703703 
7 0.5938036579339391 0.26623729486898523 0.04010416666666667 0.11203703703703703 
15 0.3033941730842213 0.13608488409508263 0.0546875 0.1175925925925926 
20 0.20255579605490084 0.764704577808309 0.015104166666666667 0.08518518518518518 
13 0.6307966187973595 0.8386619295601629 0.05572916666666667 0.12037037037037036 
13 0.8904970600326216 0.8410438695697774 0.0578125 0.125 
