36 0.69558070973384 0.19752987402560748 0.0203125 0.04537037037037037 
15 0.5029100434395096 0.6650832960484762 0.059895833333333336 0.1287037037037037 
31 0.7755920250778466 0.4020685412722713 0.027083333333333334 0.06851851851851852 
34 0.6070418988025885 0.8483581845620864 0.08177083333333333 0.13425925925925927 
18 0.18397960695242158 0.5839778709233098 0.08854166666666667 0.1824074074074074 
13 0.41322158826362554 0.5443209866157814 0.0640625 0.13796296296296295 
27 0.9381275925925993 0.5231347850091702 0.03125 0.07314814814814814 
4 0.40283910895881336 0.2957009295087594 0.058333333333333334 0.16296296296296298 
33 0.7537002714775182 0.42899722640563664 0.059895833333333336 0.1388888888888889 
26 0.28426998373945384 0.40929658294289417 0.08333333333333333 0.1712962962962963 
23 0.057972335580504124 0.6314019418023028 0.0390625 0.09907407407407408 
28 0.04331280047765227 0.17093037575726555 0.025520833333333333 0.05740740740740741 
16 0.07825877350776583 0.9488767978056393 0.0234375 0.05462962962962963 
27 0.5287425088412621 0.6282790535299477 0.07447916666666667 0.17314814814814813 
36 0.8214736657983105 0.23381148905037785 0.075 0.17314814814814813 
21 0.8281680217162313 0.657458959688093 0.0171875 0.049074074074074076 
18 0.6317125276750383 0.8113430136155754 0.015625 0.03148148148148148 
32 0.21659469366381282 0.6157446159407628 0.08229166666666667 0.17962962962962964 
21 0.8020294901789168 0.7905760626466575 0.005729166666666666 0.016666666666666666 
28 0.7370044758511032 0.17481710495742317 0.08489583333333334 0.18888888888888888 
30 0.8503167119903847 0.9185765773802603 0.024479166666666666 0.05925925925925926 
26 0.6259156838827526 0.15958752411114807 0.027083333333333334 0.05555555555555555 
26 0.9071718525178099 0.6448714804027988 0.034895833333333334 0.0712962962962963 
23 0.7364581736320582 0.15271391840253923 0.024479166666666666 0.062037037037037036 
14 0.7804666397871189 0.28474036514032597 0.03958333333333333 0.08703703703703704 
22 0.3357049967047104 0.9681010508227761 0.014583333333333334 0.030555555555555555 
26 0.7247121724069596 0.1634287111964511 0.0578125 0.11944444444444445 
18 0.4263903646466223 0.5802451210581202 0.015104166666666667 0.02962962962962963 
13 0.8594160232292568 0.9353322667649616 0.0390625 0.08425925925925926 
24 0.714487389539069 0.19550514008115635 0.084375 0.1574074074074074 
11 0.6040040091412333 0.24411763623692226 0.026041666666666668 0.07314814814814814 
30 0.45644354936508535 0.17096398655822292 0.016666666666666666 0.040740740740740744 
8 0.5510515753733528 0.504270353572518 0.0515625 0.14537037037037037 
14 0.1781781929708801 0.21556079788972454 0.004166666666666667 0.009259259259259259 
