0 0.70625 0.1550925925925926 0.5270833333333333 0.21388888888888888
1 0.33307291666666666 0.42638888888888893 0.4921875 0.6194444444444445
17 0.18776041666666668 0.39490740740740743 0.0171875 0.04351851851851852 
21 0.20416666666666666 0.39537037037037037 0.015625 0.044444444444444446 
14 0.22213541666666667 0.39490740740740743 0.0203125 0.04537037037037037 
5 0.24947916666666667 0.39490740740740743 0.015625 0.04537037037037037 
7 0.26510416666666664 0.39537037037037037 0.015625 0.044444444444444446 
5 0.28072916666666664 0.39490740740740743 0.015625 0.04537037037037037 
9 0.30572916666666666 0.39490740740740743 0.015625 0.04351851851851852 
3 0.32135416666666666 0.39444444444444443 0.015625 0.044444444444444446 
11 0.33697916666666666 0.39490740740740743 0.015625 0.04537037037037037 
8 0.3619791666666667 0.39490740740740743 0.015625 0.04537037037037037 
5 0.3776041666666667 0.39490740740740743 0.015625 0.04537037037037037 
2 0.3932291666666667 0.39490740740740743 0.015625 0.04537037037037037 
