0 0.30078125 0.09722222222222222 0.32864583333333336 0.13333333333333333
1 0.31953125 0.34675925925925927 0.3067708333333333 0.3861111111111111
12 0.22994791666666667 0.32731481481481484 0.013020833333333334 0.026851851851851852 
20 0.23828125 0.32731481481481484 0.0046875 0.026851851851851852 
25 0.246875 0.32731481481481484 0.0125 0.026851851851851852 
5 0.2638020833333333 0.32731481481481484 0.009895833333333333 0.026851851851851852 
3 0.27369791666666665 0.32731481481481484 0.009895833333333333 0.026851851851851852 
5 0.28359375 0.32731481481481484 0.009895833333333333 0.026851851851851852 
7 0.29921875 0.32731481481481484 0.009895833333333333 0.026851851851851852 
4 0.3091145833333333 0.32731481481481484 0.009895833333333333 0.026851851851851852 
6 0.3190104166666667 0.32731481481481484 0.009895833333333333 0.026851851851851852 
5 0.3346354166666667 0.32731481481481484 0.009895833333333333 0.026851851851851852 
10 0.34453125 0.32731481481481484 0.009895833333333333 0.026851851851851852 
8 0.35442708333333334 0.32731481481481484 0.009895833333333333 0.026851851851851852 
