36 0.8421730750177508 0.8750303451903354 0.0703125 0.16111111111111112 
17 0.643990065731452 0.2590943048976286 0.015625 0.03981481481481482 
11 0.406072669287963 0.553187254527527 0.043229166666666666 0.12222222222222222 
5 0.18307245844542136 0.0733607804188949 0.015625 0.04537037037037037 
24 0.9710292357392092 0.8933995800866938 0.029166666666666667 0.05462962962962963 
8 0.8484277167441772 0.5918422154866592 0.059375 0.1685185185185185 
3 0.5831148412810138 0.4510943306457814 0.0046875 0.012962962962962963 
3 0.6963402540644161 0.5622399252427525 0.042708333333333334 0.11851851851851852 
10 0.9875425083102609 0.41595573166437155 0.005208333333333333 0.014814814814814815 
8 0.2697847612416725 0.34745522394046924 0.03177083333333333 0.08888888888888889 
12 0.20540346403170148 0.34243794005839046 0.030208333333333334 0.06481481481481481 
35 0.9436134157644097 0.31477820646567983 0.0036458333333333334 0.007407407407407408 
9 0.5886256102619285 0.7276617064554077 0.013541666666666667 0.037037037037037035 
31 0.7386350582426829 0.9178927046002409 0.021875 0.05555555555555555 
36 0.7257792606384524 0.9349012612218232 0.018229166666666668 0.040740740740740744 
5 0.8673549764915902 0.9007717374976478 0.04479166666666667 0.12685185185185185 
7 0.22112012273476528 0.296820452541634 0.008333333333333333 0.022222222222222223 
13 0.8091915590802053 0.3296877121303328 0.0078125 0.017592592592592594 
37 0.47140053574529167 0.380360794702005 0.024479166666666666 0.062037037037037036 
10 0.6874986424141263 0.4888076749079566 0.0109375 0.030555555555555555 
26 0.8546120231385828 0.17858985374098396 0.00625 0.012962962962962963 
9 0.7702281418194424 0.7273152024570588 0.026041666666666668 0.07222222222222222 
14 0.06447569046259145 0.6646463516889389 0.0640625 0.14166666666666666 
2 0.5841521242185107 0.2671107475619348 0.059895833333333336 0.17037037037037037 
16 0.392304977455726 0.7840444081828399 0.0203125 0.04814814814814815 
18 0.0680065358482191 0.8410249963262563 0.05364583333333333 0.1111111111111111 
34 0.8850502485582254 0.6021359951821819 0.05 0.08148148148148149 
36 0.9184789828265079 0.4252035735550616 0.0453125 0.1037037037037037 
27 0.6424718218365407 0.4224788374647138 0.022916666666666665 0.05277777777777778 
30 0.5463174770991054 0.23936817114154502 0.01875 0.04537037037037037 
32 0.8874999811761725 0.7212192535188424 0.0375 0.08148148148148149 
27 0.4404780053034359 0.5054582661927599 0.005729166666666666 0.013888888888888888 
30 0.6230337898875888 0.5664864308757864 0.03697916666666667 0.08703703703703704 
36 0.9344512470540484 0.7601302768207752 0.025 0.05555555555555555 
37 0.2847414789704663 0.24661717684494214 0.0296875 0.075 
