0 0.1375 0.17222222222222222 0.0875 0.03518518518518519
1 0.7166666666666667 0.5083333333333333 0.08125 0.10185185185185185
25 0.69296875 0.5037037037037037 0.0036458333333333334 0.007407407407407408 
34 0.6971354166666667 0.5037037037037037 0.0046875 0.007407407407407408 
34 0.7018229166666666 0.5037037037037037 0.0046875 0.007407407407407408 
3 0.70703125 0.5037037037037037 0.0026041666666666665 0.007407407407407408 
8 0.7096354166666667 0.5037037037037037 0.0026041666666666665 0.007407407407407408 
6 0.7122395833333334 0.5037037037037037 0.0026041666666666665 0.007407407407407408 
4 0.71640625 0.5037037037037037 0.0026041666666666665 0.007407407407407408 
7 0.7190104166666667 0.5037037037037037 0.0026041666666666665 0.007407407407407408 
4 0.7216145833333334 0.5037037037037037 0.0026041666666666665 0.007407407407407408 
2 0.72578125 0.5037037037037037 0.0026041666666666665 0.007407407407407408 
9 0.7283854166666667 0.5037037037037037 0.0026041666666666665 0.007407407407407408 
7 0.7309895833333334 0.5037037037037037 0.0026041666666666665 0.007407407407407408 
