36 0.9615131590185388 0.7942056931353164 0.022916666666666665 0.05092592592592592 
19 0.5857476686552672 0.41105470902144225 0.07083333333333333 0.15185185185185185 
9 0.3025772607293732 0.4075884724093016 0.015104166666666667 0.041666666666666664 
30 0.4374726663302488 0.607348891257054 0.0625 0.14907407407407408 
8 0.5183530334439025 0.7257353238836152 0.020833333333333332 0.058333333333333334 
20 0.12537203802900462 0.6009846341857951 0.0078125 0.04259259259259259 
33 0.8562049367034538 0.3209512161930661 0.05260416666666667 0.12222222222222222 
32 0.25030207795621 0.672222836107711 0.027604166666666666 0.06018518518518518 
19 0.23274977087820603 0.26147590583484226 0.071875 0.15555555555555556 
2 0.5440756661061571 0.636521305413221 0.035416666666666666 0.10092592592592593 
27 0.8130750280613007 0.07053074986457583 0.028125 0.06481481481481481 
16 0.6000417680824451 0.9237654802800717 0.0067708333333333336 0.01574074074074074 
12 0.3323077743322645 0.1980854537849736 0.013020833333333334 0.026851851851851852 
29 0.6858146615785068 0.8838660555605481 0.0171875 0.037037037037037035 
11 0.24527936197617267 0.23964198826054112 0.009895833333333333 0.026851851851851852 
14 0.19003343804625433 0.32069196950189116 0.07395833333333333 0.1648148148148148 
7 0.6198132169722228 0.8697885032787165 0.0390625 0.10925925925925926 
30 0.45510713160667937 0.4907673401812299 0.03697916666666667 0.08703703703703704 
34 0.8359927934106564 0.588007074523876 0.05520833333333333 0.08981481481481482 
9 0.756554985885489 0.8824739660343024 0.016666666666666666 0.046296296296296294 
34 0.5689204224934757 0.5580036301729974 0.06979166666666667 0.11481481481481481 
14 0.48096906137529644 0.6091775278487178 0.0390625 0.08611111111111111 
31 0.5013626762589233 0.7476344903212135 0.041666666666666664 0.10648148148148148 
9 0.6028495822570179 0.4071333658950045 0.059375 0.1638888888888889 
11 0.3356318235636258 0.16631745784361293 0.050520833333333334 0.1425925925925926 
34 0.4894363637156606 0.40116447831871777 0.030729166666666665 0.05 
