36 0.25235284732601376 0.19585790756825114 0.04375 0.09907407407407408 
23 0.4467356994895965 0.534099991568963 0.028125 0.0712962962962963 
17 0.05854186445081166 0.3912343691202687 0.0036458333333333334 0.009259259259259259 
37 0.15745041180932584 0.31391947668594516 0.05520833333333333 0.1398148148148148 
34 0.09410588356941668 0.2806477254045817 0.065625 0.10833333333333334 
13 0.07504811103464958 0.31257737076522024 0.0296875 0.06388888888888888 
6 0.46553525454492595 0.8050482121960866 0.0171875 0.049074074074074076 
11 0.4218487129351238 0.8396071327078173 0.059375 0.1685185185185185 
8 0.6458047210888285 0.14322060941245335 0.06041666666666667 0.1712962962962963 
29 0.8634295190588744 0.20556518660214368 0.025520833333333333 0.05462962962962963 
19 0.3266553186206566 0.4072600527068398 0.028125 0.06111111111111111 
