36 0.4867320211831554 0.792376777766244 0.005208333333333333 0.010185185185185186 
26 0.6814081190636258 0.8372671729067912 0.033854166666666664 0.06944444444444445 
20 0.5329753499827772 0.5308621853493334 0.028125 0.1574074074074074 
5 0.47464570060153316 0.5786661851815836 0.06145833333333333 0.17407407407407408 
9 0.8074483423934076 0.48283402909337614 0.053125 0.14629629629629629 
24 0.6655380199298397 0.8625818031398609 0.053125 0.09907407407407408 
17 0.16172106337335593 0.14485526822016215 0.043229166666666666 0.11018518518518519 
21 0.8631843523786283 0.5871039866172085 0.058854166666666666 0.1675925925925926 
12 0.13901770357273097 0.18651331422115994 0.0390625 0.08333333333333333 
23 0.8098084651824066 0.10286275572946793 0.044270833333333336 0.11296296296296296 
19 0.7236614397188724 0.24967421159003955 0.04583333333333333 0.09907407407407408 
30 0.7625130559777181 0.8727977089044506 0.0265625 0.06388888888888888 
36 0.02529296803494195 0.3046472274364863 0.03333333333333333 0.07592592592592592 
17 0.8424121388355863 0.8113008852981449 0.057291666666666664 0.14537037037037037 
15 0.07337274291104755 0.6086462903201127 0.06302083333333333 0.1361111111111111 
35 0.0284588818116544 0.9229594151253115 0.029166666666666667 0.06666666666666667 
11 0.8082295612719039 0.5183929964428534 0.04114583333333333 0.11666666666666667 
23 0.1496117256179744 0.2965560457705923 0.034895833333333334 0.08888888888888889 
26 0.07074236228546103 0.6125646387847357 0.0390625 0.07962962962962963 
11 0.5210271977833044 0.5602895976764046 0.0036458333333333334 0.010185185185185186 
3 0.22423855829130368 0.3446442899867353 0.0171875 0.049074074074074076 
4 0.8400593800533438 0.28155369161686206 0.030729166666666665 0.08518518518518518 
19 0.6927757753998462 0.9072015173789788 0.0453125 0.09722222222222222 
29 0.758160945209791 0.9258878110907705 0.0296875 0.06388888888888888 
8 0.7913973764549793 0.5727216743985839 0.0421875 0.11944444444444445 
6 0.10282266635394455 0.49050632967433405 0.058333333333333334 0.16296296296296298 
5 0.3074813983080014 0.36299220485117495 0.0515625 0.14629629629629629 
34 0.4911794320758206 0.5191755432442341 0.008854166666666666 0.014814814814814815 
18 0.8561801378488136 0.6192799741429281 0.07239583333333334 0.14814814814814814 
11 0.29504749052157375 0.5724676604439523 0.04895833333333333 0.13796296296296295 
19 0.5665572196064455 0.860565758770765 0.08229166666666667 0.17685185185185184 
23 0.7279673088469658 0.8771219641676778 0.0046875 0.011111111111111112 
35 0.6261647366401049 0.6377117303825977 0.04895833333333333 0.11296296296296296 
