0 0.4580729166666667 0.48703703703703705 0.4109375 0.16666666666666666
1 0.6291666666666667 0.3162037037037037 0.38333333333333336 0.4824074074074074
22 0.5174479166666667 0.29212962962962963 0.016145833333333335 0.03425925925925926 
26 0.5341145833333333 0.29212962962962963 0.0171875 0.03611111111111111 
15 0.55078125 0.29212962962962963 0.016145833333333335 0.03425925925925926 
6 0.5723958333333333 0.2916666666666667 0.0125 0.03518518518518519 
3 0.5848958333333333 0.2916666666666667 0.0125 0.03518518518518519 
11 0.5973958333333333 0.29212962962962963 0.0125 0.03611111111111111 
9 0.6171875 0.29212962962962963 0.0125 0.03425925925925926 
6 0.6296875 0.2916666666666667 0.0125 0.03518518518518519 
9 0.6421875 0.29212962962962963 0.0125 0.03425925925925926 
6 0.6619791666666667 0.2916666666666667 0.0125 0.03518518518518519 
6 0.6744791666666666 0.2916666666666667 0.0125 0.03518518518518519 
11 0.6869791666666667 0.29212962962962963 0.0125 0.03611111111111111 
