0 0.503125 0.7643518518518518 0.20833333333333334 0.08425925925925926
1 0.77734375 0.4148148148148148 0.19427083333333334 0.24444444444444444
37 0.7200520833333334 0.40231481481481485 0.0067708333333333336 0.017592592592592594 
27 0.7270833333333333 0.40231481481481485 0.007291666666666667 0.017592592592592594 
15 0.7346354166666667 0.40231481481481485 0.0078125 0.017592592592592594 
4 0.7453125 0.40231481481481485 0.00625 0.017592592592592594 
6 0.7515625 0.40231481481481485 0.00625 0.017592592592592594 
5 0.7578125 0.40231481481481485 0.00625 0.017592592592592594 
8 0.7677083333333333 0.40231481481481485 0.00625 0.017592592592592594 
6 0.7739583333333334 0.40231481481481485 0.00625 0.017592592592592594 
7 0.7802083333333334 0.40231481481481485 0.00625 0.017592592592592594 
10 0.7901041666666667 0.40231481481481485 0.00625 0.017592592592592594 
5 0.7963541666666667 0.40231481481481485 0.00625 0.017592592592592594 
10 0.8026041666666667 0.40231481481481485 0.00625 0.017592592592592594 
