0 0.61328125 0.7046296296296296 0.27447916666666666 0.1111111111111111
1 0.5825520833333333 0.5953703703703703 0.25677083333333334 0.32222222222222224
31 0.5065104166666666 0.5787037037037036 0.008854166666666666 0.022222222222222223 
26 0.5166666666666667 0.5787037037037036 0.011458333333333333 0.022222222222222223 
35 0.52734375 0.5787037037037036 0.009895833333333333 0.022222222222222223 
4 0.5411458333333333 0.5787037037037036 0.008333333333333333 0.022222222222222223 
8 0.5494791666666666 0.5787037037037036 0.008333333333333333 0.022222222222222223 
5 0.5578124999999999 0.5787037037037036 0.008333333333333333 0.022222222222222223 
6 0.5708333333333333 0.5787037037037036 0.008333333333333333 0.022222222222222223 
7 0.5791666666666666 0.5787037037037036 0.008333333333333333 0.022222222222222223 
4 0.5875 0.5787037037037036 0.008333333333333333 0.022222222222222223 
10 0.6005208333333333 0.5787037037037036 0.008333333333333333 0.022222222222222223 
3 0.6088541666666667 0.5787037037037036 0.008333333333333333 0.022222222222222223 
11 0.6171875 0.5787037037037036 0.008333333333333333 0.022222222222222223 
