0 0.8877604166666667 0.8958333333333334 0.0453125 0.017592592592592594
1 0.36067708333333337 0.33472222222222225 0.0421875 0.05277777777777778
28 0.34791666666666665 0.33194444444444443 0.0020833333333333333 0.004629629629629629 
37 0.34921875 0.33148148148148143 0.0015625 0.003703703703703704 
37 0.35078125 0.33148148148148143 0.0015625 0.003703703703703704 
8 0.35286458333333337 0.33194444444444443 0.0015625 0.004629629629629629 
10 0.35390625000000003 0.33194444444444443 0.0015625 0.004629629629629629 
2 0.3549479166666667 0.33194444444444443 0.0015625 0.004629629629629629 
2 0.35651041666666666 0.33194444444444443 0.0015625 0.004629629629629629 
9 0.3575520833333333 0.33148148148148143 0.0015625 0.003703703703703704 
6 0.35859375 0.33148148148148143 0.0015625 0.003703703703703704 
5 0.36015625 0.33194444444444443 0.0015625 0.004629629629629629 
9 0.3611979166666667 0.33148148148148143 0.0015625 0.003703703703703704 
6 0.36223958333333334 0.33148148148148143 0.0015625 0.003703703703703704 
