0 0.3013020833333333 0.35370370370370374 0.3390625 0.13703703703703704
1 0.19505208333333335 0.6486111111111111 0.31614583333333335 0.3972222222222222
28 0.10338541666666667 0.6305555555555555 0.0140625 0.03148148148148148 
29 0.1171875 0.6291666666666667 0.013541666666666667 0.028703703703703703 
25 0.12994791666666666 0.6291666666666667 0.013020833333333334 0.028703703703703703 
11 0.14791666666666667 0.6296296296296295 0.010416666666666666 0.027777777777777776 
5 0.15833333333333335 0.6296296296296295 0.010416666666666666 0.027777777777777776 
2 0.16875 0.6296296296296295 0.010416666666666666 0.027777777777777776 
4 0.18541666666666667 0.6296296296296295 0.010416666666666666 0.027777777777777776 
9 0.19583333333333333 0.6296296296296295 0.010416666666666666 0.027777777777777776 
2 0.20625000000000002 0.6296296296296295 0.010416666666666666 0.027777777777777776 
2 0.22291666666666668 0.6296296296296295 0.010416666666666666 0.027777777777777776 
2 0.23333333333333334 0.6296296296296295 0.010416666666666666 0.027777777777777776 
7 0.24375000000000002 0.6296296296296295 0.010416666666666666 0.027777777777777776 
