0 0.7020833333333333 0.37083333333333335 0.39166666666666666 0.15833333333333333
1 0.5885416666666666 0.37407407407407406 0.365625 0.45925925925925926
35 0.48151041666666666 0.3513888888888889 0.0140625 0.032407407407407406 
28 0.4966145833333333 0.3527777777777778 0.016145833333333335 0.03518518518518519 
25 0.5122395833333333 0.3513888888888889 0.015104166666666667 0.032407407407407406 
10 0.5322916666666667 0.3513888888888889 0.011458333333333333 0.032407407407407406 
11 0.54375 0.3513888888888889 0.011458333333333333 0.032407407407407406 
11 0.5552083333333333 0.3513888888888889 0.011458333333333333 0.032407407407407406 
2 0.5734375 0.3513888888888889 0.011458333333333333 0.032407407407407406 
9 0.5848958333333334 0.3513888888888889 0.011458333333333333 0.032407407407407406 
9 0.5963541666666666 0.3513888888888889 0.011458333333333333 0.032407407407407406 
7 0.6145833333333334 0.3513888888888889 0.011458333333333333 0.032407407407407406 
11 0.6260416666666667 0.3513888888888889 0.011458333333333333 0.032407407407407406 
8 0.6375 0.3513888888888889 0.011458333333333333 0.032407407407407406 
