0 0.54140625 0.4703703703703703 0.4421875 0.17962962962962964
1 0.37005208333333334 0.30879629629629635 0.41302083333333334 0.5194444444444445
24 0.25104166666666666 0.2833333333333333 0.019791666666666666 0.037037037037037035 
30 0.26901041666666664 0.2833333333333333 0.016145833333333335 0.03888888888888889 
12 0.28567708333333336 0.2833333333333333 0.0171875 0.037037037037037035 
2 0.30885416666666665 0.2833333333333333 0.013541666666666667 0.03888888888888889 
6 0.3223958333333333 0.2828703703703704 0.013541666666666667 0.03796296296296296 
8 0.3359375 0.2833333333333333 0.013541666666666667 0.03888888888888889 
8 0.3572916666666667 0.2833333333333333 0.013541666666666667 0.03888888888888889 
4 0.37083333333333335 0.2828703703703704 0.013541666666666667 0.03796296296296296 
10 0.384375 0.2833333333333333 0.013541666666666667 0.03888888888888889 
7 0.4057291666666667 0.2837962962962963 0.013541666666666667 0.03796296296296296 
6 0.4192708333333333 0.2828703703703704 0.013541666666666667 0.03796296296296296 
6 0.4328125 0.2828703703703704 0.013541666666666667 0.03796296296296296 
