0 0.7190104166666667 0.6305555555555555 0.1015625 0.040740740740740744
1 0.7895833333333333 0.5912037037037037 0.09479166666666666 0.11944444444444445
22 0.7614583333333333 0.5847222222222223 0.004166666666666667 0.008333333333333333 
14 0.76484375 0.5847222222222223 0.0036458333333333334 0.008333333333333333 
14 0.7684895833333334 0.5847222222222223 0.0036458333333333334 0.008333333333333333 
8 0.7734375 0.5847222222222223 0.003125 0.008333333333333333 
7 0.7760416666666667 0.5847222222222223 0.003125 0.008333333333333333 
8 0.7786458333333334 0.5847222222222223 0.003125 0.008333333333333333 
7 0.7828125 0.5847222222222223 0.003125 0.008333333333333333 
8 0.7854166666666667 0.5847222222222223 0.003125 0.008333333333333333 
4 0.7877604166666667 0.5847222222222223 0.0026041666666666665 0.008333333333333333 
9 0.7921875 0.5847222222222223 0.003125 0.008333333333333333 
5 0.7947916666666667 0.5847222222222223 0.003125 0.008333333333333333 
2 0.7971354166666667 0.5847222222222223 0.0026041666666666665 0.008333333333333333 
