36 0.6293461606961709 0.1922148415631728 0.059895833333333336 0.13796296296296295 
30 0.8694147101568567 0.638476545795847 0.04895833333333333 0.1175925925925926 
21 0.749660418538337 0.4752343940946637 0.0359375 0.10185185185185185 
7 0.1064673433397868 0.12350661422208425 0.019270833333333334 0.05462962962962963 
19 0.6055820700035985 0.636718821986901 0.0296875 0.06388888888888888 
2 0.7397796214962304 0.3861127293449232 0.022916666666666665 0.06481481481481481 
4 0.012972419311834228 0.32991677846428996 0.013541666666666667 0.03796296296296296 
17 0.7587665185766764 0.6549743241557475 0.0375 0.09444444444444444 
28 0.4967588641461998 0.4670293108014069 0.058333333333333334 0.12962962962962962 
12 0.7192549183309948 0.1514867296391452 0.041666666666666664 0.08981481481481482 
12 0.31845504385974654 0.9321000243134776 0.008333333333333333 0.017592592592592594 
16 0.42863235178784426 0.5167150967131793 0.04114583333333333 0.09537037037037037 
27 0.08754592189084978 0.5676397689502268 0.07135416666666666 0.16574074074074074 
32 0.7273742979142268 0.7272920087395847 0.0765625 0.1675925925925926 
20 0.23376024950545346 0.8574477671213577 0.021354166666666667 0.11944444444444445 
31 0.29253283078371195 0.4006307905367804 0.05572916666666667 0.14166666666666666 
13 0.12499925199089414 0.4800175277625682 0.040625 0.08703703703703704 
15 0.8721031522693018 0.29829608565577154 0.040625 0.08703703703703704 
23 0.6484893623860729 0.21154131517476302 0.041666666666666664 0.10555555555555556 
7 0.1448904304807495 0.8752795544787042 0.05572916666666667 0.15648148148148147 
12 0.7728310851903097 0.5624334111946774 0.07395833333333333 0.15925925925925927 
36 0.4132545060320811 0.7747004437276845 0.01875 0.041666666666666664 
15 0.46740877104064116 0.39996425215275583 0.0578125 0.12407407407407407 
13 0.7485924494017925 0.3965917785866209 0.05625 0.12037037037037036 
35 0.7105730333094993 0.8407404530746713 0.021354166666666667 0.05 
37 0.3448940695321565 0.05376348579221349 0.016666666666666666 0.04259259259259259 
22 0.24485541786456688 0.5939764032509511 0.05625 0.12037037037037036 
28 0.8655630477497258 0.5111551484576826 0.025520833333333333 0.05740740740740741 
23 0.2834102123107658 0.444907806721767 0.042708333333333334 0.10833333333333334 
23 0.3688246436379504 0.6757518663790921 0.051041666666666666 0.12962962962962962 
33 0.06538230492164263 0.8171761420373982 0.03802083333333333 0.08703703703703704 
21 0.17000433269663504 0.47198659211713295 0.013541666666666667 0.03796296296296296 
28 0.4452235691366369 0.37509452621591305 0.005729166666666666 0.012037037037037037 
