0 0.1859375 0.6472222222222223 0.07395833333333333 0.02962962962962963
1 0.32760416666666664 0.16712962962962963 0.06875 0.08611111111111111
29 0.3072916666666667 0.16296296296296295 0.003125 0.005555555555555556 
24 0.30989583333333337 0.16296296296296295 0.003125 0.005555555555555556 
24 0.31302083333333336 0.16296296296296295 0.003125 0.005555555555555556 
5 0.31666666666666665 0.16296296296296295 0.0020833333333333333 0.005555555555555556 
8 0.31875 0.16296296296296295 0.0020833333333333333 0.005555555555555556 
11 0.3208333333333333 0.16296296296296295 0.0020833333333333333 0.005555555555555556 
7 0.32395833333333335 0.16296296296296295 0.0020833333333333333 0.005555555555555556 
10 0.3260416666666667 0.16296296296296295 0.0020833333333333333 0.005555555555555556 
5 0.328125 0.16296296296296295 0.0020833333333333333 0.005555555555555556 
8 0.33125 0.16296296296296295 0.0020833333333333333 0.005555555555555556 
11 0.3333333333333333 0.16296296296296295 0.0020833333333333333 0.005555555555555556 
6 0.33541666666666664 0.16296296296296295 0.0020833333333333333 0.005555555555555556 
