0 0.5510416666666667 0.3523148148148148 0.4395833333333333 0.1787037037037037
1 0.4171875 0.312962962962963 0.41041666666666665 0.5166666666666667
19 0.29765625 0.2875 0.0171875 0.03611111111111111 
30 0.3140625 0.28750000000000003 0.015625 0.03796296296296296 
14 0.33046875000000003 0.28750000000000003 0.0171875 0.03796296296296296 
9 0.3533854166666667 0.2875 0.013020833333333334 0.03611111111111111 
3 0.36640625000000004 0.2870370370370371 0.013020833333333334 0.037037037037037035 
2 0.37942708333333336 0.28750000000000003 0.013020833333333334 0.03796296296296296 
4 0.4002604166666667 0.2870370370370371 0.013020833333333334 0.037037037037037035 
5 0.41328125000000004 0.28750000000000003 0.013020833333333334 0.03796296296296296 
8 0.42630208333333336 0.28750000000000003 0.013020833333333334 0.03796296296296296 
10 0.4471354166666667 0.28750000000000003 0.013020833333333334 0.03796296296296296 
9 0.46015625000000004 0.2875 0.013020833333333334 0.03611111111111111 
4 0.47317708333333336 0.2870370370370371 0.013020833333333334 0.037037037037037035 
