0 0.5697916666666667 0.1712962962962963 0.21145833333333333 0.08518518518518518
1 0.7679687500000001 0.14537037037037037 0.19739583333333333 0.24814814814814815
14 0.71015625 0.13287037037037036 0.0078125 0.017592592592592594 
25 0.71796875 0.13287037037037036 0.0078125 0.017592592592592594 
23 0.7252604166666667 0.13287037037037036 0.0067708333333333336 0.017592592592592594 
5 0.7354166666666667 0.13287037037037036 0.00625 0.017592592592592594 
3 0.7416666666666667 0.13287037037037036 0.00625 0.017592592592592594 
6 0.7479166666666667 0.13287037037037036 0.00625 0.017592592592592594 
4 0.7578125 0.13287037037037036 0.00625 0.017592592592592594 
2 0.7640625000000001 0.13287037037037036 0.00625 0.017592592592592594 
2 0.7703125000000001 0.13287037037037036 0.00625 0.017592592592592594 
6 0.7802083333333334 0.13287037037037036 0.00625 0.017592592592592594 
6 0.7864583333333334 0.13287037037037036 0.00625 0.017592592592592594 
10 0.7927083333333333 0.13287037037037036 0.00625 0.017592592592592594 
