36 0.19817774387477882 0.5107115181729546 0.06510416666666667 0.15 
33 0.34062410081968814 0.07573852384060557 0.022395833333333334 0.05185185185185185 
9 0.46405184846492975 0.43368829296781386 0.005208333333333333 0.014814814814814815 
35 0.8886318817777694 0.170315623647488 0.008854166666666666 0.020370370370370372 
12 0.5718250972721816 0.2870761420531122 0.027604166666666666 0.05925925925925926 
2 0.7433253493230659 0.4377350435249287 0.003125 0.008333333333333333 
27 0.14352838589432268 0.28893557013197757 0.015625 0.03611111111111111 
11 0.26195937163065286 0.8522951780698541 0.03125 0.08796296296296297 
35 0.37354212661150327 0.1860330276666996 0.07604166666666666 0.17592592592592593 
23 0.5069613691827186 0.5650240242064933 0.05416666666666667 0.13703703703703704 
7 0.7251443571958839 0.6814806263548069 0.0296875 0.08333333333333333 
10 0.750717635372297 0.3719668272470824 0.04635416666666667 0.13148148148148148 
