0 0.044270833333333336 0.020370370370370372 0.065625 0.025925925925925925
1 0.78125 0.17824074074074073 0.06145833333333333 0.07685185185185185
14 0.76328125 0.17407407407407408 0.0026041666666666665 0.005555555555555556 
16 0.7658854166666667 0.17407407407407408 0.0026041666666666665 0.005555555555555556 
13 0.7679687500000001 0.17407407407407408 0.0026041666666666665 0.005555555555555556 
8 0.7713541666666667 0.17407407407407408 0.0020833333333333333 0.005555555555555556 
11 0.7734375 0.17407407407407408 0.0020833333333333333 0.005555555555555556 
7 0.7755208333333334 0.17407407407407408 0.0020833333333333333 0.005555555555555556 
8 0.7786458333333334 0.17407407407407408 0.0020833333333333333 0.005555555555555556 
9 0.7807291666666667 0.17407407407407408 0.0020833333333333333 0.005555555555555556 
8 0.7828125 0.17407407407407408 0.0020833333333333333 0.005555555555555556 
5 0.7859375000000001 0.17407407407407408 0.0020833333333333333 0.005555555555555556 
4 0.7880208333333334 0.17407407407407408 0.0020833333333333333 0.005555555555555556 
2 0.7901041666666667 0.17407407407407408 0.0020833333333333333 0.005555555555555556 
