0 0.47291666666666665 0.4666666666666667 0.35625 0.14444444444444443
1 0.3658854166666667 0.39444444444444443 0.3328125 0.4185185185185185
29 0.26901041666666664 0.3740740740740741 0.0140625 0.02962962962962963 
23 0.28203125 0.3740740740740741 0.011979166666666667 0.02962962962962963 
16 0.29453125 0.3740740740740741 0.013020833333333334 0.02962962962962963 
10 0.3127604166666667 0.3740740740740741 0.0109375 0.02962962962962963 
7 0.3236979166666667 0.3740740740740741 0.0109375 0.02962962962962963 
5 0.3346354166666667 0.3740740740740741 0.0109375 0.02962962962962963 
2 0.3518229166666667 0.3740740740740741 0.0109375 0.02962962962962963 
8 0.3627604166666667 0.3740740740740741 0.0109375 0.02962962962962963 
9 0.3736979166666667 0.3740740740740741 0.0109375 0.02962962962962963 
11 0.3908854166666667 0.3740740740740741 0.0109375 0.02962962962962963 
10 0.4018229166666667 0.3740740740740741 0.0109375 0.02962962962962963 
4 0.4127604166666667 0.3740740740740741 0.0109375 0.02962962962962963 
