36 0.7892892106469628 0.9007228643699741 0.03229166666666667 0.07314814814814814 
37 0.12475008985844317 0.11419705263423717 0.014583333333333334 0.037037037037037035 
33 0.0962010408778169 0.9021875488863675 0.03229166666666667 0.07407407407407407 
35 0.674156724222971 0.3734810659851191 0.04791666666666667 0.1111111111111111 
19 0.030266040976714932 0.3377318729504316 0.0203125 0.04351851851851852 
6 0.3387088078650117 0.08822825846529143 0.030208333333333334 0.08425925925925926 
10 0.598068501910099 0.9027846113249249 0.0125 0.03611111111111111 
32 0.25396398251211716 0.6608399625203558 0.0036458333333333334 0.007407407407407408 
26 0.799175733563221 0.37332857009670445 0.036458333333333336 0.07407407407407407 
20 0.8440944719138813 0.8314161692919161 0.015104166666666667 0.08518518518518518 
2 0.2201494667503738 0.48644706775290686 0.008333333333333333 0.022222222222222223 
37 0.30219799033010614 0.15245279745604073 0.018229166666666668 0.04537037037037037 
12 0.21701571480342594 0.2888156649462829 0.0828125 0.17777777777777778 
24 0.6753354212699129 0.5155467100817387 0.0625 0.11574074074074074 
13 0.2760748504145442 0.9008892213664547 0.058854166666666666 0.12685185185185185 
15 0.8042767720501158 0.869030237058639 0.0765625 0.1648148148148148 
