37 0.8274905624882681 0.8083840991445581 0.06354166666666666 0.16111111111111112 
13 0.48270983774330023 0.45476184831889577 0.027604166666666666 0.05925925925925926 
37 0.20926001964158225 0.7907718090400192 0.06302083333333333 0.16018518518518518 
19 0.5924949100624181 0.1727112329897392 0.07760416666666667 0.16666666666666666 
12 0.3238100499646862 0.8110296142841895 0.04583333333333333 0.09814814814814815 
22 0.11614227685793746 0.248045290426046 0.019270833333333334 0.040740740740740744 
10 0.14546061815690842 0.83049533936098 0.018229166666666668 0.05185185185185185 
9 0.3511185808671367 0.8347498442886038 0.03125 0.08611111111111111 
32 0.14468030594485098 0.43093457093953264 0.0546875 0.11944444444444445 
28 0.7343152411333225 0.2939759398006233 0.059375 0.13240740740740742 
21 0.18494645450558306 0.5821684822736064 0.05364583333333333 0.1527777777777778 
28 0.75200794019648 0.39466177719225903 0.0046875 0.009259259259259259 
18 0.41840335027484205 0.12079586436460094 0.04895833333333333 0.10185185185185185 
31 0.1871246838487193 0.3569150717007087 0.011979166666666667 0.02962962962962963 
24 0.16901119291158306 0.17592215080749596 0.011979166666666667 0.022222222222222223 
11 0.5441294509252311 0.3577313152399768 0.0578125 0.1648148148148148 
8 0.5682037859380195 0.5051405712245326 0.01875 0.05277777777777778 
8 0.06662706418279332 0.07221777138818425 0.0109375 0.02962962962962963 
11 0.4017537737996472 0.6740843693152917 0.005208333333333333 0.014814814814814815 
30 0.9255751052364181 0.2776646005581345 0.025520833333333333 0.06111111111111111 
31 0.36053398470733633 0.504238873901948 0.05520833333333333 0.1398148148148148 
16 0.6671608976938543 0.6006927513856904 0.046875 0.10925925925925926 
21 0.8780814266870813 0.8540134752397902 0.053125 0.15 
