0 0.45234375000000004 0.2888888888888889 0.5796875 0.2351851851851852
1 0.6776041666666667 0.5143518518518518 0.5416666666666666 0.6805555555555556
37 0.51796875 0.48055555555555557 0.019270833333333334 0.04814814814814815 
23 0.5372395833333333 0.48055555555555557 0.019270833333333334 0.04814814814814815 
22 0.5583333333333333 0.48055555555555557 0.022916666666666665 0.04814814814814815 
6 0.58828125 0.48009259259259257 0.0171875 0.049074074074074076 
2 0.60546875 0.48055555555555557 0.0171875 0.05 
10 0.6226562499999999 0.48055555555555557 0.0171875 0.05 
8 0.6502604166666667 0.48055555555555557 0.0171875 0.05 
10 0.6674479166666666 0.48055555555555557 0.0171875 0.05 
2 0.6846354166666666 0.48055555555555557 0.0171875 0.05 
4 0.7122395833333333 0.48009259259259257 0.0171875 0.049074074074074076 
11 0.7294270833333333 0.48055555555555557 0.0171875 0.05 
4 0.7466145833333333 0.48009259259259257 0.0171875 0.049074074074074076 
