37 0.934247066079776 0.47538884329324865 0.0296875 0.075 
15 0.44739541717945386 0.3208767362541243 0.06458333333333334 0.1388888888888889 
33 0.3825931376500926 0.1401960629746379 0.035416666666666666 0.08148148148148149 
21 0.19728334188052365 0.13574276907046967 0.053125 0.15 
36 0.4661147890078548 0.11894281536125999 0.028645833333333332 0.06388888888888888 
10 0.8691290900454293 0.8021779381970867 0.040625 0.11574074074074074 
19 0.4680728978943763 0.7503207142987787 0.0140625 0.02962962962962963 
6 0.5727084476908852 0.2663883217672529 0.036458333333333336 0.10185185185185185 
30 0.048747248775919294 0.6014170828165243 0.004166666666666667 0.009259259259259259 
34 0.07688632557495167 0.7542063572748297 0.08854166666666667 0.14537037037037037 
6 0.7900180752393974 0.4053114233934737 0.027083333333333334 0.075 
28 0.2802721977121951 0.4480196499561017 0.0609375 0.1361111111111111 
35 0.3210710253483475 0.36986447757291097 0.0609375 0.14166666666666666 
18 0.681607983639636 0.2884322410250748 0.07708333333333334 0.15925925925925927 
3 0.8559313450104089 0.7077548113592063 0.05364583333333333 0.15 
11 0.7730905114711337 0.5366386230094928 0.028645833333333332 0.08055555555555556 
31 0.3128951339212565 0.8089943050050262 0.03854166666666667 0.09722222222222222 
19 0.7450012510561946 0.6362694643676753 0.023958333333333335 0.05092592592592592 
35 0.09031319465713822 0.3585780873541911 0.014583333333333334 0.03425925925925926 
28 0.21227244763327358 0.33556351920788685 0.08697916666666666 0.1935185185185185 
10 0.9292504785744586 0.37417139939966926 0.011458333333333333 0.032407407407407406 
10 0.7900152338790007 0.48927385403016954 0.0625 0.17777777777777778 
28 0.0750915403017982 0.6447701471954781 0.04114583333333333 0.08981481481481482 
24 0.8206969162930073 0.35911024615242854 0.06875 0.12777777777777777 
6 0.2280675766706227 0.6407885941751987 0.020833333333333332 0.05740740740740741 
30 0.7798289148790696 0.4692763327995172 0.03854166666666667 0.09166666666666666 
13 0.10646529913320071 0.8107278547000853 0.020833333333333332 0.04537037037037037 
31 0.5034104350687889 0.4819586749393535 0.06041666666666667 0.1537037037037037 
34 0.12168279789905509 0.37563914008485905 0.028645833333333332 0.046296296296296294 
