0 0.4828125 0.12592592592592594 0.48333333333333334 0.1962962962962963
1 0.4091145833333333 0.2958333333333333 0.4515625 0.5675925925925925
33 0.27708333333333335 0.2685185185185185 0.017708333333333333 0.040740740740740744 
34 0.29791666666666666 0.2685185185185185 0.025 0.040740740740740744 
26 0.3200520833333333 0.26851851851851855 0.0203125 0.04259259259259259 
8 0.34635416666666663 0.2689814814814815 0.014583333333333334 0.041666666666666664 
3 0.36093749999999997 0.2685185185185185 0.014583333333333334 0.040740740740740744 
2 0.3755208333333333 0.2689814814814815 0.014583333333333334 0.041666666666666664 
5 0.3989583333333333 0.2689814814814815 0.014583333333333334 0.041666666666666664 
9 0.41354166666666664 0.2689814814814815 0.014583333333333334 0.03981481481481482 
5 0.428125 0.2689814814814815 0.014583333333333334 0.041666666666666664 
6 0.4515625 0.2685185185185185 0.014583333333333334 0.040740740740740744 
7 0.4661458333333333 0.2694444444444445 0.014583333333333334 0.040740740740740744 
7 0.48072916666666665 0.2694444444444445 0.014583333333333334 0.040740740740740744 
