0 0.16536458333333334 0.46064814814814814 0.2859375 0.11574074074074074
1 0.1484375 0.31018518518518523 0.26666666666666666 0.3351851851851852
27 0.0703125 0.2935185185185185 0.010416666666666666 0.024074074074074074 
27 0.08072916666666666 0.2935185185185185 0.010416666666666666 0.024074074074074074 
31 0.090625 0.2935185185185185 0.009375 0.024074074074074074 
8 0.1046875 0.2935185185185185 0.008333333333333333 0.024074074074074074 
2 0.11302083333333333 0.2935185185185185 0.008333333333333333 0.024074074074074074 
8 0.12135416666666667 0.2935185185185185 0.008333333333333333 0.024074074074074074 
3 0.13489583333333335 0.2935185185185185 0.008333333333333333 0.024074074074074074 
7 0.14322916666666669 0.2935185185185185 0.008333333333333333 0.024074074074074074 
8 0.15156250000000002 0.2935185185185185 0.008333333333333333 0.024074074074074074 
10 0.1651041666666667 0.2935185185185185 0.008333333333333333 0.024074074074074074 
10 0.17343750000000002 0.2935185185185185 0.008333333333333333 0.024074074074074074 
8 0.18177083333333335 0.2935185185185185 0.008333333333333333 0.024074074074074074 
