0 0.603125 0.7194444444444444 0.042708333333333334 0.016666666666666666
1 0.6098958333333333 0.08194444444444444 0.03958333333333333 0.049074074074074076
15 0.59765625 0.0787037037037037 0.0015625 0.003703703703703704 
24 0.5994791666666667 0.0787037037037037 0.0020833333333333333 0.003703703703703704 
31 0.6007812499999999 0.0787037037037037 0.0015625 0.003703703703703704 
7 0.6028645833333333 0.07916666666666666 0.0015625 0.004629629629629629 
5 0.60390625 0.07916666666666666 0.0015625 0.004629629629629629 
9 0.6049479166666666 0.0787037037037037 0.0015625 0.003703703703703704 
5 0.6065104166666666 0.07916666666666666 0.0015625 0.004629629629629629 
11 0.6075520833333333 0.07916666666666666 0.0015625 0.004629629629629629 
6 0.6085937499999999 0.0787037037037037 0.0015625 0.003703703703703704 
5 0.61015625 0.07916666666666666 0.0015625 0.004629629629629629 
7 0.6111979166666667 0.07916666666666666 0.0015625 0.004629629629629629 
11 0.6122395833333333 0.07916666666666666 0.0015625 0.004629629629629629 
