37 0.4696359492083943 0.06463370004456727 0.010416666666666666 0.026851851851851852 
19 0.7279177115785501 0.8527718694382682 0.07239583333333334 0.15555555555555556 
12 0.20668335797028606 0.32063171787459466 0.06614583333333333 0.1425925925925926 
24 0.053075757606167236 0.7160569901555811 0.0453125 0.08425925925925926 
23 0.1580808455889791 0.2101824120540106 0.0625 0.15833333333333333 
28 0.7017828085536593 0.2329438680889561 0.08020833333333334 0.1787037037037037 
27 0.720304882160269 0.35821179864399727 0.071875 0.16666666666666666 
2 0.5036651767254877 0.8594368051405165 0.042708333333333334 0.12129629629629629 
11 0.11675364104783464 0.7186356872541881 0.0067708333333333336 0.019444444444444445 
6 0.6036585323746249 0.10687838584205045 0.028125 0.0787037037037037 
7 0.8494516864488398 0.25101766750791327 0.04479166666666667 0.125 
6 0.046179244525819174 0.31295330889110645 0.03958333333333333 0.11018518518518519 
34 0.16736030724379045 0.12842195654844252 0.013020833333333334 0.021296296296296296 
29 0.5160809847071386 0.9114618170469466 0.06197916666666667 0.13333333333333333 
34 0.7003889682449836 0.9390034185862011 0.044270833333333336 0.07222222222222222 
27 0.7331480357167455 0.676020560018482 0.0375 0.08703703703703704 
31 0.631469015228073 0.616982121352721 0.024479166666666666 0.062037037037037036 
18 0.3681465319148789 0.8469099113088738 0.03333333333333333 0.06851851851851852 
