0 0.5984375 0.14444444444444443 0.246875 0.1
1 0.6828125 0.7708333333333333 0.23020833333333332 0.2898148148148148
34 0.6171875 0.7564814814814815 0.0125 0.020370370370370372 
32 0.6281249999999999 0.7564814814814815 0.009375 0.020370370370370372 
28 0.6380208333333334 0.7574074074074074 0.010416666666666666 0.022222222222222223 
8 0.6510416666666666 0.7564814814814815 0.007291666666666667 0.020370370370370372 
7 0.6583333333333333 0.7564814814814815 0.007291666666666667 0.020370370370370372 
5 0.665625 0.7564814814814815 0.007291666666666667 0.020370370370370372 
2 0.6770833333333334 0.7564814814814815 0.007291666666666667 0.020370370370370372 
9 0.6843750000000001 0.7564814814814815 0.007291666666666667 0.020370370370370372 
10 0.6916666666666667 0.7564814814814815 0.007291666666666667 0.020370370370370372 
11 0.703125 0.7564814814814815 0.007291666666666667 0.020370370370370372 
6 0.7104166666666667 0.7564814814814815 0.007291666666666667 0.020370370370370372 
5 0.7177083333333334 0.7564814814814815 0.007291666666666667 0.020370370370370372 
