0 0.63125 0.549537037037037 0.16875 0.06759259259259259
1 0.16927083333333331 0.36712962962962964 0.15729166666666666 0.19722222222222222
37 0.12265625000000001 0.3569444444444444 0.005729166666666666 0.013888888888888888 
22 0.12890625 0.3569444444444444 0.0067708333333333336 0.013888888888888888 
13 0.13489583333333333 0.3569444444444444 0.00625 0.013888888888888888 
4 0.14375 0.3569444444444444 0.005208333333333333 0.013888888888888888 
5 0.14895833333333333 0.3569444444444444 0.005208333333333333 0.013888888888888888 
2 0.15416666666666665 0.3569444444444444 0.005208333333333333 0.013888888888888888 
8 0.16249999999999998 0.3569444444444444 0.005208333333333333 0.013888888888888888 
7 0.16770833333333332 0.3569444444444444 0.005208333333333333 0.013888888888888888 
3 0.17291666666666666 0.3569444444444444 0.005208333333333333 0.013888888888888888 
8 0.18125 0.3569444444444444 0.005208333333333333 0.013888888888888888 
9 0.18645833333333334 0.3569444444444444 0.005208333333333333 0.013888888888888888 
2 0.19166666666666665 0.3569444444444444 0.005208333333333333 0.013888888888888888 
