0 0.5903645833333333 0.2925925925925926 0.3255208333333333 0.13148148148148148
1 0.7078125000000001 0.4412037037037037 0.30416666666666664 0.3824074074074074
25 0.61875 0.4226851851851852 0.0125 0.026851851851851852 
22 0.6315104166666666 0.4226851851851852 0.013020833333333334 0.026851851851851852 
21 0.6424479166666667 0.4226851851851852 0.009895833333333333 0.026851851851851852 
6 0.6580729166666667 0.4226851851851852 0.009895833333333333 0.026851851851851852 
6 0.66796875 0.4226851851851852 0.009895833333333333 0.026851851851851852 
10 0.6778645833333334 0.4226851851851852 0.009895833333333333 0.026851851851851852 
5 0.6934895833333334 0.4226851851851852 0.009895833333333333 0.026851851851851852 
5 0.7033854166666668 0.4226851851851852 0.009895833333333333 0.026851851851851852 
4 0.7132812500000001 0.4226851851851852 0.009895833333333333 0.026851851851851852 
6 0.7289062500000001 0.4226851851851852 0.009895833333333333 0.026851851851851852 
4 0.7388020833333334 0.4226851851851852 0.009895833333333333 0.026851851851851852 
2 0.7486979166666667 0.4226851851851852 0.009895833333333333 0.026851851851851852 
