0 0.15286458333333333 0.2828703703703704 0.050520833333333334 0.019444444444444445
1 0.4786458333333333 0.5092592592592593 0.046875 0.05925925925925926
28 0.46458333333333335 0.5055555555555555 0.0020833333333333333 0.005555555555555556 
20 0.46614583333333337 0.5050925925925925 0.0010416666666666667 0.004629629629629629 
13 0.4671875 0.5050925925925925 0.0020833333333333333 0.004629629629629629 
9 0.47005208333333337 0.5050925925925925 0.0015625 0.004629629629629629 
9 0.47161458333333334 0.5050925925925925 0.0015625 0.004629629629629629 
7 0.47317708333333336 0.5055555555555555 0.0015625 0.005555555555555556 
7 0.47578125 0.5055555555555555 0.0015625 0.005555555555555556 
8 0.47734375 0.5055555555555555 0.0015625 0.005555555555555556 
9 0.47890625000000003 0.5050925925925925 0.0015625 0.004629629629629629 
10 0.48151041666666666 0.5055555555555555 0.0015625 0.005555555555555556 
4 0.4830729166666667 0.5050925925925925 0.0015625 0.004629629629629629 
5 0.48463541666666665 0.5055555555555555 0.0015625 0.005555555555555556 
