0 0.3614583333333333 0.6814814814814816 0.2833333333333333 0.11481481481481481
1 0.8552083333333333 0.30972222222222223 0.26458333333333334 0.33240740740740743
14 0.7778645833333333 0.29259259259259257 0.0109375 0.024074074074074074 
28 0.7893229166666667 0.2935185185185185 0.011979166666666667 0.025925925925925925 
27 0.8005208333333333 0.29259259259259257 0.010416666666666666 0.024074074074074074 
4 0.8151041666666666 0.29259259259259257 0.008333333333333333 0.024074074074074074 
4 0.8234374999999999 0.29259259259259257 0.008333333333333333 0.024074074074074074 
5 0.8317708333333333 0.29259259259259257 0.008333333333333333 0.024074074074074074 
11 0.8453125 0.29259259259259257 0.008333333333333333 0.024074074074074074 
4 0.8536458333333333 0.29259259259259257 0.008333333333333333 0.024074074074074074 
5 0.8619791666666666 0.29259259259259257 0.008333333333333333 0.024074074074074074 
5 0.8755208333333333 0.29259259259259257 0.008333333333333333 0.024074074074074074 
10 0.8838541666666666 0.29259259259259257 0.008333333333333333 0.024074074074074074 
9 0.8921875 0.29259259259259257 0.008333333333333333 0.024074074074074074 
