37 0.4829528021959738 0.3500717766384903 0.046875 0.11851851851851852 
28 0.38685006048451714 0.829637587843544 0.06197916666666667 0.13796296296296295 
15 0.6158838427727328 0.15671430561523864 0.07083333333333333 0.1527777777777778 
36 0.1059523911960912 0.9221736360956097 0.0109375 0.023148148148148147 
3 0.05903699294706854 0.9726355146903094 0.004166666666666667 0.012037037037037037 
24 0.6614986963854005 0.4693886125089997 0.07604166666666666 0.14074074074074075 
27 0.5764339418169945 0.19280768092662587 0.0765625 0.1787037037037037 
4 0.11736315713188882 0.8714039894367556 0.021875 0.06111111111111111 
4 0.7378964117600237 0.2273519554480734 0.0265625 0.07407407407407407 
11 0.33383939416032865 0.7287839758372987 0.03333333333333333 0.09444444444444444 
36 0.6876312077710521 0.5779255848646132 0.06510416666666667 0.14907407407407408 
23 0.31912422565591747 0.5432400044288194 0.0109375 0.027777777777777776 
24 0.09225171498868273 0.5524829636296349 0.09427083333333333 0.17592592592592593 
22 0.14008814338646491 0.8833529465143255 0.057291666666666664 0.12314814814814815 
8 0.5712712049172756 0.17172686286309916 0.019791666666666666 0.05648148148148148 
2 0.6198139070871255 0.10810217227380234 0.0171875 0.049074074074074076 
