0 0.7158854166666666 0.3143518518518518 0.3848958333333333 0.15648148148148147
1 0.503125 0.41574074074074074 0.359375 0.45185185185185184
27 0.39739583333333334 0.39259259259259255 0.013541666666666667 0.03148148148148148 
37 0.41041666666666665 0.39259259259259255 0.0125 0.03148148148148148 
34 0.4265625 0.39259259259259255 0.019791666666666666 0.03148148148148148 
4 0.4484375 0.39259259259259255 0.011458333333333333 0.03148148148148148 
9 0.45989583333333334 0.39259259259259255 0.011458333333333333 0.03148148148148148 
2 0.4713541666666667 0.39259259259259255 0.011458333333333333 0.03148148148148148 
10 0.4895833333333333 0.39259259259259255 0.011458333333333333 0.03148148148148148 
3 0.5010416666666666 0.39259259259259255 0.011458333333333333 0.03148148148148148 
5 0.5125 0.39259259259259255 0.011458333333333333 0.03148148148148148 
11 0.5307291666666667 0.39259259259259255 0.011458333333333333 0.03148148148148148 
5 0.5421875 0.39259259259259255 0.011458333333333333 0.03148148148148148 
2 0.5536458333333334 0.39259259259259255 0.011458333333333333 0.03148148148148148 
