37 0.5930672807873881 0.882365536103171 0.03697916666666667 0.09351851851851851 
32 0.09088791130071354 0.21083770423163647 0.06354166666666666 0.13796296296296295 
14 0.462704624800153 0.2976165529032378 0.0484375 0.10740740740740741 
12 0.13559162052395127 0.805488029866576 0.022916666666666665 0.049074074074074076 
16 0.915137944657779 0.9415196489304763 0.016145833333333335 0.03796296296296296 
26 0.9140602375696393 0.8345411058025123 0.043229166666666666 0.08796296296296297 
9 0.9486313432110024 0.47949413511450817 0.0046875 0.012962962962962963 
8 0.9494292386226243 0.6113869729529603 0.0140625 0.040740740740740744 
19 0.36663029340596826 0.7783705328856676 0.07760416666666667 0.16666666666666666 
23 0.8535135136743623 0.8174376345369943 0.011979166666666667 0.02962962962962963 
22 0.4019531515905104 0.5872169353827282 0.05520833333333333 0.1175925925925926 
32 0.43460393748073584 0.7384382644077017 0.065625 0.1425925925925926 
16 0.3006574013855779 0.7731662197100194 0.016145833333333335 0.037037037037037035 
2 0.6179631093014567 0.26047576081610857 0.052083333333333336 0.14722222222222223 
