0 0.2276041666666667 0.44027777777777777 0.43125 0.175
1 0.7643229166666666 0.5430555555555556 0.40260416666666665 0.5064814814814815
14 0.646875 0.5180555555555555 0.016666666666666666 0.03796296296296296 
26 0.6640625 0.5180555555555555 0.017708333333333333 0.03796296296296296 
33 0.6807291666666667 0.5180555555555556 0.015625 0.03611111111111111 
4 0.7028645833333333 0.5180555555555556 0.013020833333333334 0.03611111111111111 
6 0.7158854166666666 0.5180555555555556 0.013020833333333334 0.03611111111111111 
9 0.72890625 0.5185185185185185 0.013020833333333334 0.03518518518518519 
6 0.7497395833333333 0.5180555555555556 0.013020833333333334 0.03611111111111111 
3 0.7627604166666666 0.5180555555555556 0.013020833333333334 0.03611111111111111 
7 0.77578125 0.5189814814814815 0.013020833333333334 0.03611111111111111 
8 0.7966145833333333 0.5185185185185185 0.013020833333333334 0.037037037037037035 
8 0.8096354166666666 0.5185185185185185 0.013020833333333334 0.037037037037037035 
8 0.82265625 0.5185185185185185 0.013020833333333334 0.037037037037037035 
