0 0.43723958333333335 0.6773148148148148 0.4276041666666667 0.17314814814814813
1 0.46458333333333335 0.3574074074074074 0.39895833333333336 0.5018518518518519
29 0.3484375 0.33287037037037037 0.016666666666666666 0.03611111111111111 
31 0.3638020833333333 0.33287037037037037 0.0140625 0.03611111111111111 
20 0.37395833333333334 0.33287037037037037 0.00625 0.03611111111111111 
2 0.39140625 0.33333333333333337 0.013020833333333334 0.037037037037037035 
11 0.4044270833333333 0.33333333333333337 0.013020833333333334 0.037037037037037035 
7 0.4174479166666667 0.3337962962962963 0.013020833333333334 0.03611111111111111 
4 0.43828125 0.33287037037037037 0.013020833333333334 0.03611111111111111 
8 0.4513020833333333 0.33333333333333337 0.013020833333333334 0.037037037037037035 
9 0.4643229166666667 0.33333333333333337 0.013020833333333334 0.03518518518518519 
9 0.48515625 0.33333333333333337 0.013020833333333334 0.03518518518518519 
5 0.4981770833333333 0.33333333333333337 0.013020833333333334 0.037037037037037035 
4 0.5111979166666666 0.33287037037037037 0.013020833333333334 0.03611111111111111 
