5 0.16614583333333333 0.8092592592592592 0.0703125 0.1398148148148148
19 0.12447916666666667 0.6333333333333333 0.07239583333333334 0.14444444444444443
20 0.14583333333333334 0.2388888888888889 0.043229166666666666 0.08611111111111111
26 0.25416666666666665 0.0 0.04895833333333333 0.07777777777777778
7 0.23854166666666668 0.3814814814814815 0.0546875 0.10925925925925926
61 0.7625 0.3638888888888889 0.041666666666666664 0.08333333333333333
56 0.19635416666666666 0.5981481481481481 0.04895833333333333 0.09814814814814815
48 0.4421875 0.025 0.09114583333333333 0.1814814814814815
53 0.48072916666666665 0.11296296296296296 0.07708333333333334 0.1527777777777778
8 0.30520833333333336 0.4148148148148148 0.08697916666666666 0.17222222222222222
32 0.9901041666666667 0.7564814814814815 0.009895833333333333 0.12962962962962962
46 0.8953125 0.4203703703703704 0.04375 0.08703703703703704
26 0.8875 0.26296296296296295 0.07135416666666666 0.14166666666666666
62 0.06614583333333333 0.43425925925925923 0.08489583333333334 0.1685185185185185
36 0.20208333333333334 0.15462962962962962 0.024479166666666666 0.049074074074074076
12 0.013020833333333334 0.04722222222222222 0.019270833333333334 0.03888888888888889
27 0.48020833333333335 0.3055555555555556 0.075 0.14907407407407408
23 0.2375 0.5435185185185185 0.015625 0.03148148148148148
38 0.7807291666666667 0.387037037037037 0.07604166666666666 0.15092592592592594
31 0.6348958333333333 0.09537037037037037 0.042708333333333334 0.08518518518518518
