7 0.053125 0.7787037037037037 0.06822916666666666 0.1361111111111111
54 0.65 0.10925925925925926 0.059895833333333336 0.11944444444444445
11 0.33229166666666665 0.0 0.071875 0.006481481481481481
3 0.596875 0.362962962962963 0.04114583333333333 0.0824074074074074
56 0.8713541666666667 0.5370370370370371 0.0109375 0.023148148148148147
45 0.9125 0.1259259259259259 0.059375 0.11851851851851852
11 0.009895833333333333 0.27870370370370373 0.06875 0.13703703703703704
22 0.10677083333333333 0.4324074074074074 0.06875 0.13703703703703704
2 0.8911458333333333 0.8379629629629629 0.0296875 0.05925925925925926
60 0.3234375 0.0 0.08333333333333333 0.15092592592592594
24 0.778125 0.8574074074074074 0.0234375 0.04722222222222222
14 0.28072916666666664 0.34629629629629627 0.030729166666666665 0.062037037037037036
16 0.9744791666666667 0.3962962962962963 0.025520833333333333 0.07407407407407407
60 0.4328125 0.375 0.06666666666666667 0.13240740740740742
53 0.020833333333333332 0.0 0.06666666666666667 0.13240740740740742
18 0.9286458333333333 0.0 0.07135416666666666 0.05092592592592592
14 0.45989583333333334 0.8638888888888889 0.06666666666666667 0.13240740740740742
39 0.884375 0.7398148148148148 0.015104166666666667 0.030555555555555555
42 0.5354166666666667 0.39351851851851855 0.08072916666666667 0.16018518518518518
32 0.95625 0.6916666666666667 0.030208333333333334 0.06111111111111111
