7 0.3890625 0.6481481481481481 0.008854166666666666 0.018518518518518517
J 0.8166666666666667 0.6351851851851852 0.0421875 0.08425925925925926
h 0.9244791666666666 0.0 0.07552083333333333 0.12685185185185185
W 0.0859375 0.8518518518518519 0.013020833333333334 0.026851851851851852
z 0.034895833333333334 0.03611111111111111 0.065625 0.13055555555555556
4 0.30833333333333335 0.0 0.07916666666666666 0.13055555555555556
n 0.1078125 0.65 0.0359375 0.07222222222222222
u 0.46458333333333335 0.7268518518518519 0.04635416666666667 0.09259259259259259
v 0.9651041666666667 0.43703703703703706 0.033854166666666664 0.06851851851851852
w 0.5885416666666666 0.8935185185185185 0.0484375 0.09722222222222222
r 0.059375 0.4462962962962963 0.035416666666666666 0.0712962962962963
D 0.20104166666666667 0.7444444444444445 0.014583333333333334 0.02962962962962963
D 0.21927083333333333 0.7148148148148148 0.022395833333333334 0.04537037037037037
Z 0.6328125 0.6268518518518519 0.0171875 0.03518518518518519
k 0.9411458333333333 0.38425925925925924 0.022916666666666665 0.046296296296296294
Q 0.8317708333333333 0.6944444444444444 0.06197916666666667 0.12407407407407407
R 0.2609375 0.562962962962963 0.009895833333333333 0.020370370370370372
B 0.33958333333333335 0.3194444444444444 0.0859375 0.17037037037037037
B 0.9458333333333333 0.06759259259259259 0.05416666666666667 0.13333333333333333
m 0.42552083333333335 0.0 0.04010416666666667 0.07222222222222222
