a 0.9140625 0.225 0.041666666666666664 0.5333333333333333
4 0.9619791666666667 0.7166666666666667 0.0609375 1.5546296296296296
6 0.8401041666666667 0.037037037037037035 0.0921875 0.2564814814814815
h 0.8375 0.6907407407407408 0.071875 1.5240740740740741
J 0.3645833333333333 0.5546296296296296 0.04895833333333333 1.2074074074074075
H 0.1375 0 0.04635416666666667 0.006481481481481481
c 0.04375 0 0.07760416666666667 -0.08703703703703704
s 0.1703125 0.7564814814814815 0.084375 1.6805555555555556
r 0.7239583333333334 0.5370370370370371 0.041666666666666664 1.1564814814814814
d 0.0036458333333333334 0.8518518518518519 0.05572916666666667 1.8148148148148149
L 0.35885416666666664 0.287962962962963 0.06927083333333334 0.7138888888888889
s 0.9677083333333333 0.42962962962962964 0.06666666666666667 0.9916666666666667
w 0.7119791666666667 0.5925925925925926 0.08854166666666667 1.3611111111111112
m 0.29583333333333334 0.2564814814814815 0.046875 0.6064814814814815
t 0.7765625 0.6111111111111112 0.008854166666666666 1.2407407407407407
r 0.15416666666666667 0.47314814814814815 0.0140625 0.975925925925926
k 0.7166666666666667 0.45740740740740743 0.0609375 1.0361111111111112
j 0.2989583333333333 0.7212962962962963 0.08854166666666667 1.6185185185185185
0 0.5703125 0.2824074074074074 0.06302083333333333 0.6898148148148148
Y 0.4901041666666667 0.9333333333333333 0.023958333333333335 1.9148148148148147
