b 0.21197916666666666 0 0.06666666666666667 0.07592592592592592
b 0.5307291666666667 0.19537037037037036 0.04635416666666667 0.48333333333333334
R 0.4786458333333333 0.762962962962963 0.05260416666666667 1.6305555555555555
7 0.39895833333333336 0.125 0.05572916666666667 0.3611111111111111
i 0.2390625 0.4740740740740741 0.07864583333333333 1.1046296296296296
f 0.24479166666666666 0.14907407407407408 0.0671875 0.43148148148148147
p 0.3067708333333333 0.8546296296296296 0.03333333333333333 1.775925925925926
8 0.9875 0.8314814814814815 0.03958333333333333 1.7425925925925927
b 0.28489583333333335 0.24351851851851852 0.0171875 0.5222222222222223
v 0.7036458333333333 0.3074074074074074 0.053125 0.7212962962962963
5 0.1828125 0.1537037037037037 0.026041666666666668 0.36018518518518516
g 0.23177083333333334 0.2935185185185185 0.0078125 0.6027777777777777
8 0.8223958333333333 0.018518518518518517 0.0640625 0.1648148148148148
v 0.5723958333333333 0 0.04895833333333333 0.013888888888888888
B 0.7442708333333333 0.075 0.05 0.25
x 0.6760416666666667 0 0.07291666666666667 0.09537037037037037
0 0.8963541666666667 0.4185185185185185 0.065625 0.9675925925925926
E 0.4546875 0.4046296296296296 0.011458333333333333 0.8324074074074074
d 0.9651041666666667 0.5194444444444445 0.016145833333333335 1.0722222222222222
0 0.3578125 0.14907407407407408 0.0890625 0.475
