c 0.39427083333333335 0.22777777777777777 0.03958333333333333 0.5342592592592592
y 0.39895833333333336 0.637962962962963 0.06614583333333333 1.4074074074074074
e 0.22604166666666667 0.637962962962963 0.049479166666666664 1.375
D 0.5963541666666666 0.5592592592592592 0.07916666666666666 1.275925925925926
x 0.7151041666666667 0.6824074074074075 0.08645833333333333 1.537037037037037
W 0.4765625 0.6370370370370371 0.0067708333333333336 1.287962962962963
h 0.7182291666666667 0.6648148148148149 0.07447916666666667 1.4777777777777779
c 0.2734375 0.5657407407407408 0.0859375 1.3018518518518518
U 0.9947916666666666 0 0.0671875 0.05
X 0.5739583333333333 0.27685185185185185 0.052083333333333336 0.6574074074074074
m 0.8786458333333333 0.5916666666666667 0.058333333333333334 1.3
3 0.8088541666666667 0.9101851851851852 0.03958333333333333 1.8990740740740741
X 0.23125 0.2388888888888889 0.046875 0.5712962962962963
i 0.409375 0.812962962962963 0.059375 1.7444444444444445
c 0.8182291666666667 0.6203703703703703 0.07395833333333333 1.387037037037037
v 0.0010416666666666667 0.6685185185185185 0.04114583333333333 1.4194444444444445
s 0.415625 0.5342592592592592 0.036458333333333336 1.1416666666666666
M 0.30104166666666665 0 0.03229166666666667 -0.026851851851851852
s 0.421875 0.19166666666666668 0.05520833333333333 0.4935185185185185
i 0.26510416666666664 0.011111111111111112 0.059895833333333336 0.14166666666666666
