15 0.47552083333333334 0.5203703703703704 0.0296875 0.05925925925925926
34 0.4901041666666667 0.19907407407407407 0.0859375 0.17037037037037037
62 0.8703125 0.5981481481481481 0.042708333333333334 0.08611111111111111
4 0.4869791666666667 0.6435185185185185 0.057291666666666664 0.11388888888888889
18 0.22552083333333334 0.0 0.0125 0.021296296296296296
32 0.6265625 0.5037037037037037 0.09166666666666666 0.1814814814814815
26 0.3890625 0.023148148148148147 0.09270833333333334 0.18425925925925926
32 0.21354166666666666 0.4564814814814815 0.03958333333333333 0.0787037037037037
41 0.00625 0.23425925925925925 0.013020833333333334 0.025925925925925925
49 0.3578125 0.26851851851851855 0.013020833333333334 0.025925925925925925
35 0.9609375 0.2777777777777778 0.0390625 0.16203703703703703
40 0.13020833333333334 0.9027777777777778 0.03854166666666667 0.07777777777777778
7 0.8723958333333334 0.21296296296296297 0.040625 0.08148148148148149
11 0.31875 0.2175925925925926 0.08072916666666667 0.16018518518518518
6 0.8682291666666667 0.0 0.09322916666666667 0.09537037037037037
3 0.5802083333333333 0.062037037037037036 0.0515625 0.10277777777777777
8 0.109375 0.7888888888888889 0.022916666666666665 0.046296296296296294
48 0.19010416666666666 0.007407407407407408 0.023958333333333335 0.04814814814814815
60 0.415625 0.08796296296296297 0.008333333333333333 0.016666666666666666
31 0.3307291666666667 0.8203703703703704 0.08802083333333334 0.17407407407407408
