16 0.6364583333333333 0.7157407407407408 0.08697916666666666 0.17222222222222222
56 0.010416666666666666 0.25833333333333336 0.015625 0.032407407407407406
18 0.6635416666666667 0.8444444444444444 0.027083333333333334 0.05462962962962963
38 0.7197916666666667 0.5296296296296297 0.04739583333333333 0.09444444444444444
53 0.428125 0.7064814814814815 0.049479166666666664 0.09907407407407408
61 0.0984375 0.8444444444444444 0.06354166666666666 0.12685185185185185
61 0.035416666666666666 0.7620370370370371 0.0171875 0.03518518518518519
34 0.3411458333333333 0.16111111111111112 0.029166666666666667 0.058333333333333334
36 0.8489583333333334 0.6898148148148148 0.0546875 0.10833333333333334
7 0.03177083333333333 0.17962962962962964 0.034895833333333334 0.06944444444444445
48 0.37395833333333334 0.0 0.084375 0.03518518518518519
42 0.7927083333333333 0.22314814814814815 0.023958333333333335 0.049074074074074076
27 0.08020833333333334 0.7185185185185186 0.09270833333333334 0.18425925925925926
36 0.7583333333333333 0.2601851851851852 0.03697916666666667 0.07407407407407407
62 0.6833333333333333 0.4861111111111111 0.08125 0.16203703703703703
34 0.35 0.0 0.020833333333333332 0.018518518518518517
27 0.69375 0.725925925925926 0.023958333333333335 0.04814814814814815
25 0.10104166666666667 0.6620370370370371 0.04635416666666667 0.09259259259259259
37 0.8104166666666667 0.3287037037037037 0.0265625 0.053703703703703705
4 0.1640625 0.0 0.019791666666666666 0.023148148148148147
