20 0.6729166666666667 0.4462962962962963 0.015104166666666667 0.030555555555555555
3 0.1984375 0.8398148148148148 0.018229166666666668 0.037037037037037035
59 0.5067708333333333 0.6861111111111111 0.005208333333333333 0.012037037037037037
61 0.4661458333333333 0.0 0.07760416666666667 0.0787037037037037
21 0.375 0.4425925925925926 0.027083333333333334 0.05462962962962963
47 0.5046875 0.55 0.07708333333333334 0.1527777777777778
4 0.5385416666666667 0.2037037037037037 0.059375 0.11851851851851852
37 0.8927083333333333 0.7194444444444444 0.035416666666666666 0.07037037037037037
51 0.14010416666666667 0.1527777777777778 0.008333333333333333 0.017592592592592594
26 0.9713541666666666 0.1111111111111111 0.028645833333333332 0.08703703703703704
55 0.3260416666666667 0.42314814814814816 0.04114583333333333 0.08148148148148149
24 0.12395833333333334 0.3212962962962963 0.0078125 0.016666666666666666
32 0.4140625 0.1175925925925926 0.08958333333333333 0.17777777777777778
55 0.18697916666666667 0.5092592592592593 0.08385416666666666 0.16666666666666666
8 0.14166666666666666 0.6851851851851852 0.022916666666666665 0.046296296296296294
24 0.953125 0.7601851851851852 0.008854166666666666 0.018518518518518517
17 0.5020833333333333 0.37407407407407406 0.029166666666666667 0.05925925925925926
4 0.5260416666666666 0.30092592592592593 0.028125 0.05648148148148148
50 0.6166666666666667 0.8333333333333334 0.03854166666666667 0.07777777777777778
9 0.11614583333333334 0.0 0.06145833333333333 0.09722222222222222
