I 0.5932291666666667 0.14722222222222223 0.025 0.34444444444444444
O 0.5416666666666666 0.6398148148148148 0.05416666666666667 1.387037037037037
8 0.12239583333333333 0.33425925925925926 0.06354166666666666 0.7944444444444444
F 0.43802083333333336 0 0.07760416666666667 -0.1425925925925926
b 0.3307291666666667 0 0.09010416666666667 -0.17037037037037037
s 0.25729166666666664 0.16666666666666666 0.0203125 0.375
L 0.3984375 0.2916666666666667 0.0359375 0.6555555555555556
5 0.8078125 0.1685185185185185 0.04739583333333333 0.43148148148148147
P 0.3078125 0.95 0.0078125 1.9166666666666667
V 0.8046875 0.5796296296296296 0.033854166666666664 1.2277777777777779
c 0.2791666666666667 0.6462962962962963 0.07760416666666667 1.4472222222222222
n 0.4875 0.7537037037037037 0.06510416666666667 1.637037037037037
0 0.5947916666666667 0.55 0.050520833333333334 1.200925925925926
P 0.42135416666666664 0.16944444444444445 0.03958333333333333 0.4185185185185185
c 0.29322916666666665 0.7055555555555556 0.06041666666666667 1.5314814814814814
T 0.3333333333333333 0.49907407407407406 0.016666666666666666 1.0324074074074074
B 0.24010416666666667 0 0.09166666666666666 -0.003703703703703704
8 0.8317708333333333 0.5361111111111111 0.078125 1.2277777777777779
0 0.8130208333333333 0.2388888888888889 0.0578125 0.5935185185185186
b 0.2296875 0.7509259259259259 0.0359375 1.5740740740740742
