48 0.6859375 0.5842592592592593 0.06145833333333333 0.12222222222222222
49 0.13072916666666667 0.0 0.065625 0.05925925925925926
33 0.9817708333333334 0.24444444444444444 0.018229166666666668 0.1361111111111111
25 0.28072916666666664 0.03888888888888889 0.021354166666666667 0.04259259259259259
58 0.8510416666666667 0.6314814814814815 0.051041666666666666 0.10185185185185185
6 0.7973958333333333 0.637962962962963 0.008333333333333333 0.017592592592592594
62 0.5276041666666667 0.5046296296296297 0.059375 0.11851851851851852
27 0.7041666666666667 0.175 0.025 0.05092592592592592
36 0.821875 0.7231481481481481 0.05 0.09907407407407408
50 0.0328125 0.11481481481481481 0.0078125 0.016666666666666666
18 0.103125 0.017592592592592594 0.0296875 0.05925925925925926
36 0.7953125 0.7833333333333333 0.058854166666666666 0.11666666666666667
63 0.2375 0.2759259259259259 0.08541666666666667 0.17037037037037037
41 0.9802083333333333 0.06018518518518518 0.019791666666666666 0.15
59 0.821875 0.11388888888888889 0.0671875 0.13333333333333333
51 0.27239583333333334 0.0 0.06510416666666667 0.11574074074074074
27 0.4 0.0 0.09114583333333333 0.14814814814814814
2 0.86875 0.7231481481481481 0.0875 0.17407407407407408
2 0.8317708333333333 0.8861111111111111 0.022395833333333334 0.04537037037037037
53 0.28802083333333334 0.7768518518518519 0.04791666666666667 0.09537037037037037
