n 0.4973958333333333 0.6212962962962963 0.08072916666666667 1.4027777777777777
b 0.3463541666666667 0.06666666666666667 0.041666666666666664 0.21666666666666667
p 0.4817708333333333 0.6916666666666667 0.046875 1.4768518518518519
H 0.890625 0.09166666666666666 0.084375 0.3509259259259259
H 0.6109375 0.6166666666666667 0.03697916666666667 1.3064814814814816
c 0.4588541666666667 0.37037037037037035 0.07916666666666666 0.8981481481481481
y 0.034375 0.7435185185185185 0.0875 1.6611111111111112
V 0.984375 0.24259259259259258 0.05572916666666667 0.5962962962962963
q 0.2265625 0.2462962962962963 0.057291666666666664 0.6064814814814815
n 0.1046875 0.11018518518518519 0.020833333333333332 0.262037037037037
t 0.6677083333333333 0.5453703703703704 0.0140625 1.1203703703703705
W 0.9229166666666667 0.45740740740740743 0.065625 1.0453703703703703
W 0.9109375 0.6916666666666667 0.020833333333333332 1.4259259259259258
s 0.6239583333333333 0.41759259259259257 0.009895833333333333 0.8555555555555555
o 0.09166666666666666 0 0.08802083333333334 0.10185185185185185
1 0.39375 0.5388888888888889 0.0828125 1.2425925925925927
4 0.078125 0.8546296296296296 0.07239583333333334 1.8537037037037036
d 0.011979166666666667 0.9268518518518518 0.011979166666666667 1.8777777777777778
N 0.8177083333333334 0.38796296296296295 0.013020833333333334 0.8027777777777778
s 0.3932291666666667 0.8555555555555555 0.022916666666666665 1.7574074074074073
