25 0.8104166666666667 0.875 0.041666666666666664 0.08333333333333333
52 0.18541666666666667 0.5814814814814815 0.017708333333333333 0.03611111111111111
6 0.45677083333333335 0.175 0.09270833333333334 0.18425925925925926
58 0.9848958333333333 0.6953703703703704 0.015104166666666667 0.17962962962962964
27 0.9114583333333334 0.662962962962963 0.084375 0.1675925925925926
10 0.32135416666666666 0.34814814814814815 0.08385416666666666 0.16666666666666666
51 0.10520833333333333 0.8111111111111111 0.0671875 0.13333333333333333
40 0.9869791666666666 0.549074074074074 0.013020833333333334 0.04259259259259259
33 0.2625 0.3712962962962963 0.0125 0.025925925925925925
27 0.20885416666666667 0.1675925925925926 0.028125 0.05648148148148148
26 0.7640625 0.4027777777777778 0.0421875 0.08425925925925926
6 0.5921875 0.39351851851851855 0.0796875 0.15833333333333333
5 0.540625 0.7212962962962963 0.0578125 0.11574074074074074
11 0.42239583333333336 0.5148148148148148 0.08802083333333334 0.175
31 0.08333333333333333 0.6990740740740741 0.025 0.05092592592592592
31 0.890625 0.0 0.09166666666666666 0.04814814814814815
30 0.6916666666666667 0.28703703703703703 0.008333333333333333 0.016666666666666666
22 0.6390625 0.14166666666666666 0.040625 0.08148148148148149
2 0.09375 0.3712962962962963 0.049479166666666664 0.09814814814814815
26 0.40572916666666664 0.06944444444444445 0.040625 0.08148148148148149
