28 0.9723958333333333 0.44537037037037036 0.027604166666666666 0.1
19 0.18697916666666667 0.15833333333333333 0.0078125 0.016666666666666666
32 0.5927083333333333 0.06111111111111111 0.027083333333333334 0.053703703703703705
37 0.2864583333333333 0.7916666666666666 0.033854166666666664 0.06851851851851852
20 0.5854166666666667 0.6416666666666667 0.042708333333333334 0.08518518518518518
18 0.9 0.825 0.025520833333333333 0.05092592592592592
28 0.603125 0.2712962962962963 0.019791666666666666 0.03981481481481482
42 0.19739583333333333 0.0 0.065625 0.05185185185185185
5 0.565625 0.22777777777777777 0.027083333333333334 0.05462962962962963
46 0.8677083333333333 0.6842592592592592 0.053125 0.10555555555555556
49 0.7015625 0.0 0.09010416666666667 0.04351851851851852
4 0.915625 0.5333333333333333 0.021875 0.044444444444444446
50 0.5145833333333333 0.6212962962962963 0.08072916666666667 0.16018518518518518
17 0.465625 0.6157407407407407 0.06770833333333333 0.13518518518518519
2 0.9510416666666667 0.8583333333333333 0.030729166666666665 0.062037037037037036
59 0.15104166666666666 0.48518518518518516 0.06354166666666666 0.12685185185185185
44 0.7286458333333333 0.8231481481481482 0.009895833333333333 0.021296296296296296
29 0.39479166666666665 0.7129629629629629 0.06354166666666666 0.12685185185185185
12 0.675 0.48055555555555557 0.009895833333333333 0.021296296296296296
39 0.9671875 0.825 0.0328125 0.11851851851851852
