T 0.03177083333333333 0.4666666666666667 0.03229166666666667 0.06481481481481481
K 0.621875 0.22962962962962963 0.09322916666666667 0.18425925925925926
b 0.11822916666666666 0.6240740740740741 0.028645833333333332 0.05740740740740741
K 0.8651041666666667 0.3212962962962963 0.0875 0.17407407407407408
G 0.5421875 0.41944444444444445 0.090625 0.17962962962962964
d 0.10989583333333333 0.05740740740740741 0.0328125 0.06574074074074074
E 0.8661458333333333 0.06111111111111111 0.0375 0.075
X 0.3614583333333333 0.05092592592592592 0.06145833333333333 0.12222222222222222
2 0.07864583333333333 0.26296296296296295 0.00625 0.012962962962962963
n 0.2703125 0.2074074074074074 0.08072916666666667 0.16111111111111112
C 0.2609375 0.19166666666666668 0.021354166666666667 0.04351851851851852
e 0.7973958333333333 0.4685185185185185 0.053125 0.10555555555555556
b 0.07864583333333333 0.0824074074074074 0.033854166666666664 0.06851851851851852
T 0.021875 0.7574074074074074 0.08020833333333334 0.15925925925925927
f 0.7088541666666667 0.007407407407407408 0.0875 0.17407407407407408
k 0.4510416666666667 0.8046296296296296 0.059895833333333336 0.11944444444444445
1 0.875 0.8231481481481482 0.03802083333333333 0.07592592592592592
Q 0.31979166666666664 0.7935185185185185 0.030729166666666665 0.06111111111111111
t 0.0265625 0.7574074074074074 0.05677083333333333 0.11296296296296296
s 0.23645833333333333 0.39537037037037037 0.065625 0.13055555555555556
