57 0.9895833333333334 0.22407407407407406 0.010416666666666666 0.04351851851851852
54 0.6072916666666667 0.7296296296296296 0.03333333333333333 0.06666666666666667
23 0.6286458333333333 0.6759259259259259 0.025 0.05
47 0.7546875 0.7555555555555555 0.06770833333333333 0.13518518518518519
4 0.07708333333333334 0.36666666666666664 0.090625 0.18055555555555555
26 0.6703125 0.09814814814814815 0.03177083333333333 0.06296296296296296
54 0.17552083333333332 0.8444444444444444 0.06927083333333334 0.13796296296296295
54 0.396875 0.862037037037037 0.022916666666666665 0.046296296296296294
24 0.2359375 0.3962962962962963 0.07864583333333333 0.15648148148148147
28 0.022395833333333334 0.2064814814814815 0.08229166666666667 0.1638888888888889
33 0.05260416666666667 0.33425925925925926 0.046875 0.09351851851851851
34 0.15729166666666666 0.4861111111111111 0.058333333333333334 0.11666666666666667
15 0.05416666666666667 0.2518518518518518 0.025 0.05092592592592592
51 0.30052083333333335 0.40555555555555556 0.0734375 0.14537037037037037
57 0.7026041666666667 0.6416666666666667 0.022916666666666665 0.046296296296296294
57 0.84375 0.7907407407407407 0.05364583333333333 0.10740740740740741
63 0.9989583333333333 0.8796296296296297 0.0010416666666666667 0.032407407407407406
5 0.2916666666666667 0.2759259259259259 0.03802083333333333 0.07592592592592592
26 0.7432291666666667 0.4111111111111111 0.08385416666666666 0.16666666666666666
13 0.6369791666666667 0.45092592592592595 0.09270833333333334 0.18425925925925926
