60 0.140625 0.35462962962962963 0.09322916666666667 0.18518518518518517
40 0.828125 0.5685185185185185 0.023958333333333335 0.04814814814814815
39 0.7677083333333333 0.7907407407407407 0.07916666666666666 0.1574074074074074
60 0.6239583333333333 0.7583333333333333 0.07604166666666666 0.15185185185185185
11 0.56875 0.5055555555555555 0.0359375 0.0712962962962963
35 0.79375 0.6796296296296296 0.049479166666666664 0.09907407407407408
54 0.365625 0.6768518518518518 0.022395833333333334 0.04537037037037037
35 0.6161458333333333 0.4898148148148148 0.0921875 0.18333333333333332
37 0.9552083333333333 0.38055555555555554 0.04479166666666667 0.09074074074074075
4 0.2734375 0.587037037037037 0.05 0.1
63 0.5890625 0.39166666666666666 0.008333333333333333 0.017592592592592594
9 0.525 0.14629629629629629 0.06979166666666667 0.13796296296296295
38 0.9333333333333333 0.5685185185185185 0.03177083333333333 0.06388888888888888
37 0.9963541666666667 0.19907407407407407 0.0036458333333333334 0.17222222222222222
53 0.24583333333333332 0.8462962962962963 0.0203125 0.041666666666666664
37 0.8151041666666666 0.812037037037037 0.08333333333333333 0.16574074074074074
29 0.13333333333333333 0.05185185185185185 0.0140625 0.028703703703703703
11 0.2557291666666667 0.5453703703703704 0.0828125 0.1638888888888889
50 0.15104166666666666 0.09537037037037037 0.008333333333333333 0.016666666666666666
46 0.18854166666666666 0.7944444444444444 0.049479166666666664 0.09907407407407408
