37 0.7760416666666666 0.8629629629629629 0.042708333333333334 0.08518518518518518
31 0.825 0.8305555555555556 0.0828125 0.1648148148148148
51 0.2640625 0.7675925925925926 0.0078125 0.01574074074074074
58 0.4505208333333333 0.850925925925926 0.034375 0.06851851851851852
18 0.2125 0.8157407407407408 0.08072916666666667 0.16111111111111112
45 0.5505208333333333 0.5611111111111111 0.08802083333333334 0.175
40 0.6458333333333334 0.31666666666666665 0.075 0.15
52 0.403125 0.6611111111111111 0.084375 0.1675925925925926
5 0.29270833333333335 0.0 0.07135416666666666 0.05277777777777778
5 0.075 0.0 0.08125 0.03518518518518519
43 0.6041666666666666 0.0 0.0546875 0.09814814814814815
58 0.9901041666666667 0.7148148148148148 0.009895833333333333 0.17314814814814813
52 0.19427083333333334 0.12962962962962962 0.08072916666666667 0.16018518518518518
63 0.89375 0.0 0.07447916666666667 0.040740740740740744
46 0.021875 0.9537037037037037 0.013020833333333334 0.026851851851851852
5 0.9942708333333333 0.35462962962962963 0.005729166666666666 0.09259259259259259
26 0.2109375 0.0 0.08802083333333334 0.0962962962962963
28 0.3416666666666667 0.0 0.05364583333333333 0.001851851851851852
56 0.7145833333333333 0.21388888888888888 0.0140625 0.028703703703703703
32 0.21927083333333333 0.7509259259259259 0.08541666666666667 0.17037037037037037
